100
77 70 4 57 5 57 69 20 39 59 78 1 99 92 82 86 79 29 88 13 58 80 86 34 16 94 92 54 31 82 46 98 99 59 45 6 69 59 0 56 96 41 30 8 55 41 17 62 0 78 42 0 99 82 50 3 50 4 28 52 86 64 6 39 22 64 68 20 88 88 7 60 39 40 80 60 13 33 88 78 30 13 68 41 49 44 99 98 41 57 30 60 73 46 96 28 36 4 23 79 
66 3 8 34 27 32 21 41 43 29 73 39 22 27 94 45 88 35 28 95 13 46 14 58 64 79 34 3 62 65 44 93 53 74 65 81 56 29 68 58 94 14 61 40 84 7 73 95 43 99 52 77 14 0 58 55 92 59 55 47 85 70 42 32 19 65 18 64 50 42 7 34 20 76 86 25 98 10 77 63 67 51 30 95 25 88 12 30 40 50 99 19 66 80 59 17 34 85 24 44 
85 63 0 81 10 68 64 90 68 92 8 62 7 56 35 66 76 54 2 48 10 48 89 1 87 60 21 23 29 14 86 2 68 88 93 92 4 29 45 65 95 59 25 46 12 74 30 65 67 4 91 14 94 5 65 42 81 38 72 68 95 59 52 79 92 29 78 49 67 81 23 35 66 54 68 53 67 55 93 99 17 61 20 97 86 25 21 76 29 52 8 16 29 90 80 21 8 67 25 92 
86 72 21 99 41 87 35 52 26 51 94 82 6 81 79 76 84 36 11 99 28 89 59 81 30 34 60 17 39 89 10 19 67 16 76 50 44 15 83 18 22 19 10 24 98 76 90 54 39 17 48 88 10 52 87 3 27 5 72 1 37 51 35 5 22 21 52 53 77 0 54 76 51 31 91 54 70 21 86 83 68 46 65 72 44 21 25 71 19 38 92 48 62 1 23 35 78 11 36 43 
39 31 80 92 89 18 12 99 55 97 22 77 66 82 6 82 89 16 47 76 45 23 78 18 93 78 82 42 35 35 83 75 26 48 85 98 53 45 71 32 16 54 48 23 41 86 46 50 26 75 21 93 73 45 56 49 21 68 72 61 50 77 83 28 95 34 66 3 1 30 64 9 19 66 88 61 0 84 88 78 44 6 4 33 29 11 38 86 31 79 85 16 88 57 31 49 47 6 69 29 
71 58 20 29 92 87 28 27 71 82 35 89 33 73 45 79 27 49 29 89 50 2 64 50 8 13 23 21 58 71 95 17 66 22 27 45 54 18 61 35 9 16 90 38 78 69 67 20 8 91 54 31 26 37 63 4 24 46 1 97 82 30 89 13 69 37 67 66 40 33 54 16 17 41 21 2 17 82 21 27 39 9 42 56 7 13 25 84 63 72 14 16 96 79 95 61 85 92 94 30 
43 17 27 71 50 22 72 31 49 75 17 39 3 37 93 17 97 65 80 14 11 0 54 64 16 87 94 60 18 10 7 66 95 86 4 55 53 35 8 4 89 76 94 63 14 9 7 77 99 45 5 12 88 6 42 64 64 25 87 41 6 86 59 38 33 49 9 33 78 18 45 26 89 97 53 50 18 77 13 23 84 88 68 3 27 17 13 86 27 24 98 30 22 93 3 27 17 32 3 4 
4 29 55 75 83 44 55 18 64 5 34 60 7 61 31 41 53 30 84 71 70 11 47 95 89 72 36 26 75 84 90 57 74 94 32 98 52 40 31 70 11 17 31 58 86 35 67 90 74 93 52 95 99 59 69 84 80 72 23 15 28 54 29 57 83 0 3 66 29 12 41 68 54 56 1 74 31 31 55 60 31 20 7 88 77 50 27 0 11 63 70 36 88 60 94 16 49 98 41 69 
9 15 67 32 60 1 93 23 84 7 65 89 72 53 85 49 12 77 64 18 95 37 84 85 66 37 41 67 35 14 92 96 94 60 89 54 16 76 3 37 6 20 97 27 68 89 86 0 3 69 19 14 90 4 9 2 60 84 84 97 28 22 14 71 17 73 29 76 41 14 32 19 57 93 4 55 54 22 32 26 33 12 47 63 37 92 7 8 78 19 53 1 52 19 84 39 40 92 74 60 
13 67 29 23 7 12 39 50 95 70 63 48 62 41 64 92 45 7 22 31 25 64 35 80 84 96 62 13 63 26 1 54 4 5 22 69 63 52 38 21 86 47 28 54 89 57 17 29 47 95 82 69 62 84 37 84 42 37 44 43 49 38 63 86 51 76 75 65 94 94 43 10 64 95 63 92 81 28 74 83 96 40 80 49 7 92 61 55 94 96 5 61 6 33 29 60 43 61 1 44 
98 29 94 98 69 51 39 48 41 72 50 14 35 46 5 13 16 2 34 82 25 33 75 80 79 7 58 84 90 89 1 36 10 66 68 28 41 19 56 16 36 21 71 16 95 72 34 52 51 69 5 0 31 89 33 83 52 66 5 68 30 86 4 22 43 78 79 8 61 82 48 85 16 32 69 53 65 35 51 71 21 51 75 17 26 48 80 8 2 49 88 69 21 82 94 18 27 17 48 95 
40 9 93 79 29 15 75 42 69 40 12 40 51 97 99 56 17 9 60 92 27 9 15 52 99 73 58 86 45 55 67 9 44 17 88 87 78 38 97 22 86 62 84 92 55 95 81 5 40 96 55 32 72 14 55 84 59 74 60 95 35 70 81 54 46 85 70 56 1 30 85 73 12 86 57 95 3 59 99 12 33 3 26 50 68 42 57 48 28 85 42 31 96 58 37 34 67 51 35 2 
92 54 87 65 29 97 17 98 19 21 3 60 49 13 64 74 59 23 29 33 30 90 91 77 92 47 96 13 49 35 8 40 66 89 9 13 57 34 11 66 12 83 25 91 22 55 9 99 30 39 81 52 47 84 49 42 95 7 62 28 81 7 20 70 27 6 22 30 83 38 87 39 48 96 87 17 46 47 87 31 52 98 41 91 86 56 77 48 47 7 32 97 45 11 40 92 21 73 30 42 
79 0 17 70 87 80 91 9 85 64 69 34 20 43 22 67 37 13 11 10 54 54 62 91 33 64 78 20 82 77 44 13 68 64 11 18 24 68 37 70 83 14 82 21 37 25 17 13 50 67 20 23 61 67 30 68 8 21 59 66 15 7 22 82 57 41 67 49 34 34 60 7 64 8 21 82 75 34 42 51 88 85 65 80 64 85 87 95 41 96 72 13 61 76 34 96 62 93 53 70 
93 57 51 53 32 56 11 34 75 85 44 96 51 61 89 46 47 13 75 0 99 32 87 63 49 79 46 14 3 18 34 32 45 53 44 87 41 53 86 12 76 27 2 50 10 76 76 21 41 92 25 88 11 52 35 62 10 96 68 85 36 52 91 74 19 23 26 59 90 12 89 38 99 97 2 54 15 10 76 64 13 19 71 91 35 62 94 64 81 15 9 15 30 51 56 68 92 26 11 14 
68 40 42 25 39 20 61 70 50 18 8 32 16 62 37 94 78 8 54 5 70 26 15 75 47 14 1 48 54 7 86 21 45 54 33 45 34 21 97 17 73 67 69 86 65 11 36 52 59 50 4 96 34 59 60 98 77 67 55 47 35 56 29 30 3 78 62 65 4 2 29 98 38 36 61 48 77 4 50 90 71 72 81 39 88 81 51 34 72 96 36 55 32 20 35 29 97 15 4 65 
33 90 52 59 4 55 60 26 49 53 6 70 86 87 38 4 58 92 13 84 28 61 73 14 15 45 48 10 66 87 69 98 99 12 14 64 95 92 98 41 70 93 5 59 31 95 24 70 27 38 79 36 71 25 43 87 59 65 21 34 79 14 94 88 63 66 28 99 14 98 80 41 67 96 99 4 62 20 26 56 7 24 78 81 59 84 5 32 23 97 31 69 5 14 8 32 81 20 52 67 
95 14 8 90 0 48 3 59 1 79 72 58 98 73 65 17 37 60 64 95 36 10 32 83 61 52 19 89 22 46 46 80 74 10 12 30 59 64 54 77 85 94 92 44 5 59 7 95 85 25 26 97 21 64 46 95 13 18 12 41 79 2 55 66 94 30 27 71 70 78 37 88 52 98 21 39 23 68 91 74 43 84 24 89 86 16 37 10 84 36 15 1 20 46 46 30 26 13 64 0 
35 76 68 53 85 29 9 6 53 83 29 49 86 55 58 52 76 35 53 62 94 97 43 32 35 55 70 13 76 44 56 4 68 35 56 87 40 5 2 74 74 58 32 1 5 29 40 88 70 20 17 25 89 38 97 61 26 76 96 7 89 76 73 75 43 70 54 80 20 7 48 25 70 44 11 14 47 31 39 72 76 6 49 43 2 20 39 82 91 20 47 67 1 21 61 17 30 56 62 3 
11 0 98 23 49 32 90 96 67 33 81 26 66 45 71 6 69 51 11 37 92 25 13 14 55 47 97 60 60 95 50 89 19 12 64 56 20 96 4 74 55 91 91 18 4 48 43 81 25 30 38 28 7 95 67 78 89 49 4 4 17 42 73 33 9 43 67 74 81 31 38 91 0 74 93 69 34 79 95 15 52 26 95 97 47 86 17 31 37 82 47 28 97 75 99 32 60 93 84 71 
69 16 27 7 46 34 46 91 73 85 83 1 79 3 41 41 22 54 70 80 23 98 1 70 82 54 3 1 70 62 90 37 28 60 73 17 0 89 96 30 41 70 92 88 26 76 47 80 51 32 86 64 20 81 38 62 69 71 28 66 20 0 52 17 96 6 78 81 98 5 43 86 65 70 44 32 20 46 69 19 36 62 33 88 77 69 35 18 39 47 35 74 14 98 16 55 15 18 39 43 
5 77 59 30 52 67 88 23 76 17 47 27 3 19 23 32 39 29 45 96 83 34 69 21 0 85 40 95 59 33 55 4 85 48 95 62 64 66 30 28 69 23 67 32 95 89 17 30 86 30 60 57 31 50 65 19 91 37 43 80 21 89 44 75 61 65 91 32 97 26 80 34 78 49 88 40 87 45 17 23 31 6 28 35 3 21 92 31 38 24 26 21 12 84 90 87 20 82 1 15 
5 82 17 81 4 7 69 48 45 12 87 17 97 52 70 32 30 12 31 50 76 95 70 61 50 92 20 76 7 40 97 82 40 63 28 46 75 69 72 0 33 54 61 55 51 10 83 38 97 58 48 51 11 50 7 20 98 12 73 88 13 36 49 38 6 54 36 51 76 92 67 40 51 67 80 74 15 4 15 45 94 73 51 27 30 71 1 15 97 3 87 91 87 68 85 79 86 77 65 55 
72 68 42 67 15 92 14 18 67 54 19 45 4 8 18 66 12 57 40 74 35 23 61 85 88 68 2 26 3 32 3 81 43 43 97 69 68 10 2 48 82 17 20 45 28 29 18 73 9 10 36 30 65 56 41 43 7 52 77 95 96 53 47 96 58 27 11 16 27 28 58 21 1 33 9 17 71 85 10 14 92 79 45 66 61 61 43 7 11 60 52 88 39 92 34 36 20 20 55 9 
49 37 97 94 77 86 96 32 21 13 15 75 71 89 96 59 58 87 99 14 56 97 5 79 25 39 79 24 84 94 1 57 46 29 6 84 41 65 67 74 59 45 5 2 46 83 74 52 81 85 92 39 96 49 30 14 64 70 63 45 65 69 16 14 7 69 12 68 83 56 49 74 57 11 47 15 85 97 85 14 54 80 53 19 15 2 64 78 68 9 90 15 36 89 83 93 61 55 61 69 
46 69 81 95 13 29 0 1 73 88 49 27 52 7 14 57 61 18 30 25 93 90 52 84 53 24 16 5 71 43 69 42 4 34 80 88 44 45 94 40 73 15 44 58 67 70 66 74 95 83 36 20 71 92 64 70 39 30 14 22 68 84 75 29 89 26 57 96 54 0 42 41 48 75 73 86 80 64 67 32 1 63 1 34 86 45 38 57 33 86 69 40 6 52 52 62 90 0 60 80 
87 41 92 97 43 16 55 41 54 36 72 91 52 61 32 49 81 31 80 28 86 25 12 2 8 72 5 73 53 8 65 60 94 97 3 54 54 43 56 8 40 13 99 20 36 90 31 22 91 49 62 85 6 82 31 99 18 60 92 92 80 66 81 47 99 11 90 48 93 22 6 2 91 85 51 31 73 63 91 0 32 46 39 49 42 96 63 42 30 79 11 41 48 86 44 24 79 15 33 28 
69 83 47 58 67 9 72 5 55 42 25 15 95 75 33 69 36 91 68 43 44 19 37 21 52 5 16 81 77 14 34 56 85 42 87 92 49 62 58 23 35 28 1 43 53 78 82 19 20 76 12 78 76 27 89 7 10 29 78 98 60 34 53 31 5 96 13 8 8 19 27 33 7 48 18 98 73 9 7 78 37 87 1 51 41 9 31 65 82 31 69 72 47 72 55 34 92 35 75 43 
72 86 22 89 81 18 32 50 30 4 66 88 44 61 34 56 6 3 68 40 13 4 7 40 81 42 56 93 73 40 25 40 63 49 81 35 79 41 88 6 71 22 29 82 33 79 95 52 14 86 77 66 76 98 0 62 53 67 15 14 16 95 23 6 20 35 9 50 28 66 99 54 10 74 58 53 20 16 94 17 30 53 96 46 59 14 79 82 23 46 18 62 5 9 88 30 99 57 34 75 
69 42 29 24 82 73 84 11 24 83 19 27 14 98 51 23 29 9 53 91 98 74 12 50 91 83 38 62 14 7 68 94 52 83 21 23 74 66 40 60 17 98 71 56 52 73 45 51 50 42 77 12 73 21 70 36 81 88 85 23 56 44 77 43 71 78 87 24 59 42 82 28 52 77 64 94 22 1 46 81 57 8 34 17 13 0 10 34 30 0 74 47 73 39 44 62 30 65 16 8 
10 43 15 34 83 87 28 6 3 66 45 37 60 75 34 50 65 70 85 99 60 79 92 73 94 61 77 84 46 93 13 93 87 50 17 61 20 67 74 24 55 10 60 67 27 18 49 99 54 92 35 34 6 69 32 58 44 99 63 8 97 46 16 4 12 22 22 85 62 6 3 34 69 59 40 8 51 72 76 14 11 74 41 75 13 42 6 91 66 6 75 41 80 32 60 72 38 22 9 28 
46 73 36 0 32 61 5 64 96 31 90 63 4 53 85 88 7 62 11 9 41 56 33 42 3 30 54 3 90 12 46 66 55 66 43 96 15 32 46 12 50 47 55 45 62 78 74 49 83 16 20 46 14 17 9 57 80 38 93 46 52 28 17 53 33 25 61 75 31 37 18 92 40 68 40 48 56 2 92 99 29 60 92 60 61 77 19 54 87 30 91 61 62 47 23 18 40 23 75 92 
67 6 77 77 77 44 69 55 29 28 77 65 9 18 55 75 52 22 49 2 85 3 81 82 10 67 5 42 70 58 25 43 27 74 62 23 74 93 96 30 91 97 9 49 4 84 3 78 72 20 24 40 15 38 90 24 67 36 92 74 8 28 52 11 57 90 72 5 1 20 51 28 19 39 64 99 15 32 72 65 24 20 12 10 19 28 76 29 79 53 44 98 61 65 8 9 77 55 92 67 
90 83 47 67 35 45 20 55 79 64 6 94 40 75 4 85 65 86 43 30 84 35 31 94 59 76 76 68 29 36 89 18 92 90 15 3 5 84 1 86 48 37 3 39 22 66 14 18 55 39 30 82 53 27 7 53 8 38 19 39 60 93 38 71 83 9 89 91 90 53 28 65 88 53 55 62 58 90 57 12 40 86 24 49 25 0 14 22 1 99 7 82 69 4 20 82 52 40 23 24 
72 16 40 97 25 39 76 94 76 36 32 80 26 11 97 81 30 12 60 43 79 79 89 87 77 61 74 78 22 84 38 20 16 82 8 25 3 64 9 25 2 39 14 82 3 81 64 62 32 68 17 90 27 56 44 61 73 76 16 13 18 84 11 39 15 1 93 39 16 90 43 33 96 49 63 43 30 60 76 73 10 3 8 15 35 23 59 70 5 41 52 64 78 39 13 45 60 33 11 1 
1 59 47 68 40 30 3 79 1 75 41 33 62 57 21 32 95 39 88 10 18 63 46 32 24 36 57 86 14 10 28 30 16 31 35 86 48 27 52 59 1 41 96 27 66 78 14 88 74 68 29 76 63 94 89 36 89 3 10 34 50 59 45 85 72 85 74 12 22 68 91 43 97 50 91 86 3 27 56 9 86 40 91 60 26 70 18 74 46 67 9 91 29 51 81 3 87 42 72 78 
31 68 45 64 50 77 65 6 13 21 79 39 72 31 20 85 55 14 98 30 9 34 40 84 1 40 10 83 30 46 39 59 2 15 17 94 99 49 20 38 96 2 17 18 92 52 21 71 38 63 92 58 82 22 19 58 4 41 61 62 70 17 43 79 44 51 9 53 53 22 63 54 53 26 2 26 87 11 34 21 58 12 38 19 17 61 94 53 89 57 51 54 53 36 80 79 5 74 30 31 
16 63 45 47 29 88 85 30 4 23 27 64 71 6 13 60 7 3 30 45 31 80 88 13 33 27 97 38 96 57 98 46 99 89 90 21 76 40 73 5 23 41 92 69 1 26 40 51 29 74 2 27 50 48 93 83 51 12 38 29 57 68 2 43 68 20 65 28 17 59 62 93 35 60 16 84 89 12 49 10 32 45 16 4 9 78 35 43 27 73 89 84 52 52 10 64 75 2 49 47 
94 39 42 25 91 35 22 78 23 9 44 64 46 0 4 87 42 64 87 35 94 89 19 91 4 49 35 75 60 6 43 98 66 94 6 92 69 59 41 54 6 77 96 70 68 45 18 52 25 65 44 32 33 98 96 88 59 88 22 71 74 51 43 93 67 93 64 34 72 28 61 62 49 4 70 61 4 78 0 59 83 31 58 43 91 4 58 18 96 66 35 33 85 34 38 49 94 91 99 95 
7 66 48 16 60 31 22 77 3 27 36 2 28 90 50 27 74 74 52 57 32 32 45 15 87 16 80 13 53 17 18 90 10 80 13 96 53 77 9 16 39 57 41 33 80 72 5 0 31 18 55 24 28 83 22 53 74 30 84 11 33 20 11 13 65 9 49 79 68 40 4 9 89 97 69 25 28 81 30 40 21 97 39 58 47 85 29 41 44 96 89 47 15 95 27 28 25 47 1 74 
2 97 23 50 98 90 3 44 42 37 30 64 31 59 13 72 67 55 70 76 59 13 57 40 93 61 6 12 91 35 67 88 46 94 84 89 55 54 9 41 63 54 90 55 91 33 51 37 40 58 92 27 31 92 72 60 55 61 70 76 57 27 18 73 52 99 37 84 60 15 99 29 71 10 84 40 82 56 16 61 71 62 84 95 88 55 22 44 27 92 78 19 37 12 60 45 62 16 38 80 
60 24 64 96 35 67 8 7 91 85 76 20 56 33 24 4 83 30 39 1 81 69 8 16 33 87 82 44 5 59 30 65 50 42 87 79 94 8 23 16 9 93 83 57 96 7 59 36 51 31 7 93 7 93 6 92 60 82 55 9 27 33 32 38 22 24 82 48 66 40 51 64 40 74 7 92 2 33 35 29 7 39 97 66 78 43 7 24 23 23 1 65 31 89 83 58 73 8 5 81 
84 8 29 21 2 95 49 33 61 83 89 56 98 33 28 90 77 53 79 89 15 83 36 44 21 31 24 45 43 32 38 76 99 59 79 67 67 45 39 31 84 61 59 76 63 87 81 38 47 11 53 26 48 35 0 24 0 1 39 87 75 53 57 2 52 31 25 15 99 96 1 42 31 65 72 20 61 87 40 60 94 73 58 21 4 43 76 55 34 23 58 6 9 26 8 70 46 99 6 53 
14 59 8 68 0 40 45 43 76 57 98 65 95 85 50 94 4 17 70 44 80 91 66 87 98 63 86 23 31 6 6 21 44 34 76 55 39 34 18 98 84 58 24 16 34 24 37 68 44 68 18 70 18 1 47 97 77 79 55 10 93 95 19 3 60 77 22 98 22 75 81 30 23 67 67 29 35 89 76 36 13 28 41 2 32 46 60 14 5 83 11 11 70 43 33 14 60 45 91 69 
50 43 65 33 42 45 83 5 60 59 36 68 83 79 1 77 5 77 57 64 71 8 31 78 40 36 57 53 53 67 88 6 64 34 15 10 10 67 4 47 37 98 73 9 51 79 25 22 58 81 31 60 49 87 10 87 69 17 42 30 48 68 41 70 50 97 72 87 22 13 21 47 26 99 4 86 56 34 14 55 29 4 29 15 66 45 83 88 70 44 19 81 53 11 9 87 60 34 98 59 
46 24 78 18 66 42 92 55 90 21 62 60 68 39 63 34 12 46 61 55 79 68 9 99 56 94 61 23 79 43 26 3 48 91 89 80 39 94 32 14 46 56 28 2 13 46 55 37 51 57 93 37 52 71 60 86 27 80 77 55 8 11 98 46 13 37 71 99 58 3 1 94 13 19 65 3 63 49 98 78 32 32 39 88 60 1 87 60 32 72 83 11 25 47 62 13 30 56 7 82 
5 64 47 86 51 75 76 5 94 70 26 55 26 94 26 19 43 30 96 80 60 51 68 74 69 32 63 20 80 59 55 80 68 93 76 14 47 71 29 7 56 17 82 95 91 28 4 65 65 4 34 83 85 13 59 54 59 93 89 48 51 83 84 96 70 83 99 97 15 62 23 18 74 72 48 68 68 4 82 14 36 62 16 13 8 23 72 62 93 48 18 51 38 26 62 92 60 21 69 22 
86 34 10 86 20 70 13 15 9 37 70 94 46 3 80 89 35 83 95 1 99 62 97 44 60 95 87 72 16 16 78 85 98 76 72 16 2 42 59 39 59 43 25 39 28 76 62 21 37 20 76 21 64 53 0 81 15 88 68 99 38 86 35 71 41 85 17 69 91 85 52 1 90 4 97 0 12 98 6 25 6 85 91 57 57 12 18 86 30 74 34 25 7 59 88 27 74 38 60 53 
36 45 75 46 26 73 60 41 66 86 70 33 65 41 51 96 77 53 17 91 87 26 77 63 82 15 57 41 36 56 40 58 80 27 70 80 91 0 27 2 93 85 30 34 8 15 34 46 89 93 81 52 33 63 64 86 21 9 41 68 46 77 88 4 27 23 47 78 85 69 9 25 36 50 72 92 69 14 47 64 69 46 47 40 48 36 50 0 81 32 47 89 57 79 48 23 44 45 3 31 
37 53 33 40 72 45 11 23 4 22 91 52 65 56 84 15 45 85 95 68 51 11 42 30 3 86 35 71 3 5 34 79 56 46 16 56 72 53 20 1 0 32 37 39 45 78 44 44 95 73 26 38 6 70 36 9 95 68 18 44 47 40 14 82 66 46 66 9 82 76 51 56 0 77 27 24 20 98 85 78 18 88 71 74 51 31 70 69 70 63 16 22 35 70 27 39 53 22 84 48 
18 64 83 27 93 8 44 70 38 35 46 57 62 92 6 43 92 97 90 60 80 13 90 56 21 18 12 18 23 2 68 50 84 72 71 85 71 17 1 81 26 48 31 41 90 50 51 87 78 13 77 80 24 60 52 6 20 20 83 89 36 47 53 37 22 27 38 11 78 36 36 61 12 69 22 51 97 58 35 41 34 27 83 58 75 8 29 28 57 67 83 73 59 95 57 1 42 74 76 30 
4 95 0 68 89 80 15 84 90 31 31 74 20 42 79 52 31 41 39 44 64 58 49 3 51 95 36 15 76 46 88 23 15 25 34 41 43 63 28 50 22 29 47 54 53 6 98 89 74 52 9 62 43 44 63 23 52 80 5 79 83 86 57 86 10 28 36 39 62 78 34 94 32 0 64 45 2 48 35 73 52 63 19 25 58 83 0 44 11 41 1 79 33 31 94 15 0 88 46 76 
69 60 69 15 65 41 52 66 6 16 96 23 85 9 50 78 99 43 27 37 98 26 30 26 63 65 67 92 16 86 10 40 85 86 37 10 33 57 81 32 25 31 4 40 63 39 61 19 42 56 17 0 11 65 11 99 51 56 47 22 6 15 39 30 88 63 37 29 48 63 91 1 51 43 67 81 13 73 92 42 10 88 30 50 99 34 83 51 68 89 39 10 49 26 12 66 24 95 28 93 
74 82 71 73 87 50 62 76 74 55 68 44 91 16 43 28 38 55 39 44 44 32 73 55 87 19 1 45 38 10 11 75 77 57 34 33 33 77 12 53 62 80 5 6 68 92 67 19 14 72 9 83 29 19 87 45 10 10 95 68 9 12 45 26 63 46 9 54 82 73 69 55 94 93 63 45 51 63 13 41 19 59 45 57 68 16 80 13 52 97 2 89 70 93 4 18 41 98 27 54 
89 11 72 79 17 5 45 76 42 64 37 24 37 29 70 26 76 87 81 88 84 86 54 86 86 0 80 98 80 32 38 85 55 79 16 19 33 64 75 15 46 15 94 47 25 36 66 14 9 94 81 82 65 39 84 80 79 7 8 41 44 15 21 81 0 0 0 80 79 96 51 61 7 98 59 37 61 3 56 10 41 3 52 24 31 76 57 98 71 64 99 20 69 34 74 80 87 27 99 66 
16 75 21 65 72 77 69 90 4 48 13 88 41 70 79 67 21 69 19 11 13 92 92 17 59 96 52 32 47 41 7 60 94 92 58 67 94 57 45 56 48 58 25 1 87 19 32 10 94 24 78 18 9 78 89 74 27 98 58 76 24 56 61 22 28 14 98 95 64 76 37 36 78 66 81 37 79 67 36 10 79 0 69 89 69 94 13 36 73 81 93 44 77 4 55 24 43 98 70 17 
87 50 83 38 76 83 78 70 69 92 63 0 77 71 3 78 10 6 8 42 62 85 95 24 54 16 12 15 85 54 99 28 61 81 33 19 19 96 68 35 45 11 48 67 30 33 80 43 17 54 59 73 67 17 46 7 1 73 80 65 13 74 6 98 11 16 64 70 86 96 70 44 32 91 43 61 37 22 11 0 3 37 71 66 93 64 67 73 20 98 53 65 53 72 48 88 10 2 80 20 
39 76 43 79 85 81 66 62 30 74 59 8 74 60 33 81 45 27 95 87 83 44 45 50 97 21 2 39 97 46 10 53 98 51 16 57 61 51 2 67 64 28 91 99 24 54 61 85 53 26 21 89 94 16 95 95 77 42 50 37 75 14 91 99 18 25 24 23 62 18 83 5 12 43 20 9 18 32 88 27 45 9 0 76 64 55 55 53 25 68 28 15 6 54 34 83 52 51 35 92 
27 24 71 91 47 47 17 84 47 1 5 15 40 64 55 84 91 20 81 68 50 97 37 92 92 99 45 7 86 56 16 92 17 36 84 80 85 27 3 76 10 8 83 33 39 10 86 72 80 83 55 28 68 94 52 78 74 93 22 36 92 60 93 19 64 17 81 40 41 43 90 24 91 93 80 17 11 21 27 94 70 53 44 57 63 23 94 37 84 17 19 96 65 64 19 93 17 10 33 5 
38 86 64 43 20 53 45 54 45 64 66 76 18 10 95 22 38 30 61 85 72 14 93 83 65 32 90 63 84 36 75 31 77 70 64 37 97 74 5 54 91 24 14 62 16 27 35 45 27 91 37 67 89 10 41 87 51 83 35 97 43 66 25 61 77 67 86 99 97 49 57 5 14 26 42 52 27 54 69 7 76 25 44 24 68 81 6 98 75 85 43 94 88 75 93 53 21 73 3 15 
60 41 76 64 3 88 84 18 10 47 91 48 81 60 68 55 53 12 67 96 84 44 91 88 42 62 63 70 56 21 48 15 41 12 10 1 36 11 23 42 66 5 2 72 15 37 18 88 63 81 85 29 76 74 60 99 67 91 27 17 15 78 22 57 68 3 92 82 47 32 81 20 69 29 76 72 20 12 83 98 97 58 70 73 86 1 59 17 24 17 44 50 24 25 92 37 90 44 64 30 
92 71 68 44 36 24 86 24 14 13 99 85 65 82 99 31 83 30 76 24 40 96 91 81 12 78 97 0 49 92 39 73 80 57 80 54 13 45 57 28 34 79 10 83 97 56 90 30 23 51 62 13 61 83 81 70 80 22 10 19 89 63 45 48 17 86 44 50 12 3 30 44 99 75 20 10 79 34 32 8 48 93 29 19 87 47 35 40 91 34 14 83 64 11 50 13 66 74 50 1 
52 68 69 30 4 25 97 81 99 79 54 45 18 76 10 38 71 55 31 49 29 27 96 95 49 51 21 10 19 24 11 1 40 48 13 33 10 30 90 41 71 21 91 63 7 66 82 12 12 74 76 61 81 14 9 33 28 42 4 96 0 70 87 83 12 92 61 85 72 87 83 89 31 39 86 85 15 24 41 95 44 16 74 9 5 55 51 44 88 46 17 79 13 87 73 73 74 54 20 24 
77 2 56 78 80 99 17 69 49 27 25 37 49 92 96 15 87 19 11 19 19 13 5 51 83 81 97 74 70 76 67 26 9 17 24 6 31 65 60 50 74 26 6 24 79 16 1 35 80 99 10 76 87 5 46 45 85 49 77 95 60 39 38 72 3 55 93 67 67 98 9 47 45 79 94 70 62 45 21 4 5 12 18 54 72 12 53 51 60 13 35 60 80 59 72 43 52 84 67 32 
5 23 37 98 87 98 28 12 4 87 7 95 22 29 29 7 15 16 98 58 69 70 71 61 6 4 44 54 82 71 34 38 40 75 30 54 0 81 97 87 45 45 12 50 17 43 88 32 5 7 8 32 2 27 11 25 84 74 93 44 76 10 95 45 94 82 13 83 46 44 35 82 91 68 74 55 42 96 35 17 93 86 84 4 18 7 42 48 71 28 68 92 1 89 22 78 11 50 70 62 
14 86 97 33 86 38 60 26 17 83 22 49 59 68 67 23 34 10 68 72 67 31 31 87 33 7 27 19 4 25 52 8 27 24 41 76 14 38 56 61 97 3 26 27 1 82 99 18 76 8 99 44 41 71 50 0 21 32 76 12 21 58 14 96 82 58 53 46 3 44 3 12 28 54 47 62 1 13 76 43 31 23 31 31 48 69 93 72 30 10 17 51 96 15 90 10 23 90 59 58 
17 61 14 32 42 68 88 7 69 17 8 34 49 82 1 81 27 87 19 49 23 5 61 90 33 9 5 37 71 88 40 20 20 40 62 76 86 75 48 5 92 47 13 19 9 5 40 16 13 88 1 83 81 75 4 32 62 76 48 10 30 19 57 98 64 83 43 13 45 11 73 88 83 5 77 58 92 64 52 51 12 50 20 35 61 96 78 63 86 67 2 89 44 53 16 24 92 76 79 42 
32 8 88 0 54 25 40 17 37 33 33 55 62 24 92 0 59 58 51 52 33 90 52 21 78 25 81 65 85 31 40 53 13 91 32 10 95 0 20 64 61 13 85 82 95 83 73 28 37 89 57 23 46 46 52 88 36 46 50 95 48 1 94 54 69 61 31 59 79 88 53 26 36 92 44 42 85 46 25 92 17 43 85 6 84 82 34 7 55 67 42 65 4 72 69 39 7 51 7 18 
87 35 30 33 13 71 55 43 37 17 91 64 12 41 90 92 85 80 61 63 54 46 97 52 20 31 53 47 44 69 90 43 65 61 67 80 48 61 27 85 2 96 47 16 58 70 34 28 96 36 73 66 40 3 98 87 26 12 97 60 77 39 37 17 14 80 62 26 40 23 87 73 89 27 68 21 72 23 4 33 9 14 12 32 6 53 46 65 84 27 79 78 29 80 29 24 59 27 75 85 
97 23 14 80 21 2 84 12 26 39 88 17 79 20 87 86 48 82 56 50 1 95 98 59 50 18 31 88 44 28 40 74 8 58 79 39 85 56 44 20 54 98 58 15 80 67 5 10 72 62 74 53 45 1 70 54 59 78 46 80 17 34 95 15 57 5 4 63 80 20 69 14 38 66 11 60 31 99 15 23 14 67 63 62 57 48 57 70 32 67 55 71 22 8 73 99 32 18 61 58 
0 66 94 80 81 21 28 68 83 10 3 1 14 34 82 37 34 61 19 5 57 17 91 42 87 43 10 14 85 61 20 53 81 32 39 57 47 36 0 90 8 94 26 30 5 10 80 65 46 63 82 89 83 45 26 21 7 96 91 22 65 72 16 64 86 83 66 63 0 85 48 27 86 67 36 93 39 71 52 84 57 34 91 19 99 50 14 44 49 39 85 40 10 97 10 79 72 56 50 53 
77 74 27 40 57 68 68 68 12 15 67 55 77 96 26 61 47 53 34 69 44 18 10 51 76 73 86 73 53 83 24 54 24 10 99 45 22 78 63 77 47 67 39 75 67 6 99 32 22 64 23 75 14 8 26 94 3 48 35 39 51 33 76 44 60 61 52 17 83 96 4 36 63 96 22 2 83 39 54 89 92 28 21 74 63 74 15 95 11 76 96 1 56 15 7 38 84 73 83 88 
14 26 36 30 56 24 11 75 44 90 98 76 71 80 23 42 48 44 93 77 40 96 3 40 19 71 50 84 53 70 82 32 24 12 78 15 16 60 56 0 37 15 11 62 74 84 92 65 98 51 41 20 7 82 21 21 15 48 85 54 80 26 96 55 77 35 21 89 60 4 31 87 4 29 27 50 33 41 9 85 14 3 59 30 53 95 80 77 71 11 89 27 28 53 23 81 51 7 61 19 
20 80 72 39 23 54 91 33 86 14 2 2 4 79 85 10 48 91 50 29 90 68 18 52 80 94 94 69 41 72 40 11 0 46 33 5 34 5 38 20 57 13 43 22 7 26 18 4 58 65 12 68 95 81 73 25 56 60 40 97 44 65 42 6 62 37 30 27 4 6 33 67 47 28 54 97 53 63 79 24 39 81 96 53 94 31 46 28 46 68 18 29 60 20 91 83 98 98 33 41 
87 11 99 17 45 28 53 2 20 90 62 6 20 67 33 89 39 60 70 46 79 10 15 84 39 53 40 47 65 27 24 90 6 92 26 86 75 55 41 36 58 5 11 82 26 71 77 82 40 6 46 33 41 83 83 72 26 42 84 31 5 56 81 21 26 25 8 80 86 63 83 92 51 42 81 86 11 20 50 38 3 83 12 92 60 32 90 47 94 98 53 86 0 34 63 6 91 3 24 73 
94 13 52 37 46 65 26 64 64 71 38 6 32 14 61 2 20 33 64 98 89 54 91 16 17 2 12 14 67 94 65 81 22 74 2 61 4 2 85 78 96 29 72 86 46 3 30 66 68 91 38 39 84 70 74 64 2 35 16 27 20 85 5 92 50 53 14 72 83 57 97 4 55 3 38 36 97 26 18 5 9 81 55 77 5 0 69 10 55 28 46 70 85 79 57 10 26 71 68 63 
7 96 8 10 75 78 70 45 88 42 87 5 93 42 2 30 15 18 57 10 28 24 6 5 44 60 72 22 60 72 8 81 73 22 27 65 13 24 10 14 75 47 62 70 24 79 80 24 74 13 88 85 53 31 37 37 18 35 31 55 51 54 80 66 56 9 79 44 92 70 94 34 68 60 76 10 25 83 66 91 29 8 69 79 0 46 26 99 60 55 45 49 27 14 80 86 65 92 67 61 
80 24 80 60 36 68 5 59 37 85 61 47 85 14 3 19 27 55 87 44 80 18 63 84 58 12 68 9 77 89 5 80 21 46 60 57 36 46 99 73 79 73 73 17 44 56 34 49 46 25 47 88 34 61 22 19 41 61 80 49 77 93 80 87 35 9 46 29 3 7 82 46 58 47 83 39 64 55 1 96 48 40 4 75 17 65 57 9 44 15 96 52 60 9 64 69 15 25 58 68 
5 27 59 7 55 67 86 50 31 99 94 10 98 54 84 5 12 59 97 35 0 97 7 95 3 62 46 19 44 34 65 44 72 55 64 97 32 4 40 1 28 19 42 88 17 43 59 76 71 97 88 91 91 46 51 86 31 78 41 86 26 97 95 91 71 59 55 40 27 40 18 87 12 71 43 58 20 3 47 63 75 50 26 75 63 25 61 57 42 36 20 35 4 66 90 28 19 32 50 7 
47 59 93 67 50 54 95 64 58 55 63 81 12 31 79 7 10 8 4 67 33 54 35 94 54 1 53 50 76 80 67 20 77 83 2 79 84 54 79 10 36 23 81 19 2 82 6 2 2 91 10 42 69 98 63 8 48 50 33 8 80 68 82 80 5 39 90 4 6 24 25 38 14 76 11 3 67 96 23 57 37 71 91 53 37 95 10 54 63 21 40 5 79 24 17 95 80 14 76 69 
96 20 82 67 64 63 87 24 14 97 73 61 25 73 7 0 17 21 73 57 90 99 16 50 50 34 26 1 1 8 73 16 77 87 15 86 57 85 55 75 90 22 18 92 68 31 60 58 33 31 31 70 15 81 90 43 85 9 46 82 24 66 79 81 44 4 95 24 48 68 6 57 73 49 97 51 80 29 67 57 30 80 53 11 86 72 75 46 51 9 37 19 93 16 51 36 16 10 70 1 
83 58 84 60 23 30 99 82 30 17 67 60 76 34 23 59 19 13 29 96 48 16 28 67 0 67 77 9 45 88 83 59 14 48 17 40 82 26 72 73 50 20 23 64 55 43 48 33 11 46 17 70 3 51 27 40 25 10 41 54 80 96 62 41 56 81 79 23 43 63 22 82 62 43 28 48 70 8 24 38 8 96 45 89 86 34 98 49 55 15 64 4 48 38 81 30 53 43 9 53 
56 19 94 32 82 53 34 2 44 11 23 58 73 17 84 91 92 85 12 5 69 4 36 7 9 11 77 6 55 84 12 3 87 59 79 56 24 32 5 21 74 46 70 61 82 16 28 98 89 78 93 85 41 85 13 37 64 48 14 26 95 59 6 45 75 0 61 3 95 42 37 74 72 19 20 28 91 32 63 61 64 41 59 57 54 66 88 5 20 29 12 49 76 97 52 28 55 37 4 73 
25 60 69 74 48 59 33 90 36 40 70 91 94 3 47 86 12 81 61 24 13 8 53 87 85 98 91 33 18 35 39 31 50 71 15 85 25 6 2 16 24 33 51 78 27 42 18 59 77 30 60 93 97 64 60 54 64 7 73 94 94 40 6 87 49 25 13 55 11 64 36 88 63 10 55 57 21 58 90 67 60 54 3 61 36 29 19 52 34 88 77 91 81 82 68 32 6 90 74 26 
79 82 8 65 49 89 71 31 48 17 62 21 62 32 21 27 90 66 90 12 90 67 43 51 37 51 30 41 27 83 51 49 26 40 2 65 15 64 10 9 48 90 64 56 22 1 97 37 77 14 17 58 28 91 71 15 88 27 8 40 35 18 24 73 99 44 4 68 70 79 24 97 91 96 5 44 73 4 93 6 72 57 13 95 35 51 44 31 25 22 30 32 62 65 18 81 66 77 60 32 
47 21 27 32 19 99 78 67 81 38 26 70 0 0 3 74 51 97 12 47 57 81 16 77 44 48 57 4 97 41 2 31 47 86 32 26 89 12 12 81 49 99 36 66 89 92 42 57 11 78 38 92 50 0 27 45 20 76 37 35 16 42 99 72 72 57 45 27 92 40 95 38 6 72 66 16 88 18 80 90 44 5 65 78 34 64 86 25 3 42 13 31 72 82 40 44 4 5 6 99 
47 98 76 68 25 75 20 68 39 54 53 82 50 49 65 89 19 52 35 69 18 61 82 52 60 82 39 4 38 42 30 94 8 52 56 45 18 27 70 48 67 74 37 88 58 68 4 12 28 76 88 83 3 32 39 90 77 31 88 5 25 71 14 35 70 41 73 74 18 89 64 1 42 70 84 38 27 62 21 93 43 73 88 84 23 73 0 59 41 88 79 10 21 28 36 61 95 56 99 18 
43 89 33 11 26 76 46 88 5 67 93 2 8 89 8 19 85 91 66 76 94 57 82 72 47 79 1 81 79 51 99 69 99 77 13 65 5 10 50 51 69 73 61 89 76 35 43 61 58 98 4 72 52 38 97 56 5 57 30 1 54 64 85 75 26 64 63 66 23 0 67 28 2 25 3 56 82 89 92 12 75 17 53 25 31 42 49 63 36 97 88 46 69 59 68 31 60 6 82 11 
9 21 4 25 83 13 94 0 62 35 75 51 41 82 87 17 72 67 24 70 19 25 98 54 24 35 67 83 91 60 98 9 82 82 16 59 57 91 90 83 93 86 19 69 63 0 56 79 17 78 18 19 61 95 64 7 63 40 1 74 8 43 32 10 51 33 35 50 25 20 67 46 44 27 7 1 58 83 58 29 35 43 25 7 47 94 84 40 41 52 42 78 99 66 87 86 28 7 53 34 
75 50 78 60 39 43 56 55 97 72 2 54 70 76 40 7 90 27 8 53 68 0 79 29 97 82 5 35 34 25 22 69 93 10 99 51 58 23 56 81 26 30 32 49 75 25 32 33 43 36 30 53 58 95 51 2 67 61 93 41 16 68 84 92 11 17 75 19 97 16 36 77 67 88 57 94 91 75 30 12 41 17 30 68 93 85 13 11 10 3 53 48 37 40 85 90 71 62 93 34 
80 6 16 64 11 68 69 64 78 98 74 90 50 84 75 85 80 50 61 2 81 36 90 25 61 47 21 18 52 80 9 26 73 9 54 57 27 65 0 97 44 48 59 62 25 35 24 29 75 8 79 41 70 68 11 1 48 8 26 40 48 5 82 88 27 76 63 50 12 95 49 18 23 89 39 94 23 70 54 66 74 38 35 25 34 75 76 52 2 0 79 84 14 57 7 22 15 75 50 63 
30 11 14 14 73 81 25 40 21 82 97 48 46 49 62 79 55 67 40 78 0 9 69 38 94 32 26 9 69 0 72 9 1 99 94 36 45 87 43 74 36 4 15 31 78 20 40 79 83 5 55 6 38 82 40 25 31 9 71 82 95 29 99 12 50 87 99 61 58 38 53 51 63 61 67 48 36 93 89 16 23 91 64 9 75 33 0 57 84 75 96 48 97 68 99 12 2 76 8 40 
74 36 87 26 24 62 88 98 63 41 29 80 61 49 98 15 58 24 76 68 48 25 18 63 58 93 67 4 61 56 96 79 95 21 14 97 36 76 15 4 17 33 23 30 39 19 23 23 44 26 43 75 76 41 69 90 17 86 0 43 5 43 51 55 83 99 50 65 9 20 35 50 67 91 79 9 28 57 16 68 74 83 9 81 91 69 48 43 63 79 13 47 58 19 89 87 58 62 7 78 
26 8 32 34 5 18 74 20 27 90 50 16 23 77 79 53 58 85 5 35 86 37 74 3 62 7 77 52 50 0 40 34 29 42 52 50 16 22 44 44 23 11 44 51 62 68 96 74 9 76 57 2 97 57 81 98 91 94 95 17 93 3 60 95 13 10 28 92 28 51 68 46 61 36 19 89 45 14 97 96 76 96 32 73 42 44 58 27 45 98 94 35 98 16 50 48 89 20 15 75 
53 37 68 14 14 22 99 96 14 40 99 24 97 40 80 84 85 28 10 88 89 81 84 51 47 44 70 36 2 33 84 49 72 58 85 53 91 87 57 7 12 99 33 29 93 20 16 28 59 57 37 78 64 73 4 50 84 64 93 66 43 5 5 34 2 66 16 16 91 9 30 65 87 54 97 61 79 7 83 7 51 79 84 24 25 1 17 49 55 64 10 45 68 25 17 26 19 0 45 81 
97 8 5 77 39 67 45 26 9 59 82 73 72 81 81 19 75 0 51 73 22 32 33 18 66 12 19 58 42 90 11 62 62 87 65 80 50 12 6 87 87 78 68 12 38 0 26 38 91 49 67 39 72 5 73 61 84 91 97 51 42 24 82 39 67 44 94 49 79 40 10 76 55 80 13 52 18 42 31 41 80 90 84 67 34 36 50 29 29 3 20 44 55 89 20 43 25 87 33 64 
8 21 26 73 36 17 60 18 76 11 62 46 4 89 30 16 64 65 69 10 74 23 16 39 77 58 51 48 61 36 9 5 49 49 26 95 1 56 58 70 7 69 70 38 77 34 45 71 93 31 68 75 21 41 51 84 52 41 70 37 98 70 37 70 49 68 94 60 49 54 81 33 66 88 47 89 91 57 59 42 87 29 65 88 90 93 89 48 83 5 59 17 5 80 7 50 15 60 69 44 
48 73 31 54 85 15 55 35 15 73 98 34 92 94 68 25 80 9 3 3 84 2 71 76 93 1 74 75 13 11 58 70 21 77 16 17 98 95 2 58 62 13 35 47 68 41 17 54 60 65 20 48 15 91 58 26 31 13 85 70 26 32 4 47 60 85 61 80 67 66 66 21 78 35 88 85 0 9 41 23 75 60 10 52 71 73 66 21 5 83 35 58 57 11 98 20 79 47 9 8 
68 96 85 37 98 10 83 85 92 3 46 47 12 83 58 5 92 91 80 43 76 1 57 29 78 34 61 26 19 32 76 34 98 69 67 10 24 20 50 68 74 20 58 47 10 92 1 58 99 56 37 78 24 59 97 28 36 84 26 83 59 95 19 87 59 50 83 31 64 92 90 58 47 47 44 56 21 27 74 25 62 40 16 73 25 63 90 30 20 97 70 75 32 16 12 92 66 56 52 71 
64 94 13 50 63 34 33 38 14 76 43 30 23 6 19 74 75 87 46 55 10 78 89 67 13 74 43 60 88 6 12 28 85 89 45 52 82 99 69 68 8 35 36 74 56 63 15 72 68 17 39 48 90 0 39 34 29 77 92 69 73 31 50 71 26 39 25 50 81 27 72 86 85 45 40 17 70 17 34 34 42 28 63 8 98 98 32 45 84 42 94 29 23 85 67 47 43 59 34 16 
