100
28 54 31 33 16 83 26 26 39 64 44 82 96 89 53 68 1 11 35 77 59 65 35 73 50 12 40 12 4 12 86 38 90 22 8 58 1 22 74 69 67 26 67 6 61 58 36 60 84 15 70 73 66 59 25 3 33 33 33 1 32 64 48 2 67 94 28 33 33 74 18 14 88 76 36 17 53 1 26 74 14 49 83 66 42 9 23 65 95 49 39 80 88 1 1 86 55 50 55 30 
94 42 26 44 20 71 27 50 65 18 55 41 14 71 93 98 78 81 0 69 69 3 94 96 89 33 22 2 70 35 10 33 60 72 3 17 84 61 82 64 97 45 70 17 26 3 34 44 21 42 94 80 48 3 91 43 97 89 7 94 82 4 43 54 25 74 90 18 47 88 18 72 31 76 89 77 53 96 11 76 92 57 67 73 74 9 3 18 36 73 36 46 76 50 98 41 29 95 42 15 
34 46 96 76 65 20 17 49 33 7 16 64 12 73 29 85 97 40 98 11 6 61 31 59 59 27 20 50 55 19 55 18 70 38 71 65 7 43 65 22 26 52 36 33 39 53 23 40 53 95 89 47 16 74 25 27 54 40 32 54 12 14 42 98 99 39 97 57 25 49 58 63 89 60 85 80 52 71 4 76 54 62 42 11 56 19 1 47 13 35 6 61 74 36 22 34 32 58 17 31 
9 65 67 44 79 7 3 35 16 21 32 65 95 23 50 67 70 0 42 1 22 97 51 34 29 42 44 52 75 78 4 87 34 35 93 1 44 88 46 80 15 34 96 88 53 64 13 92 99 56 1 51 6 25 10 11 95 62 72 3 77 34 82 72 8 49 52 74 76 14 17 93 75 23 0 98 20 62 62 53 91 73 31 14 19 89 60 33 21 85 87 55 57 29 62 25 41 61 29 27 
57 38 99 73 1 13 92 5 57 87 97 46 9 20 1 18 87 98 50 70 6 14 5 18 7 76 3 88 25 50 5 86 28 12 79 19 81 67 48 19 78 71 89 57 85 31 68 90 49 56 61 27 50 46 91 92 7 11 68 76 34 44 72 50 80 87 89 95 41 36 93 27 38 1 28 2 33 7 86 70 17 58 41 55 5 75 23 47 46 65 78 66 49 73 25 20 76 89 94 99 
42 13 17 11 63 62 79 33 10 74 89 52 85 68 19 81 57 94 35 71 42 7 3 29 35 39 59 87 8 84 39 35 87 53 50 36 60 3 17 4 19 90 57 96 3 51 85 74 47 61 34 64 44 56 85 15 91 67 70 11 32 90 54 45 62 92 98 56 7 21 74 70 82 14 99 39 75 20 33 65 55 76 33 84 24 40 41 97 81 42 93 79 1 85 27 15 98 19 98 48 
16 71 96 14 12 69 83 21 31 25 70 89 79 1 88 0 97 90 76 33 38 51 47 52 22 86 14 35 41 36 96 77 79 43 19 4 49 75 45 92 4 99 79 90 16 15 67 35 7 10 29 11 45 39 85 66 30 58 95 18 83 98 59 40 94 43 55 93 69 90 4 40 48 68 98 54 73 30 53 7 45 58 44 97 69 99 57 77 59 48 36 19 45 23 52 42 99 76 74 4 
56 91 30 74 66 92 37 4 69 84 64 52 27 53 63 3 65 20 85 58 61 66 27 5 68 68 13 88 24 7 65 52 95 23 48 48 32 69 70 97 8 48 85 45 51 41 27 43 43 19 82 11 14 7 52 60 26 59 47 78 13 91 59 96 17 78 78 92 76 65 29 53 15 47 65 99 31 69 10 12 85 55 18 5 16 49 33 60 5 11 27 17 17 41 66 12 89 78 36 72 
1 77 46 34 25 24 66 32 54 73 24 70 32 35 83 81 29 34 89 84 88 40 94 62 42 88 76 86 19 21 99 49 87 91 12 89 22 10 31 44 59 73 6 17 87 13 69 63 92 18 75 54 74 11 85 98 81 62 40 33 25 68 42 93 88 63 53 99 64 99 48 42 75 84 48 39 28 10 39 79 26 27 56 50 60 36 24 94 60 48 18 60 77 92 57 5 29 99 32 57 
53 8 10 45 6 33 46 26 47 60 6 95 65 40 63 11 28 81 99 2 56 82 28 33 62 90 68 57 35 49 91 53 18 26 73 89 89 18 23 34 51 83 17 47 95 27 17 88 90 19 41 48 13 77 28 52 43 79 92 51 92 26 22 33 58 40 73 55 59 80 96 41 69 40 78 4 29 86 5 52 67 36 53 95 1 36 27 48 94 43 22 23 32 37 74 28 44 33 75 84 
52 62 70 61 72 67 81 58 24 91 31 53 46 23 89 35 24 36 96 87 4 41 87 51 2 35 52 43 76 46 29 61 34 49 97 97 91 57 38 90 64 18 10 87 8 45 58 54 22 85 29 92 79 66 14 82 79 0 47 86 71 16 87 93 20 9 22 4 90 8 17 79 63 26 11 23 69 35 45 44 53 19 47 81 22 92 94 1 53 16 72 22 0 98 86 31 12 45 2 44 
89 35 3 10 16 38 51 84 14 19 95 53 50 97 19 83 49 94 88 16 67 18 98 47 86 74 90 57 62 70 88 91 60 92 8 24 90 61 8 33 49 66 15 39 62 44 28 43 53 46 14 63 2 12 93 56 13 31 36 10 14 53 34 81 64 37 34 4 35 30 60 93 42 18 8 40 28 48 19 0 36 72 9 98 38 92 54 31 24 53 9 56 18 4 59 93 74 34 41 96 
6 94 59 18 85 46 28 27 80 6 2 12 95 37 2 20 77 19 88 90 0 17 6 80 27 42 67 83 87 69 64 53 32 97 69 49 20 54 63 61 15 87 48 51 57 98 91 1 44 66 68 44 24 3 87 13 45 7 48 50 96 39 9 99 93 17 70 61 74 0 65 23 22 14 63 17 35 65 66 81 89 68 32 15 11 20 24 9 25 77 81 23 58 32 6 60 1 41 3 35 
52 80 71 88 53 18 48 76 5 80 44 41 77 85 14 32 18 42 42 91 10 52 68 18 0 79 19 84 2 88 82 39 49 83 42 83 81 63 35 27 75 0 78 53 94 20 5 83 16 51 14 16 50 29 14 23 39 2 2 45 67 72 10 97 65 30 69 96 30 77 61 44 20 9 64 49 66 22 16 71 27 50 98 37 32 8 89 29 44 66 27 16 12 28 92 26 65 26 52 9 
22 59 23 93 51 34 73 54 68 78 10 35 78 85 54 32 24 52 70 19 7 12 41 69 34 56 24 80 38 12 89 16 71 19 9 31 21 65 37 45 58 55 99 67 54 93 99 34 82 20 77 69 56 16 41 74 85 57 4 46 23 10 54 32 13 68 41 27 71 60 66 73 48 4 6 43 52 48 4 31 80 44 52 30 17 45 81 59 62 50 7 48 15 2 22 52 64 95 17 18 
72 59 2 27 27 1 21 79 13 53 54 10 6 23 33 82 54 24 36 14 94 20 84 32 56 29 63 94 91 64 83 11 98 68 20 64 36 26 86 63 14 20 80 81 36 21 86 91 61 60 5 87 82 91 81 18 34 75 87 81 52 66 4 28 69 27 26 47 32 57 80 5 32 19 91 33 15 43 4 59 87 15 67 61 10 95 83 40 98 24 40 60 9 66 58 53 91 96 65 85 
43 9 34 50 53 98 99 39 91 17 39 21 49 98 5 22 44 82 99 95 37 9 3 51 87 40 97 25 62 93 29 42 46 11 50 56 53 39 57 18 3 22 8 85 33 0 44 31 55 22 62 7 41 29 90 53 99 24 79 92 10 80 90 34 57 94 78 76 70 10 6 42 37 38 95 6 60 41 63 34 23 17 98 54 20 32 46 93 93 44 85 89 58 88 39 53 69 76 6 59 
22 44 44 35 13 27 28 58 16 77 92 19 32 1 69 91 58 41 30 0 74 9 16 61 13 35 80 42 70 47 62 61 59 3 69 35 62 60 64 28 63 18 32 37 87 25 73 20 90 28 2 75 36 62 22 27 90 10 51 47 33 78 37 96 17 12 95 97 78 52 0 44 6 16 44 91 0 64 65 72 28 47 67 67 44 18 62 46 35 16 67 36 59 94 56 55 46 85 89 26 
15 21 41 24 57 1 81 4 0 25 29 45 94 18 31 67 48 6 66 74 80 0 71 79 10 56 12 57 54 2 13 3 85 17 42 40 18 95 76 39 71 16 16 57 33 52 30 93 99 31 10 40 13 61 72 83 89 48 22 80 64 26 49 62 81 6 62 8 38 38 34 39 68 60 97 46 71 95 44 52 60 58 36 67 48 83 65 35 3 26 65 34 15 95 56 50 34 98 20 96 
56 13 20 21 45 32 19 91 76 87 23 32 96 97 49 39 34 57 15 59 81 78 80 92 32 78 77 70 6 22 84 24 14 29 10 55 29 47 53 28 51 51 38 7 16 27 29 40 94 74 12 52 6 35 65 93 40 40 40 67 19 81 87 81 43 14 11 27 36 5 35 75 69 77 15 9 76 30 94 15 19 1 19 80 84 8 91 81 22 8 34 91 0 58 95 98 37 41 54 54 
53 73 37 10 5 96 73 87 2 64 75 23 22 41 4 63 18 52 94 52 2 29 47 10 3 77 74 63 1 87 81 36 63 6 26 33 38 58 7 70 14 54 7 4 21 23 16 61 96 35 74 83 55 36 3 90 91 43 0 11 78 81 89 89 92 87 62 39 6 28 68 89 55 90 33 34 9 44 85 34 80 67 59 91 96 51 89 27 88 79 21 31 48 17 27 35 99 91 55 88 
54 24 0 49 37 39 7 35 33 92 47 49 95 18 88 4 94 70 1 29 87 95 26 55 52 22 65 5 67 72 49 89 5 64 80 29 40 65 51 21 83 34 80 26 72 33 29 69 27 51 5 62 25 45 81 89 98 79 77 34 51 87 55 26 9 14 26 40 11 27 71 58 12 83 9 47 93 57 68 52 51 94 48 42 46 90 23 66 56 62 88 83 89 79 42 21 96 91 98 43 
83 88 82 66 29 99 66 84 13 87 30 62 0 99 96 55 62 89 73 30 77 23 9 26 38 72 26 67 59 1 76 28 94 38 83 86 78 59 39 74 87 8 51 70 89 13 79 41 70 22 93 49 96 56 75 93 83 76 39 39 42 11 29 37 49 18 93 73 7 68 42 46 82 83 16 34 72 29 17 50 12 58 45 32 45 32 81 19 41 43 88 17 9 25 81 93 18 55 14 21 
26 5 55 82 19 64 23 59 87 36 41 57 8 34 42 41 63 51 82 93 53 79 38 60 76 79 62 49 21 49 45 80 43 50 3 69 29 30 99 34 41 86 2 23 20 38 68 52 61 77 23 89 35 28 96 7 88 95 8 21 68 89 24 69 97 52 7 74 81 88 2 61 37 53 28 54 50 78 51 68 42 99 51 25 70 44 90 37 88 89 75 83 11 72 96 50 85 31 85 69 
10 66 96 60 88 56 18 69 37 93 84 88 20 18 42 27 58 8 76 75 42 45 48 14 16 67 66 56 74 41 24 39 45 21 9 46 44 19 79 48 19 67 17 72 82 47 12 85 12 55 45 32 38 23 93 98 88 65 52 75 78 50 49 1 19 46 3 39 36 63 30 53 62 19 81 45 18 47 53 46 88 95 55 29 63 3 3 69 54 77 43 53 21 2 29 61 73 29 72 88 
76 11 99 43 34 62 70 30 42 85 16 89 56 43 78 32 41 46 59 12 1 76 37 31 12 48 94 68 93 89 43 57 36 73 13 82 37 48 98 49 6 94 11 3 19 89 40 78 46 33 96 41 99 34 19 30 18 70 97 87 9 13 31 43 56 23 12 72 74 4 52 57 63 8 10 41 95 15 71 4 48 17 75 81 4 38 31 55 35 72 98 68 41 39 69 5 50 53 8 74 
96 60 12 89 51 66 91 12 22 66 26 50 46 96 14 0 59 54 56 36 96 69 65 26 5 76 43 3 0 82 84 24 89 1 53 99 47 17 48 13 44 75 19 53 71 79 78 99 8 28 77 43 7 27 20 88 94 59 67 9 46 85 5 28 34 84 1 17 49 82 14 96 82 19 97 16 92 44 60 85 28 79 90 50 38 0 90 90 62 63 0 26 94 62 2 12 11 4 26 62 
26 68 40 81 91 5 50 59 91 90 48 35 8 59 60 2 71 99 43 6 5 4 28 45 50 1 28 35 56 7 50 63 60 40 40 83 75 33 31 54 26 69 34 28 13 77 48 30 37 71 39 8 33 70 60 31 4 66 91 43 36 19 24 46 44 1 31 41 22 99 53 84 70 4 57 53 54 5 12 39 96 45 36 0 73 29 67 6 19 30 21 39 12 37 71 27 69 69 21 29 
72 41 10 37 66 9 3 7 93 6 75 38 20 71 80 88 21 50 99 49 35 96 25 14 86 44 39 55 47 6 57 62 23 85 2 38 50 28 95 98 86 18 40 46 8 95 8 29 50 84 9 69 80 72 96 88 38 55 47 77 4 48 47 93 58 61 57 81 63 17 19 53 64 99 15 85 32 33 43 57 23 74 24 66 87 97 69 52 94 89 60 98 51 54 83 12 65 32 31 81 
3 30 84 53 62 3 99 66 64 18 64 40 8 5 98 29 18 19 78 43 10 5 53 1 75 65 46 30 37 62 63 21 98 72 68 35 71 90 95 77 96 89 50 54 46 97 92 20 97 1 59 71 88 77 85 33 73 54 90 2 40 57 60 16 61 52 35 77 49 24 21 5 14 17 82 72 27 68 63 72 64 19 14 70 77 51 79 60 4 61 86 27 3 47 97 49 25 61 56 82 
71 22 35 60 28 38 37 68 94 96 35 73 0 92 45 18 76 26 52 27 97 79 8 79 63 51 73 41 74 8 38 8 82 91 33 66 60 40 75 0 49 84 18 78 1 39 96 5 97 90 52 80 36 57 99 18 9 31 34 60 72 12 60 2 94 99 98 28 74 74 45 29 32 72 5 83 27 4 81 54 3 82 67 81 26 49 93 2 26 20 50 94 30 46 22 47 14 2 76 42 
68 86 84 75 82 93 81 3 26 66 19 76 49 1 97 69 92 78 51 66 44 20 13 59 96 91 33 25 22 22 94 22 83 78 59 57 10 3 19 37 29 20 48 71 62 82 79 66 7 13 44 63 16 33 60 5 91 57 88 93 91 88 26 2 60 62 3 45 5 70 76 35 98 18 54 22 81 47 71 39 64 97 69 30 44 84 88 27 77 6 36 21 27 73 60 12 82 86 31 94 
5 35 71 59 50 59 64 47 92 40 76 37 13 43 5 63 3 27 9 82 96 0 55 3 3 85 5 21 81 7 72 50 48 87 42 48 16 5 28 88 63 55 14 45 50 89 36 99 59 33 49 11 65 0 90 93 5 73 0 47 91 92 77 20 33 49 84 24 70 30 53 42 67 98 40 25 97 5 28 51 11 39 55 57 36 37 95 33 94 35 66 53 37 4 18 57 54 53 17 48 
85 93 47 98 86 24 84 92 30 55 7 17 61 22 93 44 54 99 71 22 52 44 84 34 27 25 27 30 40 18 33 42 17 73 23 63 38 20 50 37 73 15 88 38 56 30 49 75 63 79 88 63 23 99 95 94 17 85 51 55 29 72 78 42 56 60 0 91 53 42 8 94 34 41 83 46 63 0 22 84 71 74 87 53 90 15 67 73 62 1 39 47 93 8 12 90 52 27 59 96 
57 95 55 18 32 93 74 31 10 72 50 51 81 66 71 15 20 25 47 91 13 59 19 93 65 76 9 66 43 2 67 95 38 9 85 27 22 65 48 41 86 95 65 36 90 89 47 6 64 47 32 56 70 46 36 76 89 33 75 22 69 87 83 59 85 17 8 39 49 8 49 78 7 81 23 7 92 20 53 53 41 63 24 68 45 84 48 10 7 96 44 4 64 30 39 5 1 82 10 66 
10 9 29 31 49 61 43 23 58 64 95 89 78 51 1 30 83 45 82 66 60 8 0 48 46 40 61 81 56 59 50 42 79 38 24 30 33 51 70 22 97 42 96 94 6 20 6 25 54 21 96 50 93 75 61 22 43 32 90 95 17 47 13 82 16 99 55 27 82 80 21 69 36 68 14 73 34 36 93 19 25 69 55 23 91 80 35 36 53 70 45 34 66 40 4 84 38 13 74 18 
3 47 82 47 59 58 30 57 1 8 67 62 46 22 69 61 39 20 58 0 52 83 80 25 88 45 69 97 73 95 64 41 84 98 28 44 62 54 2 5 79 61 45 74 55 6 40 15 64 44 31 64 72 2 88 5 4 35 95 37 32 42 97 7 45 29 14 60 89 27 27 22 60 15 19 9 16 84 84 50 14 10 60 29 86 64 54 51 45 38 96 5 52 17 53 56 24 34 43 19 
82 71 16 95 91 75 8 17 38 94 5 57 69 17 5 71 35 42 90 41 78 39 43 7 69 87 67 8 38 34 99 56 45 62 61 14 55 6 30 58 20 87 44 10 82 12 89 93 10 2 20 68 36 2 8 40 70 42 18 69 73 7 36 87 36 56 55 11 47 48 52 93 41 78 53 32 30 64 61 41 52 83 82 66 83 29 77 92 12 81 17 29 69 54 89 88 17 65 57 87 
40 91 65 85 31 29 7 14 36 12 80 27 37 17 66 97 30 43 16 42 48 70 98 23 8 69 37 72 43 10 42 32 38 18 85 44 36 93 39 71 67 69 27 44 1 93 88 89 82 69 44 95 60 95 23 59 10 35 85 34 22 53 90 31 96 91 65 83 36 67 40 63 61 21 60 93 65 65 43 70 68 91 82 67 86 30 32 21 86 4 62 61 44 97 7 50 63 53 89 48 
90 21 73 58 51 10 15 29 15 93 13 47 79 71 4 23 98 7 15 68 87 32 14 63 11 46 41 24 19 8 53 44 30 73 51 28 26 58 2 49 52 90 93 48 65 76 12 8 98 88 54 75 20 38 64 84 70 8 7 81 10 49 36 23 84 87 52 77 40 31 54 91 34 20 2 88 55 54 44 80 62 51 64 5 21 42 80 51 2 46 80 58 67 90 78 15 41 90 26 80 
41 25 74 84 99 35 26 51 54 11 96 82 97 49 43 21 53 50 39 36 85 56 68 14 77 25 10 64 81 55 9 81 6 20 62 57 70 64 10 15 47 96 11 10 47 97 0 60 96 61 95 87 86 78 43 12 19 13 8 16 11 19 32 3 20 70 15 97 68 92 25 9 38 62 22 8 43 97 87 58 39 3 65 26 41 54 29 96 50 74 48 49 97 12 24 14 50 22 59 94 
23 8 78 75 41 72 26 34 16 84 98 74 24 88 23 18 8 59 50 69 26 77 72 20 89 35 7 52 46 78 37 38 63 34 28 12 1 68 42 70 66 55 50 74 14 87 46 91 78 95 13 97 29 70 55 45 95 88 48 69 17 24 23 88 65 75 22 3 2 69 33 59 43 11 92 76 13 95 80 62 98 50 9 10 43 95 93 38 10 57 56 42 75 85 77 2 45 14 35 68 
36 43 45 14 77 4 9 54 35 85 53 74 7 67 80 68 63 11 55 76 37 35 10 12 56 2 46 41 32 36 9 76 53 30 72 47 13 40 15 6 33 35 10 82 7 13 68 24 83 79 47 77 20 73 84 45 63 28 97 69 70 39 77 11 34 79 8 77 42 75 78 36 69 88 19 4 2 98 55 41 56 82 36 9 98 93 39 63 1 87 48 58 80 1 31 59 27 10 85 31 
52 1 90 45 88 15 61 73 93 3 88 5 93 54 24 89 97 89 29 73 14 99 91 40 43 72 27 3 89 71 97 0 42 63 20 9 38 13 32 78 82 94 1 95 80 4 55 74 1 37 93 9 48 86 26 9 52 71 23 19 99 35 94 63 97 16 35 70 49 14 21 66 42 85 16 31 93 52 84 91 2 22 42 60 33 2 77 10 46 73 55 83 37 54 65 20 4 47 83 84 
37 64 36 98 13 70 15 16 58 35 4 30 45 29 58 99 13 90 34 34 95 95 37 30 48 92 65 40 3 61 18 12 27 23 18 59 88 64 91 50 97 65 35 99 98 11 89 39 72 36 65 34 44 10 62 45 5 54 93 87 12 48 27 97 11 92 85 94 57 63 84 6 92 82 1 43 38 95 75 35 53 63 14 79 59 70 22 80 99 64 88 59 7 78 15 68 44 4 30 12 
44 44 21 28 73 71 72 0 19 3 17 16 76 34 78 18 88 87 23 78 6 0 53 65 65 97 64 74 57 89 44 0 99 74 27 11 27 22 25 3 42 15 58 96 82 81 76 50 76 40 26 17 55 43 9 94 82 4 79 33 6 5 37 52 13 20 41 3 47 88 61 76 73 45 47 16 86 48 13 45 62 51 43 97 87 77 83 16 11 44 48 61 94 92 62 95 78 50 96 40 
66 60 23 22 48 53 77 10 88 58 57 49 66 76 14 45 98 41 35 10 57 73 91 31 72 7 11 2 7 99 84 92 26 74 1 25 2 41 78 53 12 44 45 58 59 32 75 93 38 24 88 46 39 64 29 20 68 58 70 77 61 57 14 22 13 3 13 76 30 85 78 55 20 5 77 95 21 93 60 19 96 13 52 9 61 11 91 82 89 64 32 2 54 80 5 80 18 93 84 80 
93 90 39 11 70 71 45 19 82 24 27 18 4 14 37 78 72 82 92 93 3 97 54 48 5 28 78 61 29 79 14 60 94 82 86 77 97 41 10 81 44 54 2 78 95 91 7 17 3 90 54 40 47 67 54 45 78 54 2 27 91 46 34 52 84 53 63 48 41 80 62 8 3 38 94 44 91 26 97 45 52 35 8 77 84 26 23 65 85 16 39 86 37 89 28 34 98 12 22 22 
79 49 60 66 4 57 0 31 62 14 15 91 46 14 53 72 15 50 92 81 56 59 0 10 96 88 70 52 17 38 76 30 88 87 26 47 13 64 53 10 73 54 60 80 67 73 5 12 0 45 4 36 28 59 59 2 0 44 60 56 82 99 55 86 9 21 68 74 10 13 38 64 68 37 91 71 46 36 90 48 48 3 59 16 77 75 37 77 43 13 4 92 24 14 1 79 50 24 68 77 
21 39 8 17 79 16 94 85 98 25 28 44 5 70 7 99 92 88 61 61 76 96 72 99 96 0 55 86 3 61 17 75 2 22 54 16 11 55 31 96 85 13 84 85 59 78 52 14 64 52 16 62 58 15 10 8 32 54 56 26 64 75 51 57 4 1 95 96 14 54 98 37 88 80 61 61 18 28 96 75 45 96 27 21 92 44 55 87 33 77 32 84 97 24 55 97 75 13 48 24 
36 56 42 87 47 43 33 95 25 10 59 32 46 42 57 28 77 26 54 82 17 33 53 13 56 51 26 20 2 66 41 20 76 91 44 30 59 46 22 33 12 97 49 25 18 58 43 4 40 44 70 0 44 82 71 29 57 58 26 24 92 91 5 2 48 39 95 97 60 82 6 98 89 96 92 83 62 33 65 40 73 40 75 5 10 10 78 24 71 83 89 87 60 62 82 32 41 94 47 50 
98 63 52 52 8 13 82 98 85 55 4 33 82 46 46 88 42 9 57 69 73 28 43 51 59 87 86 95 70 13 84 0 83 99 51 97 45 37 92 53 82 64 72 24 38 82 10 97 73 69 64 21 11 97 97 74 97 31 66 16 13 71 54 48 27 1 72 47 50 58 79 5 34 8 80 94 41 30 63 0 84 62 46 28 8 23 64 79 26 1 60 9 70 59 9 91 35 10 44 62 
54 49 51 53 30 6 11 10 49 75 65 52 54 22 39 45 68 35 81 41 56 59 79 25 16 66 10 52 81 56 94 10 30 50 57 2 95 96 13 65 5 24 10 64 97 71 29 10 59 76 70 18 41 60 44 97 50 24 91 21 42 37 45 66 63 43 66 46 39 42 11 22 6 31 48 29 76 67 5 55 56 30 26 41 91 13 16 88 45 25 54 78 24 6 46 0 60 54 84 38 
50 70 89 99 84 45 41 68 8 16 72 46 21 68 59 14 26 5 48 6 10 48 72 76 54 87 24 44 13 88 44 17 52 26 57 86 17 23 83 4 78 69 1 35 39 57 45 76 95 26 57 83 20 86 25 46 5 69 57 24 13 70 81 22 16 18 16 24 31 31 91 44 78 80 66 93 65 34 60 5 7 64 86 61 9 26 40 98 55 36 36 12 70 74 1 0 41 69 34 76 
84 10 66 9 66 6 46 71 75 72 43 49 12 61 57 95 25 44 90 55 40 49 2 48 86 31 11 95 68 54 66 60 72 5 58 6 84 42 16 12 9 22 13 19 32 67 69 61 37 65 73 49 35 54 17 2 12 35 31 58 0 53 71 47 54 28 46 98 24 93 54 19 16 92 0 77 57 19 18 17 46 88 25 97 61 7 62 40 87 50 38 41 67 99 34 91 39 94 11 20 
80 15 65 54 49 74 73 12 40 20 99 44 32 87 58 54 15 56 42 41 23 56 1 22 38 13 7 50 43 20 70 78 87 66 34 66 55 91 24 23 10 31 95 74 81 3 82 3 50 48 95 60 99 42 73 93 39 48 85 67 73 2 3 17 93 12 29 96 78 91 81 98 63 42 82 74 97 31 12 10 64 10 9 96 70 49 15 83 92 22 25 96 75 7 7 8 9 42 94 93 
73 41 1 45 40 43 86 6 10 21 66 22 51 53 86 84 56 43 11 32 10 37 96 60 54 63 60 24 36 70 15 81 44 78 45 92 75 37 50 7 97 54 61 19 21 0 72 85 67 96 6 29 59 16 56 84 25 96 82 69 30 89 88 31 70 10 23 53 79 10 64 74 84 54 20 75 79 91 67 86 38 57 43 55 80 5 45 84 20 7 49 42 27 24 8 64 10 70 0 55 
56 58 48 18 59 65 51 13 14 11 81 28 50 60 91 50 62 44 34 6 6 29 25 83 46 82 95 84 65 26 5 55 28 73 42 56 30 94 76 9 48 78 35 42 12 75 18 26 86 0 20 51 49 51 67 83 67 66 75 73 24 62 8 86 9 9 7 47 55 66 49 45 61 8 8 84 75 13 25 86 28 18 95 72 5 93 54 15 95 31 62 40 21 63 97 34 38 33 89 41 
95 9 33 21 45 12 56 24 58 81 36 80 89 43 60 67 25 19 25 72 31 96 96 14 24 29 85 5 20 66 14 59 42 47 27 33 25 56 58 65 99 4 8 87 31 99 24 2 65 11 46 76 70 37 67 53 9 1 8 20 53 42 75 65 18 1 91 7 9 4 19 19 71 82 25 24 92 42 26 80 62 37 2 87 58 79 32 96 29 30 92 90 32 63 84 98 57 63 48 24 
10 21 81 22 69 60 72 84 10 31 72 43 60 41 54 63 52 52 40 98 25 8 79 45 92 60 34 8 96 52 14 39 5 34 68 93 99 83 79 13 85 89 8 88 78 23 42 66 83 76 50 95 17 83 1 81 19 44 46 0 6 4 4 94 93 21 75 70 78 4 8 5 27 28 20 78 91 46 67 22 23 20 71 59 97 81 84 54 36 61 53 7 51 14 28 28 55 86 62 62 
48 46 31 82 9 64 29 15 32 53 14 84 71 77 61 21 30 48 70 90 49 93 72 94 35 46 80 49 82 91 99 59 8 47 51 82 30 84 81 39 98 80 73 85 36 12 27 62 43 88 30 64 88 89 8 96 1 96 15 63 52 70 71 77 55 51 62 53 60 83 88 75 6 43 52 52 36 53 86 93 30 41 91 56 19 63 47 15 80 29 57 14 83 47 41 9 75 81 65 60 
61 35 17 12 42 62 44 70 50 28 50 95 83 61 45 66 13 57 34 43 66 33 38 42 3 84 75 89 55 86 74 39 62 15 51 69 63 32 25 47 81 99 20 23 94 45 33 95 14 68 33 20 72 60 51 96 15 28 46 49 85 20 75 23 56 22 69 42 72 82 44 56 82 21 5 99 18 56 75 14 98 24 55 34 69 49 24 96 59 3 44 19 24 5 43 91 41 66 42 65 
16 67 15 75 16 95 67 63 20 42 70 3 74 72 29 8 91 24 21 87 47 80 48 15 2 88 42 70 85 27 26 9 34 92 72 23 3 35 8 51 23 23 90 52 21 85 39 14 34 51 33 69 33 87 16 95 1 63 95 64 17 41 40 80 21 72 68 47 70 42 64 97 42 51 34 78 4 46 19 63 19 24 20 10 66 64 76 8 73 83 0 15 50 96 51 33 83 63 74 39 
45 14 65 61 96 81 41 82 14 22 97 72 42 70 9 59 26 5 47 75 99 2 11 89 70 0 67 88 22 93 70 60 3 49 4 22 24 17 75 96 43 50 91 39 46 6 87 32 3 7 70 85 18 15 32 84 91 39 90 47 91 13 31 90 11 37 20 1 84 6 6 26 63 82 90 92 62 28 67 9 61 10 2 21 61 71 47 99 66 88 8 77 96 67 59 59 15 48 65 37 
54 98 90 23 99 79 76 19 21 41 71 61 25 99 72 75 38 42 67 67 57 15 33 75 24 18 58 88 86 55 54 24 98 50 27 35 19 51 55 70 85 62 97 95 46 85 86 32 40 76 70 46 38 65 77 72 51 54 95 1 58 56 26 54 49 56 67 63 24 12 20 77 53 8 9 33 81 78 7 21 7 93 79 42 85 78 74 27 74 11 96 16 46 62 62 37 53 94 21 23 
64 97 80 86 96 48 34 10 89 27 25 67 93 48 52 19 39 16 97 42 77 95 92 82 48 72 10 29 75 81 12 87 35 5 17 45 70 34 61 99 61 1 9 12 78 43 65 33 58 63 94 99 31 69 77 40 48 4 3 37 81 11 75 8 93 96 34 55 51 66 18 93 45 45 30 52 87 19 97 45 11 38 71 19 54 90 19 3 91 85 93 49 13 89 56 65 43 86 54 57 
68 40 37 9 22 37 61 10 51 26 28 85 57 30 82 54 20 9 29 32 63 46 75 84 97 93 97 29 40 88 93 23 48 10 31 78 7 99 64 12 45 22 71 77 58 91 14 54 38 92 36 51 40 51 66 33 69 18 55 90 95 39 96 22 34 99 17 9 3 2 38 25 47 46 23 44 99 72 35 65 74 72 25 20 10 66 28 75 81 46 54 3 41 62 18 3 98 11 92 64 
86 24 38 9 94 7 81 47 48 37 79 6 42 79 37 88 20 5 80 8 83 9 43 75 93 81 65 17 11 92 69 12 62 10 49 45 35 75 54 59 80 70 19 57 85 82 44 70 57 23 86 41 38 62 41 90 67 63 39 97 38 72 86 36 94 67 91 59 63 56 84 79 13 69 93 48 66 71 50 27 58 41 22 43 62 33 74 57 50 44 35 89 29 76 55 95 32 11 99 21 
86 49 3 80 81 68 41 86 59 0 41 27 67 32 83 3 61 28 45 70 2 99 24 78 62 58 69 8 13 82 57 58 39 24 40 33 58 58 83 67 9 19 44 79 5 86 23 23 28 59 37 45 31 66 90 7 89 14 56 4 21 39 56 75 62 73 8 67 35 85 22 30 89 99 66 21 13 77 13 55 52 23 16 91 77 5 74 38 38 55 60 47 6 91 96 80 16 71 32 92 
58 6 93 9 82 66 48 34 36 28 77 12 30 54 59 59 61 42 13 84 30 70 89 2 79 88 48 85 66 44 73 51 11 99 29 79 73 81 25 66 54 30 11 93 39 38 89 60 85 94 30 90 17 80 61 73 37 19 94 54 88 64 22 66 88 44 89 76 60 80 64 33 89 94 5 21 12 91 54 86 31 93 65 92 19 68 91 90 50 8 9 56 61 27 63 50 49 17 60 44 
93 40 57 59 71 22 94 46 96 54 54 55 92 72 57 32 52 58 59 3 58 89 80 89 12 19 28 44 31 18 28 33 3 36 23 85 11 97 3 96 4 70 64 30 81 53 35 39 96 68 43 17 22 50 41 0 28 42 55 11 46 52 20 43 54 4 50 62 4 18 70 23 99 61 92 18 77 39 65 43 89 49 73 51 41 91 45 55 70 22 69 84 57 21 56 3 65 67 82 11 
49 67 65 25 58 67 31 60 75 46 70 35 64 35 93 75 75 8 77 83 39 90 39 65 71 26 31 6 97 43 90 70 16 7 11 97 33 68 7 28 89 25 58 16 2 33 69 54 47 53 97 25 0 92 59 82 47 97 75 35 35 46 66 66 35 28 22 65 72 64 36 43 96 37 45 91 34 6 32 90 35 54 61 73 99 87 72 26 49 79 59 39 15 96 34 90 9 78 12 59 
31 63 86 17 50 71 11 51 14 50 97 41 24 44 59 47 12 94 19 0 10 4 9 67 82 40 67 0 81 68 72 4 66 70 96 43 98 85 66 80 78 49 45 13 54 9 43 84 42 23 62 5 48 41 68 96 89 91 77 64 34 97 82 2 72 38 14 71 8 21 5 44 29 58 71 10 21 57 38 28 63 74 84 29 76 96 72 68 99 14 86 19 62 85 79 46 12 51 11 10 
78 57 12 15 24 69 70 24 53 66 53 40 95 55 22 97 52 59 92 40 53 95 29 41 7 32 53 31 76 86 8 24 90 31 49 38 76 98 75 22 30 45 38 1 50 82 8 4 34 61 10 59 16 38 32 22 55 59 69 80 82 20 81 17 88 71 93 94 48 7 55 16 95 57 67 73 97 39 64 95 52 85 71 74 44 78 69 70 63 18 3 57 80 65 9 48 0 76 97 67 
37 14 88 3 32 95 93 50 96 94 49 48 41 30 21 35 61 16 25 70 94 72 73 1 70 89 33 9 46 58 94 66 75 99 41 73 19 94 28 26 92 85 74 76 30 18 71 42 20 79 81 33 77 45 6 7 71 96 40 21 29 83 76 80 11 27 67 73 41 81 59 62 14 92 29 9 99 19 33 15 48 12 8 17 69 61 97 58 77 86 65 97 35 82 73 21 39 12 68 2 
13 0 15 59 97 28 63 15 20 75 58 95 58 24 6 88 14 51 23 12 54 84 62 22 41 77 91 65 23 63 30 52 55 80 66 75 15 46 85 42 62 50 39 25 29 15 40 59 35 28 54 74 73 3 32 39 28 92 18 43 27 61 42 20 45 63 4 83 70 34 47 32 14 95 67 17 28 27 38 62 84 57 65 67 72 79 14 14 88 53 59 16 69 85 0 28 64 75 99 70 
32 18 39 97 50 46 61 51 55 33 43 62 86 94 73 23 52 72 60 70 37 20 51 23 5 32 40 11 69 95 53 7 67 39 29 79 57 40 28 54 13 37 79 5 32 59 87 95 30 98 80 74 78 77 46 57 38 20 91 36 88 70 92 77 45 93 31 66 5 44 77 59 6 16 24 0 45 71 95 85 68 41 79 74 34 76 84 42 46 70 51 28 40 55 28 78 94 68 73 88 
60 59 51 20 24 71 69 74 40 27 49 85 90 15 94 14 30 48 84 51 22 86 69 36 32 50 30 88 64 77 61 31 86 73 74 18 28 61 19 58 21 89 40 7 20 67 32 45 96 0 25 51 77 22 73 2 57 98 90 86 7 21 58 1 34 7 37 12 23 25 7 18 39 42 58 34 8 1 93 1 55 76 64 41 74 29 18 66 30 58 26 60 59 39 40 34 16 98 18 3 
91 8 39 37 53 21 20 29 73 48 34 41 9 65 28 56 79 75 99 60 11 66 30 31 32 21 43 9 78 21 91 59 11 6 85 99 36 47 82 5 75 21 40 87 36 51 4 61 81 0 7 85 93 1 27 83 88 6 53 74 29 41 66 75 63 48 97 51 85 41 35 79 9 10 93 91 2 31 35 0 96 79 40 89 20 55 17 32 54 15 17 77 66 80 14 80 13 63 35 65 
62 65 97 4 1 51 5 41 0 8 96 38 83 95 10 80 30 24 52 15 29 50 88 49 3 3 33 59 34 81 88 11 57 81 70 49 84 22 94 1 85 32 79 95 59 48 63 90 24 50 3 9 17 79 98 78 92 90 26 21 51 85 95 60 31 15 14 91 8 41 53 72 37 53 55 29 60 36 69 19 72 4 67 39 92 42 78 88 67 76 77 60 60 80 25 25 22 52 96 3 
45 61 99 37 13 42 54 18 22 37 23 60 26 39 61 10 2 9 21 28 23 97 39 34 80 24 82 77 99 83 28 25 34 80 41 22 95 61 61 94 3 18 66 39 45 73 2 55 35 11 11 21 54 56 53 61 0 47 53 67 60 30 91 25 13 22 42 15 9 0 76 79 56 99 46 32 58 14 94 79 11 2 71 68 9 70 37 97 46 58 54 78 34 36 17 46 8 40 65 1 
66 18 83 40 24 44 76 27 57 50 56 99 68 39 0 91 93 76 58 95 86 16 83 1 73 20 97 1 94 37 75 5 42 15 12 10 63 14 84 31 75 82 13 7 76 37 13 64 12 25 95 29 41 49 40 32 71 27 27 34 57 26 60 21 8 68 74 14 46 10 8 18 88 5 77 53 45 3 26 88 34 52 5 76 97 91 93 84 34 77 74 47 83 27 35 20 8 34 42 66 
2 22 84 29 21 91 30 17 97 90 93 94 17 1 42 32 8 14 42 68 37 36 21 29 39 15 24 33 27 76 15 90 83 49 43 84 99 48 89 39 80 17 76 83 54 22 98 36 30 19 69 20 40 70 51 96 57 4 9 27 80 34 71 4 11 99 77 22 87 47 44 84 86 8 93 2 14 67 99 41 23 75 38 12 38 85 53 1 78 22 53 70 63 11 55 23 17 0 25 85 
23 27 59 5 89 35 21 4 84 7 8 84 11 1 11 88 43 17 77 66 24 81 70 83 11 55 19 15 16 30 0 83 91 52 79 37 67 60 48 71 51 59 36 75 51 25 90 23 51 8 9 55 93 29 21 74 50 92 63 33 61 82 60 4 75 79 40 36 53 54 34 19 16 59 99 20 66 17 43 58 38 65 94 97 82 8 5 69 79 13 45 15 78 93 47 16 29 44 19 74 
23 50 8 8 15 12 64 95 16 38 73 15 49 24 88 38 39 63 79 77 65 10 98 67 86 43 31 98 58 49 90 30 6 3 77 19 25 78 60 66 96 0 62 4 83 96 98 35 52 40 13 3 98 59 0 7 40 79 45 64 67 28 19 5 78 94 68 72 72 87 59 59 36 21 10 99 51 76 26 24 26 55 84 25 12 82 7 5 30 5 41 96 4 15 19 63 15 31 93 13 
92 81 85 3 16 10 1 36 33 65 17 9 18 77 9 51 49 69 73 51 91 90 99 21 37 36 10 89 4 33 44 14 73 83 3 54 94 39 43 66 52 11 90 31 32 4 27 44 41 48 88 12 57 21 27 30 33 51 87 68 54 61 28 1 52 78 19 22 24 57 81 22 3 88 93 81 15 86 10 74 62 66 19 15 8 88 2 55 92 43 70 25 10 71 84 51 1 88 38 12 
98 13 68 3 58 0 69 40 50 65 32 77 78 21 36 25 83 85 13 21 36 52 91 75 10 37 36 12 8 7 51 69 85 73 27 69 42 95 88 9 91 95 73 81 59 92 94 3 44 45 97 71 26 55 78 91 58 73 63 92 58 94 93 36 90 87 30 37 53 57 52 81 72 86 65 49 60 30 82 6 58 8 98 48 16 69 64 78 46 31 59 97 66 55 17 54 24 95 24 78 
97 82 29 20 63 41 3 14 97 18 94 57 73 53 10 93 12 41 51 27 43 75 54 38 14 91 64 53 40 66 57 97 17 19 50 27 35 89 40 29 46 28 76 6 22 4 91 83 58 53 97 40 15 9 84 27 61 83 6 14 18 42 35 48 11 54 85 26 28 6 11 82 72 70 37 58 65 37 28 90 60 31 2 89 86 43 69 23 1 24 71 60 16 82 20 75 8 66 21 38 
38 37 27 19 97 97 81 80 87 83 98 79 24 36 50 1 86 56 39 92 7 63 40 99 46 50 39 58 25 3 42 18 50 75 24 1 7 71 2 24 31 84 3 23 80 39 92 35 93 8 58 94 91 33 3 66 45 59 90 29 86 90 80 81 73 17 76 12 95 57 40 47 84 10 64 55 45 42 38 1 74 0 69 71 67 59 60 29 98 67 71 13 37 99 5 91 6 73 26 25 
82 33 23 35 50 20 7 60 38 8 5 58 68 37 26 80 16 93 66 48 29 83 84 56 41 20 20 34 14 52 38 4 20 50 44 78 56 84 5 80 58 36 95 15 80 85 56 18 18 81 42 31 35 7 76 70 39 54 97 93 99 17 56 16 51 52 57 91 15 78 21 82 15 61 83 97 4 37 95 47 53 45 28 3 88 2 78 89 50 85 54 1 93 17 62 29 69 82 70 4 
58 46 63 64 28 6 32 17 93 74 20 78 46 17 66 71 5 58 13 41 57 93 68 90 88 75 12 27 68 42 76 32 61 82 85 59 69 24 93 73 69 31 17 50 86 43 9 47 37 73 45 0 11 84 89 24 62 54 15 24 14 16 6 97 77 50 75 76 65 57 40 18 79 97 84 4 39 43 40 39 92 46 36 9 40 50 72 82 20 45 12 41 61 83 85 53 85 65 1 46 
48 19 55 35 77 81 6 47 60 95 89 69 2 86 30 86 27 50 34 22 54 54 36 27 65 97 85 18 97 12 58 35 96 68 8 41 45 75 68 11 80 68 88 59 28 25 32 85 69 65 68 86 4 42 61 48 74 7 11 39 90 29 18 1 18 18 62 6 17 52 24 53 7 19 54 47 56 71 20 69 30 91 64 69 96 15 69 47 60 37 85 49 54 88 41 20 72 10 52 8 
20 45 35 0 5 3 84 55 51 52 82 11 75 2 27 44 80 55 34 11 67 25 98 90 88 19 61 66 55 41 69 80 48 52 50 88 88 72 27 60 82 44 76 49 88 6 37 91 57 72 54 35 56 26 27 75 92 72 89 76 95 4 55 75 23 41 97 96 20 56 8 41 0 49 28 58 48 37 58 35 98 11 67 74 16 94 22 58 39 67 59 13 79 76 68 38 65 53 70 58 
30 91 56 11 12 46 16 10 81 83 74 11 71 88 49 20 46 73 45 74 69 92 62 8 54 72 41 17 6 35 23 74 39 79 5 37 27 77 59 86 10 81 52 86 85 89 34 14 59 9 1 32 58 19 41 11 92 69 94 22 53 96 10 39 7 9 31 84 46 0 18 81 63 8 27 31 50 22 24 63 16 75 23 29 10 85 35 45 86 76 21 77 17 81 71 24 34 8 94 43 
52 46 27 12 52 55 66 6 28 0 79 40 78 1 81 55 79 80 42 91 67 68 43 41 64 43 85 60 10 58 84 32 13 45 14 64 67 81 23 41 35 77 41 50 60 79 70 98 19 90 52 70 51 31 60 92 18 85 27 17 66 26 67 12 96 45 12 95 62 10 0 7 76 86 38 51 1 12 74 15 28 58 94 42 5 8 94 66 8 0 89 51 40 21 97 96 12 53 16 15 
14 79 9 63 47 92 29 77 38 12 75 51 67 79 74 21 9 48 67 96 96 27 43 35 98 65 32 46 90 24 75 76 98 13 47 82 74 31 14 2 98 18 12 62 52 77 58 37 55 97 50 65 5 16 25 44 71 93 49 14 45 63 7 91 75 56 50 88 72 96 5 70 84 49 68 43 87 74 59 73 17 89 27 24 20 45 46 3 89 13 0 50 46 62 72 27 15 57 85 98 
21 20 21 55 46 92 87 78 46 84 38 71 51 40 59 5 21 82 56 71 68 12 42 95 5 55 16 83 72 57 92 72 52 11 96 72 43 64 47 95 0 65 94 29 82 72 53 34 41 98 91 70 12 52 5 65 92 69 1 16 18 45 12 83 53 42 61 86 6 95 83 40 13 16 90 89 56 95 56 12 22 40 76 45 55 9 48 29 77 46 75 96 47 40 56 57 70 81 94 8 
3 71 48 60 71 17 98 51 10 42 14 95 56 0 2 14 99 68 39 47 24 92 79 62 83 69 34 6 93 28 55 67 87 48 7 98 85 17 25 76 25 23 9 3 55 47 98 91 72 13 17 40 27 65 52 48 8 47 76 77 61 65 10 20 52 40 46 67 71 62 97 96 23 97 96 71 33 34 78 19 53 57 62 97 88 90 29 49 2 96 6 78 34 74 2 28 0 58 34 25 
70 43 82 95 72 50 82 86 46 85 69 9 27 19 31 55 30 83 71 42 75 18 9 9 15 2 94 50 88 49 42 53 82 93 63 77 26 83 83 96 56 93 69 13 38 97 77 24 18 23 94 74 71 16 40 74 11 0 16 17 64 71 79 9 58 26 62 31 29 39 85 72 44 81 75 20 2 24 92 21 85 8 6 69 43 71 64 4 47 61 10 76 72 32 36 1 28 44 3 46 
12 92 73 88 86 84 8 20 34 60 36 65 79 39 40 79 68 6 79 62 27 82 46 67 97 59 53 49 8 39 61 26 5 32 28 81 77 54 57 71 11 37 59 41 54 82 74 42 68 85 9 70 4 90 65 22 88 65 79 46 38 39 81 0 30 27 14 21 39 98 99 69 16 71 53 99 46 94 12 91 86 15 10 94 14 93 89 99 17 71 15 20 5 95 94 51 68 79 69 70 
