100
82 85 95 11 41 71 80 54 80 18 55 1 50 96 31 75 89 24 59 51 32 46 90 20 28 85 15 16 36 49 47 13 41 29 12 10 99 34 22 85 48 96 70 43 79 31 55 22 71 69 93 35 79 43 55 22 62 7 36 82 84 36 12 67 8 15 53 59 21 94 76 2 85 37 25 13 75 72 15 25 28 54 8 7 93 21 76 99 50 8 80 49 65 70 11 9 48 86 51 94 
17 54 27 63 13 61 65 96 23 40 65 22 47 81 78 17 14 6 41 35 3 42 35 69 17 97 55 55 3 20 12 33 22 19 27 57 47 65 82 68 50 64 34 30 67 50 39 9 34 47 80 78 72 47 51 61 8 54 14 54 77 98 52 57 10 34 33 56 37 96 71 69 3 71 16 97 29 5 43 78 56 93 50 64 85 72 21 57 59 68 61 35 54 11 98 16 54 29 11 22 
35 28 78 59 52 9 72 23 27 47 32 69 52 43 8 35 32 81 68 14 87 25 11 24 28 97 86 0 53 17 99 47 50 4 21 47 96 89 33 46 0 30 59 56 27 71 26 49 1 12 47 48 41 52 42 41 67 63 38 62 13 76 81 86 43 7 36 17 95 23 20 30 26 77 89 13 25 96 26 42 15 0 53 50 55 88 97 4 77 35 35 1 54 72 30 15 11 60 33 18 
78 79 78 95 4 92 0 77 36 85 76 11 83 79 55 57 21 61 61 10 34 66 78 87 99 54 42 70 43 35 27 99 92 73 50 10 3 24 71 61 75 94 56 88 9 41 27 5 18 45 32 19 61 83 83 80 20 49 43 19 45 83 47 79 98 79 86 95 59 37 20 6 23 59 41 54 79 45 13 25 30 79 48 78 25 5 30 31 16 75 12 30 10 63 55 92 93 13 46 89 
48 43 69 70 43 73 77 92 56 26 24 87 9 88 84 7 37 27 57 71 84 31 71 86 78 19 73 72 57 59 22 15 60 81 0 28 64 98 61 88 30 50 93 37 82 61 81 23 69 57 82 35 23 6 26 16 56 53 15 3 89 55 73 60 83 87 59 8 8 90 36 85 79 51 40 33 53 19 2 47 39 18 64 80 22 18 53 20 22 75 11 57 18 10 13 55 31 52 98 92 
13 2 95 66 56 7 63 87 46 28 39 33 61 6 59 85 61 58 88 8 86 49 22 43 87 82 51 1 22 47 18 93 97 61 60 23 91 57 53 79 66 80 71 90 17 23 86 18 24 90 54 74 14 31 64 24 40 54 50 11 64 42 78 61 7 54 22 96 36 88 57 55 89 35 23 31 55 4 49 16 91 68 7 53 3 94 21 33 2 94 82 42 1 33 25 29 0 1 25 44 
56 82 12 66 86 25 32 21 94 77 41 47 79 12 35 56 84 40 34 35 74 27 28 0 73 61 23 30 61 11 49 95 10 46 11 88 71 66 60 44 44 74 74 73 31 32 43 63 51 63 61 4 0 41 62 74 66 71 4 0 32 32 19 86 1 56 82 5 25 24 52 77 92 66 97 94 68 96 2 99 68 23 42 18 63 81 45 80 29 88 81 59 73 93 12 3 83 84 9 43 
7 95 41 90 86 99 21 60 61 62 38 10 86 73 53 60 8 11 14 28 92 71 30 86 17 46 38 80 39 61 63 34 99 7 27 61 56 32 87 97 64 93 55 28 65 76 14 89 85 31 51 5 15 13 9 32 27 24 12 96 72 42 18 69 78 60 49 36 41 30 37 85 61 97 25 52 86 77 55 32 25 66 24 38 24 34 95 5 87 82 95 65 67 31 54 30 48 22 55 49 
51 89 33 12 34 2 43 16 99 11 2 35 33 27 33 20 82 16 34 99 44 4 94 22 91 70 84 61 77 74 28 50 22 11 36 99 25 13 25 43 63 41 20 86 37 82 17 8 48 38 65 92 22 45 24 67 26 42 97 25 99 77 27 75 53 94 9 27 79 41 12 24 42 18 2 60 26 8 30 95 24 57 65 44 61 32 2 63 89 45 55 4 98 59 37 7 88 72 48 42 
61 58 94 40 72 69 85 14 48 88 52 1 76 67 10 69 34 67 8 62 10 43 39 33 72 66 70 39 62 80 41 60 8 6 81 7 53 4 53 80 24 83 69 96 48 93 47 81 30 10 55 37 86 43 39 89 78 89 73 35 77 40 65 14 42 86 42 72 86 28 36 37 40 99 26 14 18 83 87 58 84 72 81 18 72 85 66 42 13 11 69 73 38 0 12 15 37 56 78 25 
20 53 43 98 83 67 25 21 52 37 42 49 73 13 19 95 3 2 49 26 41 22 22 60 68 31 1 11 48 61 91 67 2 0 91 49 78 62 93 4 96 88 77 16 37 93 61 12 53 70 37 66 11 10 96 30 90 75 27 16 59 87 93 8 27 5 35 77 69 73 16 69 32 77 7 15 26 39 66 88 72 53 6 0 92 16 71 93 19 53 71 82 44 43 45 34 52 92 92 31 
70 66 15 72 99 59 64 93 2 54 48 49 18 8 65 55 88 40 23 47 27 51 54 32 6 20 44 1 21 11 74 23 86 92 71 46 88 52 22 3 8 29 27 91 14 73 26 72 8 7 81 41 72 1 75 20 90 88 46 71 77 27 79 65 73 16 56 7 44 63 80 63 34 83 72 24 7 97 51 21 22 24 69 24 0 14 58 58 92 38 0 49 48 42 41 55 10 46 35 83 
25 94 17 21 17 18 9 26 15 64 81 59 4 26 5 52 81 49 95 4 44 17 63 67 10 40 4 56 86 2 23 8 6 17 35 31 32 51 49 3 27 87 7 7 70 33 82 73 63 85 51 65 71 75 41 77 84 78 50 69 6 70 78 55 76 94 42 73 19 11 64 56 14 42 58 84 8 48 54 20 40 73 58 75 42 41 39 97 61 17 72 51 95 87 34 72 30 68 68 39 
31 72 74 54 47 32 5 95 90 16 9 92 82 4 68 79 72 41 26 66 49 62 61 68 95 80 19 37 66 89 84 18 33 85 50 61 3 27 42 35 63 97 97 50 74 63 65 53 99 9 46 78 46 59 74 37 13 17 94 87 53 26 53 18 69 53 68 50 71 92 46 79 75 83 77 73 61 23 52 74 56 60 97 75 38 29 21 95 31 48 96 92 27 75 13 98 35 73 15 96 
75 80 62 70 40 8 40 27 40 64 67 63 41 18 12 91 61 31 49 60 16 76 37 85 10 71 24 4 5 46 58 74 52 90 5 77 67 47 50 45 6 97 62 31 14 87 30 14 49 79 57 72 52 77 17 5 33 49 21 80 61 68 80 26 12 27 60 95 12 97 61 98 61 55 74 3 12 24 11 77 89 0 24 69 3 5 98 42 66 69 66 88 64 17 93 91 1 24 0 31 
69 32 88 68 84 79 21 52 99 81 88 74 71 21 19 36 75 81 78 66 92 29 36 46 70 30 36 35 76 54 2 66 54 57 4 89 8 81 49 56 23 5 43 78 22 69 48 32 22 63 69 35 44 79 58 0 17 25 49 57 7 37 57 78 18 65 68 47 1 68 11 85 5 42 72 73 45 54 10 62 42 75 49 72 91 18 7 38 79 44 52 75 69 81 92 22 10 30 57 97 
99 15 59 78 97 44 88 6 69 55 6 35 14 48 9 44 45 17 26 90 94 36 55 26 68 50 69 0 19 84 67 9 36 71 51 88 58 34 29 25 15 66 29 90 70 83 82 92 94 98 97 48 80 81 92 89 80 23 86 31 13 90 84 16 54 86 43 84 31 7 28 56 99 32 19 19 9 46 55 34 89 36 90 11 66 60 60 62 1 51 24 79 16 65 84 12 13 99 3 99 
72 73 38 65 11 45 73 35 2 25 27 39 7 87 41 5 37 49 17 92 1 57 29 24 88 67 80 90 1 87 97 81 73 74 57 67 77 54 2 97 41 98 90 60 94 46 24 28 6 99 82 1 14 60 34 43 52 93 64 52 29 96 24 3 75 7 96 74 51 67 74 17 37 45 20 35 36 92 83 34 7 96 1 96 88 70 4 41 67 80 81 3 50 67 49 98 43 66 84 53 
14 61 87 64 21 7 6 21 30 21 14 56 43 20 3 30 34 84 62 40 27 18 71 87 78 39 40 39 20 3 9 60 68 64 67 8 8 81 11 91 15 31 62 82 43 71 58 43 97 74 16 84 45 2 99 15 64 1 63 44 47 17 80 89 7 79 91 54 23 11 3 12 70 72 83 71 75 73 16 90 50 41 26 28 43 97 98 77 3 28 98 89 97 54 1 76 77 43 19 6 
47 31 83 42 48 59 31 30 43 93 87 69 5 22 17 68 29 30 36 44 34 8 40 20 87 46 28 17 4 36 53 64 15 9 50 7 97 3 86 87 80 61 87 16 34 18 57 91 46 48 27 18 98 12 16 79 73 67 97 72 93 61 24 21 76 96 32 6 0 68 2 27 24 22 60 96 84 11 57 44 38 16 97 49 27 17 27 13 67 33 54 59 27 52 70 52 78 91 29 96 
63 16 21 63 16 11 98 76 83 82 79 5 24 25 75 98 53 2 82 53 52 3 79 29 44 18 24 59 85 39 71 5 66 61 61 62 85 47 76 5 79 93 1 98 51 7 94 45 8 77 90 95 66 95 79 41 81 67 89 68 64 34 29 45 18 32 42 98 5 69 64 90 22 59 57 70 90 2 67 89 53 9 58 93 21 72 59 56 62 25 50 92 40 62 23 17 70 16 69 87 
76 36 81 81 5 97 55 93 13 86 82 87 41 17 50 89 23 45 35 30 95 19 3 44 29 66 4 71 31 90 71 19 77 33 47 55 71 66 51 13 95 40 1 60 76 56 48 68 52 25 12 90 77 97 55 13 49 53 10 89 32 6 27 39 23 3 34 0 46 65 30 82 73 35 53 36 31 47 17 36 70 24 8 42 29 53 53 91 86 11 23 59 5 28 33 8 55 77 90 15 
74 54 26 25 39 7 82 40 80 57 17 91 29 28 97 45 35 13 66 45 54 81 9 93 46 73 3 95 75 7 33 99 5 18 14 92 53 75 70 99 16 94 69 26 77 31 24 37 33 54 0 27 38 27 62 3 99 91 49 43 44 56 29 51 69 57 80 88 95 92 38 44 26 64 16 29 31 82 80 72 51 75 25 59 56 65 25 23 39 88 99 68 56 17 80 4 52 71 36 95 
72 47 21 87 20 57 59 67 15 23 86 5 95 47 20 6 79 79 85 78 65 19 62 33 58 63 76 86 51 64 45 16 22 63 61 59 17 33 23 80 29 36 72 75 47 1 18 39 71 18 91 9 87 15 31 42 60 10 61 22 65 79 67 11 40 77 21 74 83 27 71 58 28 55 49 20 3 82 8 38 54 10 7 17 40 76 46 62 59 80 54 83 96 69 77 89 52 54 94 0 
34 15 71 53 54 14 23 97 92 50 37 75 85 90 37 84 63 25 80 14 20 98 94 19 19 80 87 27 44 48 30 81 86 55 84 18 43 98 26 12 57 43 35 45 83 60 7 18 53 19 43 85 7 48 24 18 41 91 65 40 2 35 51 21 41 13 38 14 24 62 78 76 63 80 92 57 1 6 47 64 80 47 95 79 58 1 82 63 59 70 56 92 94 62 37 59 80 62 81 64 
61 74 42 40 16 55 13 59 78 12 48 53 28 8 49 20 37 15 4 61 79 56 33 76 99 51 34 48 61 8 5 4 12 47 82 64 95 75 83 96 44 56 71 28 75 95 18 59 95 8 89 0 85 65 75 40 98 80 53 76 33 59 20 67 75 15 87 39 14 58 64 99 33 35 54 35 67 56 22 82 50 21 35 2 15 16 25 57 63 73 98 60 27 60 55 95 60 59 59 50 
32 47 32 70 85 36 63 46 40 41 9 65 62 45 50 69 90 29 27 14 39 45 19 11 69 71 2 86 62 44 94 30 38 31 22 89 44 37 65 1 27 42 96 92 70 35 29 80 49 95 36 63 14 49 26 56 59 55 68 8 19 98 33 61 52 95 95 83 14 93 94 89 81 89 24 98 6 59 67 89 37 86 90 79 42 87 26 26 51 42 29 43 12 59 37 59 74 28 84 39 
5 95 65 57 58 41 40 89 46 6 86 13 19 51 24 6 74 88 58 36 5 71 95 37 54 13 78 43 47 94 39 44 82 5 41 18 72 15 92 81 21 51 94 23 17 48 22 33 98 55 44 48 62 83 99 76 42 32 46 67 69 29 79 58 76 1 0 69 84 62 16 17 89 89 1 39 65 26 4 49 2 78 68 94 91 9 68 81 13 13 11 34 34 53 23 43 31 13 6 43 
9 66 85 9 16 92 32 72 53 65 62 77 64 58 16 10 11 30 37 18 52 33 70 38 39 53 21 47 81 91 98 25 59 25 14 43 83 81 80 12 16 57 54 62 38 45 85 77 22 47 32 90 51 72 0 69 38 94 36 90 58 4 17 48 16 22 91 90 51 64 26 95 18 83 62 61 18 92 36 82 36 87 39 64 13 14 14 69 70 58 39 36 19 5 20 50 12 82 60 7 
9 90 87 14 98 94 51 87 22 99 28 86 86 49 57 53 65 39 76 20 10 61 77 52 96 99 83 51 83 95 34 93 99 94 0 98 54 70 36 13 18 36 22 1 69 92 3 49 89 14 87 65 49 55 70 52 35 71 64 4 54 14 97 28 24 83 21 87 88 89 24 83 73 29 57 40 78 76 37 5 68 26 54 90 58 69 43 9 61 27 44 87 28 37 98 9 18 59 78 72 
82 89 71 62 52 66 87 86 75 63 77 42 10 51 29 46 66 1 59 60 52 14 54 96 18 95 61 42 81 28 86 6 14 51 2 15 73 96 35 1 93 30 58 11 70 63 6 56 14 4 11 49 22 52 46 26 52 44 92 25 29 74 20 92 48 88 51 55 90 73 75 43 79 6 80 48 5 2 74 35 17 53 73 29 43 40 22 94 96 67 97 65 30 10 98 93 43 61 23 14 
75 46 47 15 4 34 70 54 9 12 72 24 46 16 61 98 84 91 28 33 99 24 46 69 21 4 49 14 69 61 2 90 21 53 55 16 18 54 53 56 89 20 82 14 81 13 40 22 3 98 37 14 42 95 7 74 97 86 72 58 7 92 22 62 74 69 7 96 0 77 20 32 87 5 97 11 23 18 72 17 73 29 69 91 97 86 95 52 9 75 1 62 49 37 44 14 53 86 82 20 
82 13 87 48 17 75 2 96 17 48 33 70 21 58 8 65 87 49 47 79 26 53 56 72 54 13 35 90 27 47 28 57 74 78 14 70 54 30 92 56 54 35 19 68 66 28 55 24 77 7 35 59 9 75 8 7 80 34 54 52 95 72 51 97 22 12 2 11 15 57 79 15 99 22 11 76 87 32 74 0 61 92 15 35 22 3 97 50 93 90 28 47 90 71 59 82 43 75 63 22 
7 76 56 90 16 29 31 25 99 54 1 57 41 40 54 98 49 53 21 15 70 18 86 35 34 83 79 89 53 71 52 37 47 42 84 64 53 25 36 53 68 30 71 21 7 17 52 43 52 67 70 70 10 69 87 64 69 20 5 98 79 13 6 8 26 47 23 29 33 83 34 57 66 93 83 47 68 42 99 46 14 18 40 85 78 66 42 17 76 2 42 73 4 68 59 27 67 20 65 1 
31 12 28 74 41 27 21 58 16 27 9 91 61 85 42 85 37 52 95 20 43 58 87 99 72 58 21 3 53 8 43 21 78 42 17 82 25 56 70 4 88 27 69 89 84 89 88 51 12 46 57 8 62 33 14 30 47 36 91 3 28 6 14 32 78 88 19 99 0 41 7 32 15 89 16 37 13 36 73 46 68 8 75 10 9 85 65 21 36 53 2 37 50 40 62 40 21 98 57 73 
76 47 56 95 24 19 16 50 50 51 34 7 75 54 66 70 58 71 57 94 9 83 87 54 15 28 66 11 72 26 47 15 35 93 84 92 69 54 28 64 73 22 21 69 43 87 12 26 19 53 35 71 17 19 6 92 88 61 92 43 71 9 58 73 61 3 86 28 5 90 18 49 25 39 24 0 35 20 93 2 30 62 24 90 99 66 65 21 48 84 97 74 88 61 38 15 30 8 66 72 
74 29 26 72 96 24 58 15 85 59 61 7 33 97 19 94 90 19 0 19 47 43 6 84 91 68 16 15 88 36 29 20 43 67 21 99 54 31 75 94 6 10 92 51 3 16 90 16 28 4 45 21 49 75 0 11 55 70 40 65 72 3 70 53 95 77 37 49 17 48 7 25 47 61 94 64 2 4 81 50 47 9 5 58 38 51 40 51 18 6 33 73 91 85 11 36 18 61 19 61 
20 12 24 97 25 41 78 78 49 14 56 41 6 38 34 62 5 54 48 45 40 78 18 46 45 74 71 23 75 84 83 67 44 46 30 22 21 75 38 48 87 12 2 62 68 88 95 84 11 6 39 17 69 46 42 12 27 65 55 31 39 39 7 26 53 66 48 86 23 54 36 42 14 52 58 21 83 2 76 84 21 80 84 57 7 25 89 59 21 20 0 59 54 28 52 28 69 68 92 90 
30 84 94 33 14 94 66 83 2 25 50 1 85 12 0 74 79 25 44 14 37 75 0 55 34 51 84 55 6 39 17 77 75 46 53 37 79 85 63 84 18 77 37 97 20 58 81 77 25 61 63 43 29 25 79 47 63 98 7 7 53 21 35 47 47 68 61 51 9 6 47 73 48 10 78 28 76 19 49 79 76 83 63 75 60 99 41 99 28 97 6 16 54 62 5 8 9 33 69 97 
85 37 93 0 26 52 6 34 86 84 6 63 82 21 72 11 0 73 93 9 62 83 29 87 82 76 77 78 67 48 89 31 22 56 58 1 11 19 36 59 62 97 52 32 53 40 80 55 35 32 40 90 59 43 98 65 61 80 27 98 28 5 40 63 71 83 92 58 37 1 1 13 79 36 31 16 92 28 12 28 25 34 66 45 77 35 17 94 51 83 92 16 84 96 79 98 61 43 13 64 
37 40 34 13 86 50 41 23 69 91 81 33 12 58 43 59 61 44 8 60 47 62 48 51 38 30 59 25 20 50 76 42 8 55 33 44 7 67 40 33 5 67 30 94 40 92 65 65 84 22 5 23 78 41 72 33 93 22 55 67 85 52 66 98 1 26 5 36 14 77 98 42 80 51 45 0 4 69 80 7 22 48 62 42 20 96 21 67 62 81 19 84 77 44 4 7 11 4 39 38 
44 52 72 97 41 60 73 54 31 86 75 69 39 27 4 19 95 3 48 76 96 7 62 21 86 31 16 78 62 96 88 87 84 97 49 4 27 39 35 82 86 38 28 51 84 47 41 10 96 3 5 28 26 24 86 92 20 58 10 64 5 56 14 96 78 17 99 74 5 25 75 7 19 81 16 96 66 38 48 62 31 73 58 29 98 90 31 40 41 76 7 66 5 39 49 89 64 37 75 62 
29 42 44 49 45 89 72 0 44 66 39 31 98 69 57 52 14 8 80 46 25 35 81 83 16 2 23 92 72 45 47 66 24 23 24 46 26 66 47 28 16 93 60 73 68 11 16 60 36 79 48 19 27 71 64 36 15 59 85 79 61 87 37 69 88 94 38 59 32 90 63 40 84 75 16 96 10 3 34 80 92 42 20 60 2 38 29 94 27 48 47 33 55 59 17 83 30 48 24 42 
99 74 65 40 77 61 70 69 32 55 84 54 75 2 58 60 62 16 42 59 24 5 23 74 65 83 95 82 22 99 94 17 47 40 10 7 49 67 47 70 34 19 44 42 42 13 17 68 9 59 15 70 69 61 7 8 63 81 16 95 35 28 26 20 0 28 98 86 7 94 17 24 28 79 78 20 12 66 31 11 82 14 85 97 2 23 55 23 32 51 34 33 63 91 48 38 13 63 48 77 
79 98 15 11 92 3 38 96 1 10 44 0 12 50 94 4 31 16 70 20 1 74 49 75 76 46 94 64 74 81 2 86 48 33 21 2 83 84 33 33 31 66 29 65 54 65 75 71 49 51 37 61 92 60 29 24 7 20 60 73 63 22 74 26 8 85 69 76 27 93 60 79 52 17 28 43 22 68 3 22 88 62 7 0 87 93 43 32 18 23 29 48 91 2 31 65 2 92 56 62 
24 11 79 11 87 45 12 81 29 52 92 98 56 10 70 15 98 35 23 26 67 6 90 46 28 42 18 53 68 83 82 80 78 94 18 13 82 49 76 35 80 3 96 34 38 36 50 76 42 27 63 56 47 20 62 31 60 65 54 7 20 49 90 5 47 22 64 15 91 86 89 32 93 77 22 86 67 43 59 56 75 18 51 46 66 20 78 28 9 12 70 85 75 49 67 31 80 69 98 30 
0 99 32 46 56 47 28 41 58 5 37 64 57 26 30 62 71 53 97 24 14 43 75 62 12 33 86 19 71 89 26 52 99 45 27 25 29 77 84 63 50 32 50 66 27 8 96 89 49 22 18 74 38 99 28 93 66 71 4 38 53 82 68 16 86 42 5 0 76 49 47 1 57 39 65 66 48 97 69 94 25 47 70 39 13 88 70 43 0 70 75 68 33 85 30 64 55 58 79 56 
35 45 82 49 86 3 5 47 5 63 90 92 62 20 30 88 67 1 63 70 88 81 75 84 12 84 8 70 95 83 20 16 27 91 75 62 63 58 80 9 19 13 6 35 3 22 69 9 81 68 73 51 96 17 93 7 71 79 42 7 78 15 80 84 59 48 10 1 93 53 15 93 38 1 70 98 83 26 56 50 61 20 30 89 25 16 82 19 14 1 88 18 53 13 92 64 26 33 13 40 
99 78 89 46 86 17 84 31 32 76 39 74 72 0 53 84 58 72 37 34 65 32 68 35 15 38 83 20 89 28 34 35 17 85 64 87 62 44 19 82 94 88 99 70 19 82 15 55 45 87 31 23 12 61 55 71 97 54 54 7 86 4 44 59 49 51 72 54 82 89 82 25 30 39 89 98 14 16 44 5 87 85 78 52 19 19 63 99 96 34 83 67 67 10 7 29 25 59 94 90 
35 79 17 36 56 28 48 85 39 18 71 78 64 85 62 14 56 14 25 72 41 64 66 8 25 47 2 66 0 46 85 72 16 16 16 43 40 49 64 91 68 77 70 68 54 6 82 89 48 74 11 8 42 98 65 54 86 15 32 79 13 35 62 62 46 60 0 74 37 39 80 81 62 76 35 50 54 43 82 86 13 74 54 83 93 14 71 99 36 18 30 91 92 73 73 6 89 5 56 90 
26 2 40 28 88 30 88 83 97 76 0 84 34 79 21 57 85 53 64 98 37 72 24 32 11 67 33 8 74 2 80 93 64 40 47 52 9 39 30 25 71 37 64 55 94 69 80 55 2 76 53 91 71 21 83 88 84 11 28 36 80 98 71 85 15 13 37 96 91 45 97 51 18 70 64 17 94 39 9 42 80 53 29 43 22 81 94 59 98 25 82 59 3 70 15 69 86 41 34 89 
41 94 62 31 72 33 27 78 26 48 25 96 40 42 73 83 21 99 16 46 38 25 65 26 62 53 90 60 80 42 57 11 92 25 97 83 38 13 5 63 68 63 22 80 67 92 18 39 96 81 95 82 55 43 37 24 93 11 63 24 2 35 90 96 93 8 41 84 92 32 83 58 30 34 38 49 60 78 15 50 7 30 23 41 7 78 89 36 51 46 90 15 98 4 29 93 46 96 81 80 
47 45 82 12 17 41 89 74 42 89 48 34 20 46 30 15 17 12 31 32 71 40 50 66 22 4 31 21 90 71 64 11 88 2 51 22 27 55 48 74 11 38 51 53 14 21 31 18 97 77 23 50 78 4 95 77 79 93 91 26 82 80 31 14 40 44 4 48 97 57 50 28 52 59 92 89 19 70 70 1 89 18 86 4 17 83 89 16 33 92 22 53 17 27 74 95 52 68 79 47 
0 1 98 52 65 48 89 94 27 93 49 36 43 23 23 15 96 21 75 65 99 6 75 66 42 46 52 74 86 27 13 95 39 10 1 64 14 78 47 65 43 36 90 4 89 99 15 84 63 30 79 19 66 55 94 87 83 84 14 41 18 63 67 14 57 10 28 27 35 28 21 7 38 18 1 74 93 31 83 12 96 51 55 66 72 97 46 37 54 16 95 20 62 48 66 43 28 88 70 76 
2 60 35 87 55 32 78 52 88 2 31 60 21 30 77 61 37 83 62 63 93 40 76 26 96 68 48 23 30 83 34 45 99 10 48 13 27 51 78 61 56 79 78 16 32 44 29 63 59 78 75 47 70 77 28 39 35 37 30 18 66 29 10 99 57 63 41 10 32 89 73 1 48 44 62 21 60 92 34 54 34 66 63 74 88 2 30 43 82 40 76 13 84 54 57 25 70 32 47 71 
63 79 28 48 81 62 87 96 1 97 43 46 11 5 46 56 80 98 89 18 91 54 37 73 61 63 11 29 3 18 11 37 11 62 74 85 33 50 48 42 17 79 46 5 36 88 77 14 84 47 6 36 89 50 31 32 20 59 70 24 76 2 48 13 1 54 87 74 4 39 90 18 43 34 70 22 70 84 27 18 10 60 29 34 56 0 65 9 28 23 77 75 76 71 40 66 25 4 11 44 
0 55 4 35 97 47 58 23 78 14 88 19 20 29 52 17 33 41 92 0 29 69 45 27 64 60 92 56 93 53 16 10 46 34 97 42 21 92 93 76 33 12 21 5 36 18 21 89 26 9 8 22 85 32 17 14 18 74 8 29 3 76 6 54 23 8 77 79 1 23 78 69 81 86 59 67 9 71 92 19 76 5 32 99 42 35 4 55 40 36 85 1 29 92 15 7 57 56 85 33 
99 11 47 52 34 60 26 29 75 69 70 17 80 42 52 34 38 24 86 87 1 1 22 60 59 19 11 55 28 8 1 16 3 9 24 0 12 4 16 18 47 58 74 44 32 94 57 22 44 31 95 34 9 83 63 36 50 10 50 23 1 43 18 40 8 33 47 6 18 45 93 27 55 81 63 21 95 86 22 48 31 92 87 53 57 96 75 7 82 73 78 70 52 74 45 42 90 70 44 68 
7 64 30 10 46 80 54 72 49 6 73 26 74 49 25 29 93 63 18 35 93 4 15 63 8 83 34 88 13 94 14 84 42 54 88 16 50 33 20 42 9 10 78 35 7 54 88 44 91 32 81 81 51 19 5 13 46 0 78 20 89 83 92 90 36 24 88 10 24 19 27 7 52 13 48 28 44 4 81 16 6 68 64 88 5 28 23 94 44 46 54 31 5 83 26 51 16 17 56 89 
95 66 69 53 34 6 28 17 35 19 98 29 46 92 52 95 24 44 69 17 10 45 17 80 57 55 28 0 94 14 48 24 62 16 35 75 87 37 9 26 71 5 87 3 24 24 51 87 27 27 64 70 18 54 38 46 52 86 70 75 46 15 21 37 96 68 5 23 79 99 53 97 83 17 38 54 10 83 1 18 0 44 56 84 10 64 41 85 37 70 72 80 4 7 17 28 66 38 7 72 
78 18 13 20 71 46 90 99 82 31 9 10 80 33 58 0 74 6 91 44 32 75 3 21 83 80 44 50 63 24 96 25 68 94 72 37 58 44 84 67 20 64 14 3 12 36 60 95 84 23 10 97 49 56 85 68 27 80 85 7 55 85 33 87 57 44 78 71 30 51 33 96 76 74 36 8 64 2 72 9 51 47 59 99 90 2 77 6 78 80 12 22 97 89 70 89 89 7 69 88 
19 55 1 57 5 84 46 76 96 63 95 95 51 32 30 13 24 58 63 94 24 77 23 90 69 79 88 15 17 41 58 93 56 57 27 66 60 68 22 99 96 80 14 69 84 36 14 34 56 91 81 82 49 38 38 9 97 11 23 87 56 45 32 44 88 88 17 85 31 61 22 9 61 43 34 56 48 7 50 84 86 36 98 99 92 70 55 28 36 5 33 0 86 52 78 10 77 62 24 53 
21 95 74 90 32 56 57 17 56 41 94 3 94 76 83 25 56 32 33 12 91 88 84 4 93 11 59 83 70 37 31 44 78 40 41 3 74 45 61 40 70 99 98 80 61 72 92 26 74 12 14 70 81 20 64 27 39 76 81 86 29 83 89 1 94 44 89 34 82 10 84 36 33 64 74 94 30 88 76 63 97 17 88 60 32 86 12 42 57 51 72 73 67 90 48 10 85 33 92 94 
60 5 5 34 68 14 37 70 2 72 29 58 19 45 98 73 14 72 52 88 85 43 15 7 19 70 31 92 50 27 52 61 65 24 80 33 12 32 1 69 46 31 33 60 56 35 42 43 22 39 69 88 37 2 49 8 14 28 85 58 6 57 2 45 38 68 19 60 52 87 42 0 14 85 71 54 19 65 30 65 38 1 69 33 62 85 10 43 97 17 9 64 72 31 55 98 39 97 36 33 
91 25 99 45 90 25 88 9 70 80 77 82 84 41 12 89 10 25 38 85 28 91 50 65 47 7 32 42 91 93 3 54 94 88 35 39 38 8 68 9 47 27 27 78 26 34 92 95 10 27 26 73 56 40 90 94 3 1 45 18 38 99 74 1 58 84 91 69 31 21 74 55 0 27 16 56 82 42 15 95 72 54 71 40 82 91 86 96 56 54 19 40 60 43 0 42 21 31 53 52 
43 98 39 28 74 62 94 39 61 28 46 35 67 47 17 0 55 53 90 99 91 21 1 3 45 81 6 73 75 47 27 19 99 90 55 84 3 43 65 50 83 26 15 55 84 78 79 29 6 74 10 55 76 83 93 41 38 71 3 38 42 13 4 72 30 4 9 28 57 71 19 86 96 76 81 23 33 75 89 27 65 84 36 4 15 62 88 34 80 16 81 73 33 36 89 29 16 53 94 63 
39 63 87 41 18 92 91 42 49 65 16 35 79 14 25 72 56 0 65 47 6 20 1 7 0 90 8 25 50 31 69 50 8 91 23 52 41 50 47 73 59 46 84 63 38 80 72 29 89 19 47 99 33 27 42 73 65 89 36 52 81 52 27 28 49 48 89 1 37 21 15 40 47 17 48 77 66 97 42 1 35 9 92 22 66 78 9 43 82 41 19 71 34 74 75 28 54 29 41 89 
86 32 16 42 76 29 12 10 38 5 62 26 41 55 75 94 25 46 76 67 43 38 33 72 48 27 36 82 57 7 42 31 34 25 95 15 74 78 37 22 81 83 6 13 65 51 9 0 15 28 88 91 8 33 17 51 85 7 47 88 72 17 68 62 89 15 61 80 34 94 82 20 93 2 5 22 43 47 43 10 32 86 84 26 65 63 29 55 74 58 39 59 63 38 18 73 69 76 96 72 
93 96 27 67 25 42 20 10 48 8 7 38 76 56 90 64 85 50 15 40 3 3 57 89 19 99 12 32 39 88 15 22 32 74 78 98 15 13 77 58 20 46 66 87 88 36 7 59 41 80 78 87 74 82 23 73 86 37 26 16 61 54 10 74 32 17 37 70 64 79 5 83 74 29 28 45 90 66 73 82 29 5 96 35 23 11 43 88 78 67 4 88 97 73 2 93 3 85 5 44 
91 58 89 30 98 8 3 25 60 47 27 79 34 12 11 64 47 2 18 85 18 51 86 89 48 62 34 9 31 86 40 71 17 76 16 21 90 15 75 26 31 99 18 91 27 91 4 43 70 36 70 36 29 47 71 74 97 29 92 35 73 23 43 44 87 44 79 66 49 54 96 4 17 63 25 55 56 23 43 20 97 65 52 35 28 60 61 66 33 52 36 90 3 22 57 26 31 88 44 31 
72 43 14 42 40 93 2 78 54 94 61 8 71 20 55 94 61 50 81 8 82 45 40 52 81 29 19 77 29 53 45 82 44 62 45 24 89 26 83 12 47 96 76 71 92 23 29 84 18 30 27 36 79 63 61 43 64 56 73 21 12 12 58 60 4 30 29 68 40 96 33 31 45 95 9 93 81 85 67 83 9 87 52 65 54 50 4 91 21 23 20 98 77 64 77 91 27 25 86 26 
75 98 70 70 0 35 53 84 46 57 82 87 80 11 7 87 35 36 91 51 5 73 73 37 35 65 83 79 48 80 10 51 34 52 7 44 47 82 78 13 54 86 88 67 46 77 39 60 31 39 63 13 86 41 11 52 93 86 0 18 51 93 96 84 76 92 70 92 47 73 95 95 92 22 42 52 96 69 60 63 40 64 40 70 99 34 34 78 17 2 91 91 87 62 95 41 22 41 45 76 
56 77 70 30 3 12 53 16 38 96 26 52 68 85 75 53 91 0 15 7 18 19 32 51 38 15 93 22 87 41 84 12 38 4 99 85 69 82 37 36 92 95 43 16 4 6 73 91 71 21 23 88 24 66 30 65 20 18 49 22 84 74 13 75 96 18 14 36 79 23 83 5 34 80 33 98 64 3 92 24 35 4 91 24 3 64 97 25 42 76 21 85 26 16 61 76 86 17 16 51 
7 73 19 84 34 40 52 90 69 74 44 31 41 22 93 91 21 42 91 46 49 57 66 50 55 11 59 85 13 28 78 86 69 51 16 94 84 44 16 30 35 30 73 65 89 94 15 4 75 21 27 24 2 22 53 28 51 49 40 1 28 29 75 86 53 14 10 12 44 96 2 57 44 84 76 84 77 8 61 98 56 60 77 37 39 31 38 44 39 67 68 36 49 90 82 1 98 26 43 3 
99 27 45 60 72 43 31 33 27 14 47 27 35 11 96 29 13 94 96 20 99 26 78 6 66 76 72 16 86 50 66 3 14 88 33 21 37 43 21 56 6 45 10 88 31 2 49 21 5 82 17 87 53 33 64 27 72 85 1 0 78 84 90 86 13 78 16 63 82 95 1 15 95 40 18 41 66 46 4 88 57 32 96 34 24 99 33 95 62 87 40 67 95 75 64 5 64 97 78 63 
52 28 95 8 6 19 28 10 27 66 45 41 96 79 88 36 34 65 49 81 41 52 72 98 62 82 76 97 53 32 18 37 26 2 4 64 98 13 55 1 44 89 66 69 76 31 29 74 74 62 79 27 20 4 10 24 45 53 18 24 54 9 28 75 88 97 90 30 11 33 6 72 39 11 14 46 4 3 78 96 76 74 7 1 13 72 54 85 20 40 36 41 60 89 89 56 4 15 32 8 
27 56 13 75 97 27 74 81 65 3 8 84 61 38 65 67 83 38 45 72 89 86 67 86 48 80 31 42 49 90 20 80 94 58 61 34 7 54 31 70 57 4 88 80 44 32 44 70 42 33 65 57 53 3 39 47 16 74 48 38 63 81 35 6 99 47 75 23 15 9 82 94 38 38 61 50 1 31 87 38 77 52 81 74 0 32 47 75 70 88 21 46 8 88 96 86 37 98 33 40 
27 60 13 61 2 36 56 60 65 11 64 30 54 96 23 34 97 54 56 36 83 71 32 95 5 95 78 6 32 49 3 65 67 38 76 26 68 59 82 46 79 85 49 67 11 94 32 36 66 26 83 40 92 70 17 53 39 56 41 82 99 1 2 91 69 35 8 69 13 53 37 98 30 82 36 56 27 55 81 75 33 12 25 62 17 87 15 8 46 53 10 88 25 59 33 53 61 42 98 75 
84 75 75 6 54 5 42 70 12 6 2 37 3 70 55 66 56 13 57 20 31 10 25 29 14 1 49 15 54 3 75 68 15 25 63 50 5 84 36 86 37 15 42 19 55 49 64 81 76 53 1 62 64 72 66 70 46 61 34 67 71 99 76 62 57 59 30 70 28 47 28 25 75 63 16 21 33 58 21 77 98 60 62 99 8 64 68 79 92 73 84 19 0 78 25 85 24 95 55 71 
99 38 9 88 38 8 3 94 71 95 43 47 13 44 52 67 60 39 87 82 45 17 68 4 78 84 28 1 97 60 0 0 50 73 73 72 25 98 8 71 44 8 7 58 20 99 1 94 90 77 85 31 43 10 26 70 68 24 8 1 10 75 27 84 50 2 40 85 30 40 64 92 98 24 79 10 59 43 98 85 46 63 1 41 52 84 98 46 8 94 47 22 68 95 34 86 54 54 92 44 
92 42 52 93 76 55 72 32 7 78 35 23 94 32 28 12 93 22 35 69 51 70 84 92 54 47 15 18 99 87 80 43 21 25 42 83 71 76 81 23 95 19 26 67 13 73 85 16 96 88 90 99 17 63 68 75 83 17 59 96 5 45 80 45 85 87 59 53 80 82 99 57 94 68 3 44 6 6 61 45 38 38 58 24 53 25 94 83 72 79 2 34 31 81 76 39 91 29 13 25 
99 53 15 89 43 6 38 56 71 6 36 33 24 77 90 9 67 96 56 90 45 83 65 84 55 79 60 2 25 98 51 49 79 28 31 93 29 37 11 99 50 64 77 39 59 64 9 96 65 5 54 83 59 53 89 2 99 86 68 31 31 52 2 62 48 19 47 72 3 83 14 52 55 73 9 10 32 82 54 28 69 95 84 97 89 87 31 7 26 82 31 45 61 89 74 32 67 4 19 22 
35 4 30 49 62 83 9 85 71 32 46 14 16 66 89 93 33 50 57 47 8 62 9 84 28 16 99 33 81 9 32 6 26 88 68 65 95 67 69 1 57 34 26 63 46 37 45 44 80 17 76 82 2 90 99 56 39 56 45 36 83 71 16 13 13 98 45 40 23 41 56 77 87 63 69 31 99 69 34 11 50 78 41 38 94 45 46 23 69 53 10 30 99 40 72 40 45 76 67 0 
29 50 88 16 47 94 32 93 98 30 79 60 81 91 6 10 44 57 99 29 89 59 25 10 15 24 41 71 21 50 0 2 24 21 18 17 3 48 71 20 49 0 79 36 16 20 69 63 73 31 88 22 67 1 26 7 87 99 9 88 95 23 53 49 1 98 42 88 98 16 37 65 73 40 49 14 20 15 74 79 27 59 62 57 25 78 32 45 93 58 3 29 96 7 97 28 69 70 59 42 
95 54 47 63 63 13 66 17 75 94 87 8 26 67 84 42 6 61 61 43 73 97 7 86 32 27 97 44 15 31 72 32 83 29 95 63 67 15 85 15 14 35 11 21 11 15 95 92 31 28 74 65 40 30 70 76 24 74 55 38 65 57 80 35 67 6 44 87 16 29 42 4 83 2 87 64 27 14 76 55 54 96 13 8 77 54 25 34 18 55 9 31 59 21 70 56 24 6 25 82 
33 64 50 37 47 90 64 93 68 30 97 2 92 87 38 16 36 75 38 90 27 56 34 22 44 88 29 95 52 55 3 61 26 33 26 38 97 7 15 95 96 16 41 21 83 22 11 24 73 85 99 38 24 52 97 36 85 78 23 67 11 9 72 60 67 76 53 85 22 60 91 86 20 5 74 56 30 65 26 69 39 38 88 16 13 3 29 14 8 49 15 17 54 49 53 85 32 17 18 72 
74 5 18 84 15 3 28 69 99 63 12 9 88 35 17 29 26 6 82 94 0 87 40 44 90 76 97 27 62 40 43 8 94 58 17 62 51 65 74 64 74 39 98 72 66 63 39 20 88 53 28 49 58 95 40 74 13 88 98 14 38 42 83 39 35 22 14 45 5 4 88 52 43 94 70 53 58 15 10 94 40 32 35 48 47 62 55 48 72 97 90 30 44 82 90 22 93 17 10 37 
32 71 78 94 72 67 50 37 50 73 74 83 51 43 43 73 80 52 81 71 60 86 30 97 74 38 22 36 74 41 83 28 80 29 61 2 31 11 47 14 94 2 57 46 48 2 26 21 40 90 54 83 74 53 97 71 23 85 43 55 78 80 92 45 70 28 4 59 91 50 45 20 99 50 18 10 99 9 38 33 82 87 83 44 20 88 86 1 47 0 56 66 22 60 6 63 2 67 29 14 
29 70 34 55 0 52 46 24 16 73 58 62 17 60 79 88 90 94 62 41 91 49 79 56 11 86 61 6 73 98 30 22 94 97 52 37 54 54 58 81 79 18 98 6 50 61 89 81 77 6 97 36 48 95 28 4 15 40 33 31 81 99 67 22 18 10 19 3 95 96 60 61 80 5 94 99 49 2 8 39 90 44 92 75 61 58 68 90 3 70 87 45 67 96 18 83 63 61 60 86 
65 48 78 47 44 8 50 15 92 35 31 71 75 29 19 31 29 91 1 7 38 72 67 30 43 46 39 71 38 66 69 43 42 5 63 23 17 86 33 33 23 24 43 21 76 55 9 53 8 45 74 81 39 9 81 98 3 63 64 1 84 39 53 49 40 65 20 92 9 75 70 47 0 24 71 32 52 30 3 97 73 50 42 27 47 45 2 46 49 88 83 40 89 0 70 28 0 2 94 61 
44 79 65 30 13 39 89 18 85 5 82 63 42 6 63 26 29 15 33 44 10 41 9 18 6 17 91 27 49 36 74 86 50 66 44 80 97 2 43 28 25 69 61 0 18 69 44 71 6 22 92 76 30 83 67 88 17 35 29 83 63 91 18 43 26 16 62 28 1 6 78 84 88 87 61 83 21 61 77 46 70 8 74 52 61 89 46 8 18 24 71 43 47 15 39 29 35 60 58 87 
95 41 95 85 91 88 62 15 2 61 99 8 62 17 94 17 90 98 17 75 22 2 43 76 0 57 81 10 82 23 44 99 90 59 61 70 93 6 38 3 90 2 89 95 79 91 21 94 51 86 7 27 18 43 81 75 68 28 56 69 46 36 40 16 3 65 1 38 53 6 36 87 43 77 3 70 55 36 23 44 52 51 80 95 24 38 34 89 49 0 85 98 2 7 98 68 25 79 89 36 
20 12 11 44 39 22 24 54 50 97 0 42 72 70 59 32 80 87 38 12 4 71 30 84 9 71 12 53 99 72 42 92 98 94 94 37 98 30 99 12 82 8 66 75 85 79 0 10 97 45 80 7 80 16 17 94 36 62 32 47 24 91 11 73 22 79 60 40 28 74 75 84 77 53 80 18 66 25 2 92 14 5 42 40 14 93 93 96 49 16 37 6 57 97 87 14 6 60 75 80 
74 92 89 13 99 65 89 9 25 82 15 2 87 88 81 51 34 59 8 86 24 84 93 77 83 14 75 8 85 97 45 34 89 33 3 43 79 66 3 86 7 79 22 77 90 60 19 16 70 90 34 11 6 63 74 96 94 30 10 83 26 80 42 14 25 82 84 23 72 72 57 66 80 55 23 51 50 24 71 74 42 49 4 42 91 69 79 41 18 83 24 2 98 54 15 64 61 22 71 20 
75 58 89 95 20 27 80 13 28 8 17 94 76 24 58 56 49 40 38 84 37 64 68 89 75 39 70 74 95 96 55 91 63 77 33 99 78 41 98 23 85 87 78 63 73 4 10 84 52 89 87 16 9 35 93 24 99 39 5 9 6 92 17 78 30 6 44 83 36 59 48 31 31 56 52 50 28 57 68 11 46 51 71 30 41 39 44 48 92 64 0 67 32 78 6 14 36 10 39 30 
73 71 96 4 24 86 23 22 95 81 75 47 99 6 66 36 43 16 24 12 63 42 71 82 27 72 32 9 7 76 58 42 26 49 63 72 92 11 31 35 7 33 10 41 84 52 13 65 14 27 22 21 64 11 40 75 72 84 82 33 1 53 22 54 34 13 55 33 78 89 3 11 36 95 68 44 77 28 65 27 98 66 98 52 76 23 22 8 98 16 72 85 41 86 35 12 88 61 10 44 
64 0 48 59 5 69 40 96 76 77 43 66 39 30 91 1 36 21 87 54 8 53 23 82 53 62 9 72 21 16 41 39 13 75 27 31 46 45 83 3 3 46 14 46 76 20 19 10 84 85 3 91 59 11 92 55 50 29 0 94 98 52 12 27 17 60 6 13 77 55 17 68 74 75 64 82 39 53 43 10 26 37 2 76 24 65 14 16 27 52 87 61 16 25 71 64 69 57 33 50 
54 94 60 85 70 87 81 80 31 13 19 81 82 23 71 3 63 96 38 32 90 10 38 86 51 88 70 6 80 52 5 1 15 23 35 57 94 44 35 50 84 84 2 79 41 88 98 76 18 74 37 24 89 8 40 53 5 67 21 83 0 41 91 64 91 69 80 75 84 71 63 60 92 87 89 12 18 73 92 6 23 64 22 47 84 9 66 94 96 6 43 30 86 24 54 74 70 19 52 57 
34 50 96 23 41 72 70 14 62 37 5 33 84 64 83 89 35 55 19 32 53 19 50 48 56 5 6 9 58 79 79 80 85 80 0 44 77 49 45 44 4 83 81 46 29 44 75 98 57 48 52 85 97 28 61 20 30 31 11 54 5 9 47 69 85 48 5 89 68 70 99 5 68 3 64 16 6 20 46 78 20 42 22 87 78 52 77 53 59 39 6 14 72 12 17 2 12 60 46 25 
39 71 49 98 46 33 57 7 45 51 37 97 14 23 87 88 99 14 52 1 9 1 85 91 75 5 21 37 28 1 63 24 3 47 89 55 10 12 77 2 50 37 82 43 77 54 5 33 49 98 63 93 66 37 24 16 71 97 40 50 96 76 21 11 27 19 22 47 37 48 27 43 71 51 27 86 59 53 74 29 51 4 96 55 4 9 55 41 21 51 69 51 82 54 54 55 23 36 71 90 
