100
56 34 36 33 78 88 6 58 27 15 56 0 10 89 95 95 34 23 71 49 42 78 93 66 73 15 82 35 45 99 82 67 62 56 54 89 99 43 22 34 58 3 30 97 27 91 10 68 30 51 52 12 85 35 18 56 22 45 0 23 65 88 32 8 25 72 38 74 47 93 41 49 21 36 26 99 28 84 21 66 45 35 16 68 84 76 11 46 79 55 10 24 5 88 92 91 70 98 42 96 
75 43 55 26 17 72 15 95 63 11 65 37 57 87 80 43 9 60 38 48 86 83 5 57 63 6 70 82 33 33 62 35 97 81 53 26 15 0 94 99 45 27 73 32 8 63 98 93 69 94 58 82 57 41 49 24 22 4 72 99 96 22 75 95 11 30 62 26 4 4 43 75 89 60 27 57 21 25 7 44 90 69 84 88 4 46 21 74 83 95 6 15 27 95 80 52 80 56 44 8 
92 71 36 13 54 96 93 43 95 0 49 78 55 92 14 72 40 49 60 24 97 3 99 8 87 37 93 64 0 13 85 62 6 59 18 93 5 14 89 63 1 73 50 24 24 92 71 8 78 68 60 42 8 25 34 15 80 27 27 93 81 4 35 26 5 63 88 28 79 67 83 21 95 79 93 98 19 75 59 64 71 4 96 86 87 21 89 45 95 48 13 95 18 57 38 88 32 72 43 32 
26 26 50 19 42 9 51 4 92 97 18 18 83 43 13 57 60 42 78 37 73 35 93 18 57 60 78 6 38 54 84 82 11 50 41 2 11 62 30 61 11 85 92 30 99 4 14 9 27 0 11 70 83 99 38 33 76 15 90 65 11 86 26 84 9 40 51 87 55 94 99 76 89 25 79 21 17 77 77 76 71 12 83 68 3 1 99 17 10 62 65 42 93 70 53 35 60 23 79 18 
38 47 41 1 86 80 66 96 62 57 65 70 90 33 63 7 73 93 38 19 9 34 98 0 36 79 85 78 61 97 54 6 81 48 16 13 95 90 30 69 27 44 77 42 15 90 80 93 57 76 43 79 82 59 56 93 36 49 81 49 46 71 1 9 9 53 81 23 30 7 90 7 12 38 93 40 63 22 93 41 3 22 89 72 36 37 75 94 38 41 55 85 33 10 91 64 4 3 65 54 
14 21 47 99 91 55 44 32 15 37 11 6 62 52 88 55 94 49 95 67 52 22 8 2 0 85 53 54 73 62 4 38 84 29 9 18 54 87 3 88 97 82 24 25 98 32 5 53 55 85 51 58 76 66 92 3 13 87 72 40 59 1 35 11 39 26 18 76 6 62 60 98 56 98 86 56 11 98 54 42 84 65 73 18 3 74 58 14 53 41 4 42 72 64 28 41 67 42 93 38 
82 11 16 43 59 97 59 4 47 1 53 10 1 6 56 3 71 10 66 0 5 70 40 19 74 88 5 35 18 72 28 73 94 94 94 53 10 59 29 14 96 56 50 30 50 15 38 67 65 65 71 53 60 95 11 31 90 25 85 55 1 42 72 92 48 46 98 55 69 64 13 76 86 61 0 70 19 88 53 15 38 13 20 93 45 48 35 80 31 25 2 39 2 6 77 13 65 19 57 67 
19 6 58 0 95 94 2 7 16 63 93 69 27 13 84 52 29 6 87 18 74 7 8 25 97 68 42 51 74 3 60 44 92 54 78 52 65 20 40 12 26 4 89 42 34 39 17 50 48 99 96 60 93 37 30 14 72 37 29 16 79 64 55 84 53 47 24 20 4 44 31 21 93 80 75 35 79 52 87 66 21 93 75 51 24 69 38 67 38 13 12 53 3 29 21 15 21 1 32 72 
19 21 31 63 13 64 28 9 67 34 99 84 45 70 74 7 39 24 94 90 46 76 45 89 20 58 5 41 96 70 49 27 96 26 91 95 79 87 38 4 88 31 34 21 1 0 94 51 24 85 61 84 60 85 91 87 14 56 45 92 50 37 15 51 48 62 47 67 66 69 48 55 5 43 34 25 69 17 80 31 61 92 18 65 90 37 91 7 79 78 32 3 57 73 75 77 74 15 17 42 
73 23 94 46 55 35 9 67 85 35 10 92 62 20 32 27 97 24 68 4 90 26 4 73 36 23 82 3 68 0 68 49 29 49 6 53 29 12 95 48 77 76 23 70 58 14 44 33 54 60 90 35 85 69 43 8 72 15 47 99 15 85 65 66 83 31 24 86 66 13 3 54 38 74 99 66 4 45 81 12 76 44 78 13 96 79 51 85 5 59 6 81 62 9 26 78 88 90 47 47 
79 29 54 41 50 50 79 0 95 37 53 6 22 47 50 49 28 70 67 21 51 97 79 59 28 46 86 12 0 18 66 31 65 60 29 30 25 13 63 28 54 92 48 44 60 13 94 31 19 38 28 40 21 42 2 66 90 14 81 46 14 48 54 70 76 33 98 81 16 86 50 66 77 76 48 23 58 59 98 59 13 74 18 56 37 59 11 51 73 19 95 81 48 59 88 37 56 79 75 91 
15 84 28 0 40 56 60 39 30 86 83 77 88 48 97 49 80 71 61 10 58 89 2 11 0 13 56 53 67 52 5 55 33 83 20 44 40 65 20 72 44 81 73 41 94 67 52 57 58 59 6 27 1 85 1 1 30 82 74 23 66 31 47 86 92 44 78 73 46 82 33 40 68 27 83 4 11 33 50 31 24 84 42 65 77 16 36 95 87 33 93 3 3 25 10 89 3 97 28 87 
97 98 10 85 52 19 9 90 66 63 84 29 42 63 52 74 94 65 34 21 69 91 10 72 73 50 63 50 65 87 68 60 10 17 76 84 48 79 14 39 18 5 41 82 45 27 46 41 39 93 57 21 32 35 58 87 99 3 40 85 70 32 99 50 93 39 3 8 92 41 73 21 1 36 9 68 0 42 56 83 92 44 24 64 3 20 48 66 2 91 31 36 65 59 92 37 73 85 52 72 
48 14 77 37 84 40 23 44 9 39 26 99 19 84 34 72 52 54 55 41 23 68 91 83 40 54 29 21 15 13 80 32 42 12 92 70 72 83 10 5 52 24 74 43 75 71 9 44 31 73 54 42 7 93 26 16 82 21 94 81 35 3 6 24 35 8 12 91 15 41 57 44 30 97 75 49 19 9 24 53 36 96 9 35 40 20 94 84 97 75 34 47 94 67 76 17 0 81 28 46 
21 57 43 90 99 25 30 21 93 24 81 78 63 85 12 25 68 6 96 72 74 68 11 35 52 32 96 63 5 51 53 51 37 81 43 17 75 26 75 80 73 17 36 42 55 90 25 78 20 38 82 61 36 61 57 41 76 38 5 81 83 61 78 5 16 58 72 80 37 67 93 52 53 26 25 2 99 53 66 48 29 77 12 94 15 43 89 66 78 49 78 35 94 7 17 37 90 18 24 26 
56 1 79 56 14 82 67 71 33 76 56 79 92 37 84 94 92 63 27 9 69 79 18 18 42 61 3 58 61 54 99 6 22 63 30 82 91 15 93 91 92 50 8 30 56 28 62 24 72 22 27 4 15 25 7 69 70 51 86 26 84 94 77 48 25 82 76 42 1 76 84 14 17 27 71 77 84 52 60 76 89 85 31 65 26 54 50 13 94 68 38 72 76 51 81 64 52 70 97 81 
65 31 45 19 57 17 74 76 64 37 23 99 63 46 14 15 37 24 42 0 69 15 30 8 96 33 77 29 2 45 75 78 75 55 99 81 87 39 23 83 25 75 31 83 97 74 17 66 90 27 18 84 31 83 8 57 54 68 47 2 85 94 11 68 71 13 45 97 52 0 65 68 23 89 68 28 45 33 29 14 35 91 57 50 84 51 93 91 52 8 84 53 21 98 42 73 80 82 54 88 
10 77 43 38 14 91 87 58 70 50 50 19 27 48 51 52 95 33 5 39 65 93 18 20 83 0 82 10 46 89 90 54 69 75 56 58 56 40 57 72 31 61 40 15 24 99 57 79 79 68 99 37 94 26 11 60 63 84 4 0 50 64 80 93 30 87 52 70 56 99 97 83 3 75 56 60 3 33 34 58 11 27 41 44 39 0 37 69 64 98 65 72 65 85 6 45 96 30 79 94 
56 97 86 63 8 47 61 22 20 9 41 38 85 36 92 63 27 3 66 58 22 1 17 60 49 42 4 13 27 38 92 4 83 48 98 36 43 22 20 66 24 35 86 31 60 6 88 10 93 97 67 85 1 25 50 97 70 62 98 90 10 49 39 45 19 46 17 49 78 5 4 68 46 16 3 61 73 73 41 51 93 69 75 8 80 63 48 15 86 80 89 86 87 64 90 71 99 98 3 9 
85 89 4 24 37 20 4 21 3 16 54 52 52 4 63 68 95 93 42 43 54 21 72 16 2 26 15 74 66 21 40 96 80 22 35 84 78 72 67 1 35 33 75 29 95 10 76 1 1 80 73 85 95 35 35 51 6 8 44 96 62 19 79 93 12 23 18 61 13 22 56 8 4 90 10 64 24 99 0 4 17 21 34 52 64 4 35 32 3 10 63 76 14 36 16 40 20 77 74 91 
17 85 82 17 36 54 31 54 21 88 33 2 88 28 78 77 31 32 5 97 20 11 11 80 35 44 94 6 21 81 41 57 34 87 45 63 68 58 23 3 38 28 12 71 81 91 9 6 93 96 24 77 71 83 35 1 33 20 73 8 61 65 2 77 72 84 15 31 72 82 1 19 46 20 58 36 57 17 81 91 3 89 19 51 80 21 91 63 10 98 83 97 34 46 97 67 56 78 62 29 
53 31 25 24 85 65 45 10 21 61 93 12 61 86 39 18 79 3 13 33 39 32 59 56 1 41 44 2 56 11 36 89 76 29 47 14 65 97 10 38 61 66 72 6 26 41 35 19 13 78 77 22 98 90 44 55 28 49 91 52 46 0 97 71 5 44 49 39 94 73 30 36 44 36 89 29 37 81 83 34 63 91 80 48 52 83 55 92 31 66 97 1 75 4 16 45 76 18 73 67 
22 35 24 43 17 31 47 25 1 4 7 23 98 75 32 38 0 23 84 41 77 60 94 73 48 72 26 14 38 5 68 99 91 63 37 68 49 99 76 80 20 41 32 0 93 51 35 47 65 45 82 26 30 0 22 47 36 16 39 62 22 61 4 81 56 51 91 43 91 48 70 47 67 17 19 22 38 4 68 4 27 28 3 38 38 46 3 85 24 19 17 26 9 51 79 19 1 81 7 58 
53 16 61 94 6 40 60 3 92 30 35 68 82 10 88 31 44 92 55 82 37 97 60 90 19 11 71 67 17 5 53 62 63 10 45 74 63 92 3 97 17 78 21 85 95 81 1 5 55 42 29 42 32 85 53 80 74 35 20 21 73 11 46 60 95 58 52 92 69 38 20 75 59 48 95 66 14 21 66 20 60 89 97 12 53 19 18 32 78 93 79 83 93 11 63 55 88 71 30 37 
68 20 21 3 49 44 73 78 0 68 71 43 21 83 18 3 41 4 46 34 99 86 12 76 35 31 50 61 0 11 4 73 30 62 42 24 70 70 84 80 1 87 6 4 17 37 21 98 36 46 79 3 55 63 70 91 29 12 76 75 72 75 68 86 50 85 95 87 17 59 91 49 97 5 39 46 19 95 19 25 89 80 28 73 47 77 2 2 44 60 73 14 61 23 33 29 98 9 61 43 
49 11 84 32 89 8 79 94 9 8 50 5 97 55 70 31 39 2 55 68 3 90 39 28 18 31 85 89 80 85 7 59 39 21 86 14 35 56 29 80 51 37 52 81 49 18 62 41 39 19 26 27 81 16 54 93 8 11 25 66 27 23 4 43 60 70 57 1 28 95 69 94 89 40 91 41 69 12 90 26 21 30 98 80 93 33 48 20 86 27 63 4 56 22 94 69 93 96 29 16 
78 95 17 49 70 74 35 71 39 14 63 53 93 47 65 68 6 97 57 35 36 83 27 31 9 64 47 87 29 62 77 1 76 14 46 31 31 94 64 71 46 1 49 17 82 37 19 35 88 13 48 66 37 2 29 77 61 40 3 82 58 91 27 95 0 52 16 72 8 80 35 36 18 66 36 84 32 53 60 15 80 49 49 97 76 86 67 95 87 4 36 26 73 60 8 24 74 33 81 26 
53 91 35 31 76 35 31 94 88 44 12 16 45 60 6 81 2 43 30 23 31 88 76 63 9 42 65 76 88 77 33 25 73 10 65 35 88 76 58 47 71 20 10 9 4 71 62 86 63 48 80 55 8 68 64 92 32 36 41 54 77 91 94 18 46 63 49 80 11 22 46 61 61 60 68 53 62 62 54 60 1 73 25 45 14 8 10 77 55 58 31 8 20 54 30 92 90 3 51 25 
30 49 32 70 69 78 38 70 64 92 72 81 20 99 27 5 73 20 23 55 87 57 56 94 51 19 31 85 54 24 90 95 60 43 82 83 50 26 28 33 6 84 92 18 13 98 63 57 82 97 95 61 55 14 26 4 92 88 73 42 78 5 49 37 15 84 89 30 58 22 16 73 48 82 32 25 51 14 85 35 42 71 55 90 78 20 31 96 89 17 33 85 96 41 20 20 0 62 79 71 
54 54 75 92 70 17 65 88 16 11 33 14 62 22 1 13 40 96 21 26 34 80 3 26 3 79 62 32 75 98 73 58 58 3 77 36 24 11 22 63 78 20 30 40 46 14 68 20 32 48 94 78 83 94 51 62 16 2 13 68 93 94 62 34 33 44 54 67 20 15 41 34 90 44 41 41 89 62 16 53 83 41 47 23 19 73 78 0 12 86 91 76 94 8 38 56 60 55 15 98 
57 22 0 23 2 26 25 66 6 40 10 30 72 76 98 11 31 34 28 1 15 3 92 30 27 20 78 0 58 69 51 5 78 46 46 16 25 42 65 53 15 42 85 1 80 6 94 99 40 48 42 85 84 66 40 84 19 30 25 55 83 96 38 55 41 89 23 46 76 28 0 80 62 15 52 1 30 48 71 35 1 85 26 67 4 76 38 76 22 57 90 93 66 78 24 57 10 17 3 63 
11 32 6 80 87 68 29 14 81 41 51 48 94 62 66 68 42 32 30 18 58 68 69 18 7 30 54 38 80 31 74 14 68 91 6 22 53 26 47 25 54 15 6 95 44 51 26 13 39 44 12 9 91 16 77 99 16 94 43 39 35 18 12 44 70 87 35 18 99 76 48 7 23 2 34 74 12 24 87 0 2 71 20 5 92 83 58 60 26 2 68 26 3 56 28 86 29 97 60 11 
32 97 47 21 5 7 41 46 86 29 22 29 22 93 94 19 2 12 49 84 52 21 38 12 73 33 88 38 92 95 45 64 16 59 6 62 47 94 25 43 90 85 10 34 66 45 85 85 44 61 91 45 41 40 52 84 74 89 92 39 38 68 12 15 45 42 11 80 89 86 49 88 80 89 81 88 81 56 51 89 72 92 58 13 99 68 85 34 4 68 60 88 10 2 42 49 26 99 36 11 
43 81 56 21 3 55 68 26 90 77 12 52 89 23 3 46 46 95 30 43 74 59 30 70 82 79 78 93 26 53 69 12 19 27 84 77 97 28 86 44 44 46 16 0 29 92 48 75 72 88 28 17 6 80 68 66 93 79 71 70 93 71 35 84 69 44 74 47 88 93 96 78 17 61 32 74 77 45 77 69 2 11 8 84 8 13 13 78 73 2 25 45 3 30 44 90 46 40 81 1 
70 93 55 82 85 95 38 93 17 67 15 3 90 33 30 59 7 68 82 91 11 5 41 22 13 6 99 26 15 17 12 59 87 1 38 29 51 26 64 95 11 2 86 48 34 70 52 21 61 52 12 71 93 81 18 40 99 97 35 87 81 71 77 52 50 68 37 63 20 76 96 94 41 73 76 70 69 18 44 43 27 97 13 51 13 53 8 87 48 28 67 99 99 49 65 75 75 88 59 66 
14 31 20 97 27 17 12 47 86 56 38 79 29 53 5 91 6 91 99 5 83 45 92 66 69 91 97 73 16 50 4 37 19 10 84 91 24 67 39 60 34 69 74 42 5 83 97 68 2 80 95 32 0 8 74 90 22 73 96 82 12 84 65 43 95 52 98 80 59 41 97 37 88 33 23 67 24 19 26 61 47 70 10 35 90 33 22 30 55 19 70 75 56 95 2 4 59 32 15 27 
80 91 92 84 38 88 93 88 98 23 12 71 28 72 56 46 38 85 11 42 8 74 39 60 81 61 36 98 42 4 62 41 44 82 71 99 85 69 49 44 59 23 66 51 64 16 73 61 82 63 57 93 33 81 15 62 71 39 24 16 3 25 72 25 15 11 43 14 22 30 90 90 14 90 37 55 9 94 22 97 2 32 62 84 85 48 1 24 93 94 71 50 51 82 40 4 11 22 68 23 
56 90 1 16 68 80 34 50 9 76 75 32 39 1 42 30 90 99 48 43 98 55 83 23 1 13 87 83 77 46 58 94 80 69 71 74 88 82 62 7 31 40 76 45 32 15 48 98 90 49 54 57 63 84 19 61 44 80 72 74 95 18 99 35 90 33 24 94 40 71 2 84 37 11 10 27 12 16 18 19 73 94 73 24 10 73 54 62 45 53 42 4 35 80 54 29 41 72 18 57 
76 20 39 58 48 55 31 91 54 23 65 76 44 16 34 47 57 22 55 58 98 8 37 64 21 35 26 29 29 70 34 37 88 85 34 3 95 38 24 50 70 86 54 16 74 87 78 36 74 1 24 58 87 44 40 47 90 76 45 29 35 29 0 33 26 82 42 39 20 86 57 67 3 20 77 71 79 52 35 98 80 31 5 50 50 62 69 39 91 42 45 5 71 43 27 83 50 11 35 17 
65 84 3 37 84 46 21 54 34 16 53 64 82 53 43 81 29 77 34 17 5 57 82 96 67 18 91 78 38 46 4 13 84 36 66 0 51 29 92 53 44 67 30 35 57 1 28 72 61 11 38 83 11 91 3 27 98 74 25 2 11 63 83 61 67 23 88 9 23 9 51 50 27 39 91 23 45 88 60 5 20 19 62 85 88 56 99 6 58 54 3 33 81 42 12 61 93 37 73 0 
84 61 80 49 6 82 63 8 14 51 12 7 4 78 87 8 84 51 18 89 82 10 99 82 93 64 3 57 50 74 1 2 12 45 77 66 91 74 98 50 71 48 81 0 67 59 7 73 58 60 43 78 63 12 83 13 62 5 91 5 59 63 59 42 85 26 48 47 61 70 12 93 78 59 34 21 97 12 84 71 68 79 47 17 62 13 9 10 3 39 88 16 36 80 95 1 8 43 54 90 
10 83 10 61 73 56 44 70 31 43 39 25 61 21 68 51 96 9 76 69 16 66 21 97 63 21 68 41 60 56 66 71 16 91 73 0 8 72 47 97 78 39 56 11 36 64 42 35 8 74 33 24 27 33 53 55 6 32 37 86 46 80 58 95 85 31 54 34 64 88 25 69 61 76 99 27 62 53 40 17 71 85 32 16 86 16 97 26 18 62 35 58 15 49 45 86 7 0 27 69 
24 39 62 3 17 25 94 87 1 44 12 0 10 6 4 27 94 58 71 14 73 11 16 97 36 68 88 11 1 9 3 2 56 58 86 46 59 92 4 31 42 25 99 22 35 97 8 42 91 24 93 80 89 36 76 91 28 23 68 24 5 31 12 78 45 68 56 21 42 86 40 75 40 65 62 8 61 6 38 88 97 66 7 46 0 79 33 12 2 98 34 1 86 80 53 52 15 72 78 7 
89 64 11 38 18 74 48 40 78 5 89 17 78 78 60 6 38 79 34 46 44 65 34 72 67 74 87 98 7 60 22 29 51 78 32 27 59 2 78 94 60 24 81 31 61 84 35 81 26 86 13 15 38 83 71 73 10 58 61 28 46 62 62 87 93 6 49 26 24 29 51 5 7 10 51 97 57 49 37 17 97 64 5 87 87 76 70 67 67 34 26 63 0 78 3 14 56 21 47 48 
52 57 55 18 73 91 50 35 75 16 32 47 13 61 59 72 75 42 31 79 62 97 69 35 7 14 29 23 68 49 82 94 26 14 97 63 68 79 43 86 89 2 92 54 88 58 5 13 74 47 27 10 53 91 36 41 14 22 40 88 54 77 72 13 48 7 35 75 3 86 74 15 41 90 3 21 49 4 99 15 13 19 8 71 36 20 54 68 14 70 61 80 6 34 98 94 99 62 39 78 
54 48 93 88 61 93 61 95 95 19 85 20 82 95 73 7 15 62 53 77 46 57 11 16 45 15 58 63 37 12 14 30 73 33 96 71 50 7 82 35 38 72 84 20 3 25 28 50 88 92 18 67 51 19 82 96 65 67 34 37 4 72 71 46 37 33 51 30 57 56 85 66 87 31 5 81 37 95 31 84 50 52 15 53 93 74 40 82 79 28 51 62 42 29 5 32 82 67 73 94 
29 96 9 15 54 43 67 4 63 38 57 2 16 9 94 79 7 12 3 2 87 17 92 40 97 70 86 25 96 15 43 72 45 70 35 90 84 33 8 91 27 61 17 1 86 98 20 55 70 88 2 94 90 69 45 42 88 49 48 67 64 32 67 34 41 23 48 21 89 56 70 45 79 97 94 28 69 68 14 31 27 11 47 63 6 47 74 95 87 33 14 66 33 50 5 29 98 32 54 49 
47 22 98 53 80 40 4 97 36 32 6 98 72 1 70 44 51 51 64 67 31 26 44 37 13 61 73 47 23 65 79 74 45 37 32 92 60 5 43 46 44 44 90 36 31 18 81 11 90 9 18 35 0 24 0 83 2 69 15 96 30 78 1 12 20 46 39 59 69 53 64 67 36 20 32 45 29 65 85 1 51 56 70 81 11 59 83 8 65 43 69 28 69 44 32 12 70 61 58 83 
76 82 68 29 2 23 85 90 16 90 28 2 2 28 41 78 72 19 89 77 95 7 73 60 85 38 9 24 99 33 67 66 69 79 55 74 20 20 98 32 43 98 16 87 22 89 5 47 65 71 46 98 35 89 76 72 0 51 45 38 35 20 38 77 27 78 48 4 2 68 11 63 29 0 95 61 6 22 7 4 67 28 2 88 41 86 0 70 59 12 93 28 55 59 77 23 96 83 40 67 
95 21 92 15 31 40 86 4 85 42 34 0 70 70 75 71 50 60 94 74 78 74 86 94 0 28 49 46 3 40 1 69 17 25 24 51 19 10 90 59 74 70 44 91 61 47 47 19 41 92 58 73 58 8 14 6 31 70 46 81 74 56 0 14 45 36 91 71 2 13 87 64 42 95 5 47 19 19 48 17 64 2 41 60 58 36 32 31 42 26 60 9 56 89 84 46 85 85 75 24 
5 77 39 42 19 0 47 45 12 61 42 75 33 87 74 20 52 21 85 94 76 2 82 95 81 11 98 91 43 37 11 32 6 38 74 50 19 97 70 81 68 39 48 78 89 30 35 21 4 72 50 9 88 21 53 95 17 60 96 85 52 99 49 39 98 5 64 63 25 68 8 29 22 99 51 79 71 71 63 48 30 10 54 39 13 78 46 25 61 22 73 27 30 66 71 38 28 5 60 48 
92 38 33 0 75 73 52 94 43 55 1 23 25 41 30 84 3 6 60 82 29 73 22 41 72 40 99 56 79 58 68 51 62 96 37 68 8 11 67 96 54 29 52 94 89 53 7 61 85 12 98 20 0 82 0 20 73 72 31 83 19 89 30 47 77 61 37 32 28 41 88 32 65 35 25 75 9 31 97 6 21 84 33 39 71 72 25 90 34 18 8 83 11 85 63 8 33 12 49 83 
95 54 30 81 41 82 9 56 33 10 98 35 61 17 39 48 65 9 90 27 8 10 99 31 64 20 11 49 46 63 8 3 97 2 75 2 45 14 53 80 55 97 29 21 50 95 76 68 78 56 25 31 97 19 8 59 84 83 30 2 82 96 38 1 86 7 73 80 68 36 2 70 9 13 7 0 23 68 83 63 13 57 35 0 25 69 87 45 92 37 38 51 58 75 26 20 63 37 52 32 
70 46 68 59 98 16 38 9 87 31 61 19 13 85 39 62 45 62 11 72 50 27 93 4 30 24 86 32 24 69 82 17 3 32 74 83 48 83 33 45 15 29 61 12 6 91 93 60 17 79 78 77 99 97 5 56 31 11 38 89 34 86 77 68 0 52 23 43 19 30 30 91 92 48 20 87 64 75 87 99 71 43 51 17 89 62 54 97 42 2 1 51 64 72 62 93 84 90 86 52 
9 74 96 40 17 0 78 56 43 70 55 93 36 28 96 98 98 39 6 38 13 31 71 59 72 76 6 60 89 82 0 98 74 0 68 13 44 79 94 48 29 29 54 72 43 97 86 20 65 80 44 28 24 68 98 95 56 46 68 53 65 85 40 77 34 64 57 90 37 94 25 27 0 16 95 98 46 21 97 62 40 75 33 54 96 83 66 76 84 27 15 35 60 22 35 89 30 91 96 38 
18 86 27 41 46 58 72 28 7 67 5 37 70 28 6 87 44 63 41 23 16 49 72 66 67 50 36 39 31 38 13 48 9 63 97 29 31 93 48 65 38 97 53 25 79 24 7 25 12 57 81 70 60 58 61 73 26 12 76 28 14 46 51 78 22 8 59 71 12 39 93 98 64 93 88 8 46 60 0 59 74 75 33 13 94 93 65 96 14 93 77 92 64 65 97 83 6 69 80 3 
87 26 54 27 37 5 50 96 71 65 31 27 9 34 19 95 27 25 12 4 55 8 10 53 52 65 4 62 89 15 78 50 13 17 82 43 7 32 14 35 94 69 23 64 78 58 68 94 3 35 9 74 93 97 75 44 79 79 6 58 67 45 59 47 87 81 37 49 72 0 86 88 66 90 98 28 76 7 9 21 73 77 83 57 29 21 5 27 67 18 9 68 52 29 68 5 11 94 52 55 
78 76 65 68 51 50 80 11 75 15 47 5 31 92 64 24 62 69 22 48 96 46 54 91 76 98 50 43 43 55 4 43 90 7 52 79 15 88 56 84 36 64 44 29 38 26 63 75 89 41 17 9 54 39 37 86 30 78 71 97 85 89 57 13 82 16 9 70 35 90 5 16 5 68 27 96 3 49 21 87 57 84 68 61 39 81 96 75 3 42 21 11 53 99 24 0 54 12 61 52 
6 35 66 94 68 63 73 9 64 65 18 88 22 71 94 90 63 73 86 91 16 89 22 79 13 76 48 76 32 37 31 37 38 1 81 92 70 1 14 95 16 67 30 25 38 51 51 63 97 38 22 92 46 62 51 90 98 79 73 14 72 3 38 86 93 18 15 33 61 38 96 94 32 87 25 11 7 82 62 55 55 14 15 91 85 18 82 61 19 92 90 5 97 46 7 10 31 91 25 11 
57 61 70 66 62 0 78 71 72 37 2 64 11 1 13 41 61 98 60 5 55 75 53 40 48 48 45 53 4 26 25 24 60 15 9 4 59 70 32 76 56 37 21 42 74 33 47 4 35 92 10 54 95 96 66 35 64 92 70 61 7 41 5 43 65 39 71 14 52 17 68 56 43 63 92 27 3 46 35 65 61 99 99 36 38 16 34 97 36 81 59 80 43 67 61 38 17 32 39 61 
44 66 61 77 32 51 13 86 69 87 84 39 76 11 75 71 91 21 73 23 60 49 68 32 85 50 75 7 27 26 25 89 56 88 20 82 47 31 80 77 47 40 46 14 63 3 82 47 42 57 98 78 43 16 58 62 2 26 21 66 44 90 96 59 50 36 37 30 97 65 40 0 51 66 36 48 4 67 8 53 96 14 30 47 69 65 21 8 45 73 86 38 65 1 77 47 9 76 64 61 
59 2 99 34 64 51 30 17 15 81 26 74 66 46 56 75 91 56 75 26 20 54 41 84 8 70 58 63 11 83 10 96 52 7 40 45 32 47 27 96 12 77 32 73 15 43 65 90 93 56 18 10 91 77 11 80 43 67 57 23 64 95 12 67 88 66 35 43 51 52 75 78 91 86 87 13 14 33 20 51 79 42 60 21 2 41 71 62 46 57 22 79 82 68 72 62 4 41 27 38 
6 86 35 83 22 45 85 73 30 4 71 15 52 70 91 52 91 57 22 83 64 34 96 84 77 2 48 48 46 90 66 63 89 27 21 78 77 92 16 42 9 3 19 55 30 83 14 54 91 50 92 28 19 73 26 78 82 64 53 34 28 33 8 61 28 20 36 30 93 95 8 9 86 37 96 52 60 94 45 16 19 28 91 82 7 82 77 39 18 92 87 45 75 48 26 76 3 54 5 49 
82 47 9 59 47 57 92 18 3 5 40 42 99 73 1 45 84 76 66 32 70 43 10 88 69 13 49 61 29 36 17 65 46 94 60 64 36 21 91 48 84 43 6 5 78 86 82 20 57 59 48 68 12 36 17 35 10 41 35 56 11 36 23 91 54 87 0 34 1 68 74 74 93 47 99 93 48 11 54 32 7 44 34 85 7 83 78 5 99 37 70 2 85 10 35 5 25 17 53 83 
69 80 31 17 70 16 45 73 48 46 79 11 74 10 7 16 66 49 31 23 21 88 36 37 94 59 63 9 11 57 76 6 51 2 63 37 68 23 71 93 98 64 7 52 97 77 49 77 53 55 71 19 27 44 30 80 36 67 65 27 25 28 6 48 82 89 62 51 64 73 10 18 89 98 51 76 84 24 80 39 89 85 39 57 18 41 25 86 65 12 42 95 80 38 42 39 54 14 90 12 
36 47 98 15 70 72 67 48 73 88 41 66 49 94 47 82 81 56 94 7 54 8 17 52 86 41 13 83 64 43 1 6 23 72 3 38 37 59 61 40 45 23 64 23 28 1 69 78 74 68 17 2 60 81 63 88 59 20 23 73 44 88 19 62 24 64 70 78 96 91 43 4 48 65 60 76 63 24 76 36 19 40 11 8 24 61 40 92 3 86 6 47 8 45 93 53 28 52 53 59 
48 5 26 51 20 64 34 67 17 49 8 17 62 7 90 59 65 99 6 92 70 57 49 19 44 64 68 78 80 71 64 62 8 10 33 32 33 94 44 40 17 36 82 84 68 99 30 50 85 24 54 63 18 91 31 4 57 19 24 15 87 83 94 95 48 72 72 65 61 89 9 84 2 5 15 17 12 64 27 94 12 5 93 32 24 6 96 80 31 3 58 54 10 60 16 48 87 98 35 17 
92 61 6 19 57 34 44 19 46 53 71 47 50 81 88 90 96 53 54 34 5 94 77 54 79 42 18 11 12 82 31 18 30 10 69 69 7 23 47 36 58 77 8 20 84 20 17 52 30 23 2 12 26 88 32 88 54 46 31 14 40 79 78 77 71 43 66 84 11 45 40 39 31 75 32 4 73 68 37 32 51 36 30 74 86 8 10 19 68 51 41 1 40 16 31 28 70 39 42 12 
83 63 87 61 79 88 19 15 18 37 67 41 67 15 47 79 83 77 86 56 28 72 57 28 40 67 21 88 36 97 9 27 55 63 51 55 7 55 91 25 6 94 1 11 70 88 1 87 2 97 99 89 30 73 11 11 64 50 44 87 12 72 2 56 28 94 55 2 95 17 72 93 70 15 24 0 51 2 18 71 30 97 55 84 86 7 1 9 3 95 30 34 27 92 98 97 89 79 61 19 
61 67 76 91 85 66 17 44 3 50 49 41 29 39 58 28 72 36 42 83 42 83 4 33 19 92 85 51 30 78 56 8 14 22 66 71 87 24 37 54 44 17 71 87 37 76 74 10 72 95 13 84 7 0 42 19 44 64 30 6 20 54 6 14 49 61 39 8 43 0 17 54 17 69 61 95 27 77 22 93 43 51 1 75 4 48 24 90 51 42 61 26 73 60 65 48 7 57 57 57 
94 56 39 46 32 37 31 40 29 28 37 2 60 75 38 13 3 84 89 95 25 38 94 33 58 10 84 44 80 8 53 20 31 5 17 73 3 34 41 65 18 2 77 9 10 62 72 83 39 1 81 55 28 29 47 73 78 1 14 96 7 89 38 87 27 52 84 40 30 58 61 79 45 31 32 16 19 43 6 34 93 15 65 67 73 80 16 32 17 13 53 52 40 4 67 98 57 19 99 9 
78 89 92 2 35 96 32 37 85 77 85 11 70 15 3 28 39 68 46 98 44 84 17 54 84 16 3 85 47 72 37 94 11 69 4 3 89 91 33 72 41 20 53 17 66 43 21 59 63 37 90 78 99 42 75 76 86 48 82 20 41 44 4 22 63 8 87 9 40 58 94 22 28 42 44 18 51 36 83 68 85 7 53 35 30 77 26 86 18 39 26 33 70 15 96 89 82 80 46 16 
15 55 90 41 56 54 8 41 22 86 70 90 58 54 38 8 86 99 83 47 49 65 31 28 44 38 63 51 88 60 78 35 16 99 3 95 56 89 6 57 55 73 53 35 56 91 65 22 2 93 50 25 20 35 25 94 39 35 69 66 9 27 39 51 89 31 61 86 6 23 64 84 5 23 6 84 7 42 94 81 25 75 19 49 80 27 30 47 41 74 93 16 89 33 71 69 23 6 35 81 
31 5 68 59 90 68 51 59 55 8 32 73 5 16 94 14 23 7 23 43 94 47 40 20 44 52 85 5 3 61 88 72 40 58 39 11 73 78 27 20 33 42 88 9 77 7 3 35 33 90 60 44 26 8 59 83 57 93 32 80 90 38 25 15 3 61 49 36 86 23 97 55 16 35 36 57 19 73 67 26 79 51 29 44 26 85 99 98 13 46 2 11 73 29 11 99 17 98 76 55 
15 37 94 49 74 76 79 61 15 86 56 39 51 45 42 48 55 30 61 12 75 18 63 85 65 16 4 18 53 53 7 10 0 99 86 98 58 51 21 33 23 49 60 88 5 71 25 65 23 9 93 60 97 80 99 69 22 83 10 41 86 77 79 42 18 38 7 68 94 54 93 61 63 7 58 41 18 68 29 11 19 59 30 79 79 95 8 77 27 29 18 94 32 39 22 65 94 81 81 22 
4 31 62 3 25 24 72 1 35 52 99 71 20 25 83 16 45 66 75 59 78 90 76 84 63 51 90 59 49 98 70 28 92 68 44 47 55 91 72 97 19 33 58 19 89 8 4 45 88 8 39 71 92 82 82 19 59 82 63 12 69 63 39 26 37 39 42 6 57 74 79 63 51 79 20 87 69 5 64 83 13 84 98 41 77 2 40 51 91 89 69 0 18 8 32 17 86 62 32 78 
96 2 91 93 62 27 7 94 17 21 49 93 26 54 49 8 25 34 46 66 42 63 88 5 44 88 87 49 50 39 48 92 41 98 94 27 87 17 32 84 2 87 5 18 70 73 92 13 36 16 50 27 91 61 22 39 51 68 91 53 44 80 37 88 6 67 4 30 24 68 48 81 36 63 29 7 34 36 95 53 87 57 40 51 38 40 45 53 34 94 27 85 59 27 3 7 52 25 8 36 
0 53 88 33 84 47 50 30 81 33 6 1 38 34 94 87 63 72 14 75 3 54 10 32 20 63 1 60 58 31 33 96 61 74 58 96 31 7 31 63 59 5 72 82 24 8 22 22 28 90 54 12 91 89 75 9 21 87 59 78 1 60 40 91 98 46 4 83 55 20 91 94 76 58 32 38 38 40 34 4 66 44 64 96 7 96 2 9 44 16 64 78 86 34 67 2 10 3 30 82 
12 30 82 89 89 0 48 41 77 35 63 27 46 10 43 64 64 78 96 32 1 87 86 17 20 32 53 16 57 22 66 32 81 66 56 17 67 8 48 31 30 99 32 81 64 6 69 10 80 43 78 15 78 9 35 45 9 35 50 99 2 49 37 95 4 23 38 98 57 96 29 10 92 8 38 1 45 7 0 32 44 82 53 25 57 42 91 55 5 34 36 34 24 70 21 70 25 95 76 68 
34 91 12 22 69 39 47 93 51 65 2 64 66 42 38 38 69 99 3 85 56 82 72 30 89 74 25 70 89 90 95 52 78 97 25 42 26 23 85 19 25 16 63 31 25 9 63 69 48 40 45 30 52 83 92 34 8 2 76 88 65 41 69 82 55 2 62 85 18 70 34 67 0 18 9 74 74 44 98 92 77 61 79 75 70 53 90 69 23 57 5 17 82 99 88 59 84 34 60 25 
40 38 33 22 51 26 65 66 57 25 64 2 20 18 10 86 99 96 21 95 89 80 32 62 60 95 5 7 73 43 79 85 93 83 35 5 63 84 54 92 84 29 8 80 31 11 4 21 59 3 5 60 17 69 28 18 86 96 72 70 69 0 11 7 33 16 28 67 19 44 29 12 85 76 57 10 34 12 50 1 75 33 21 2 22 16 66 68 30 98 51 1 85 72 57 15 50 54 0 46 
2 30 66 62 47 96 72 12 17 8 64 1 34 92 82 56 49 63 62 49 4 73 0 16 41 40 38 93 54 12 34 53 90 6 26 97 74 62 46 27 97 63 59 65 85 52 84 45 29 96 2 13 49 92 61 40 20 30 61 24 76 63 75 27 74 6 34 92 53 50 57 76 49 14 75 55 65 63 41 49 83 40 73 46 87 15 41 91 99 5 1 40 21 42 7 0 63 61 22 31 
59 98 15 46 60 43 92 9 84 87 8 62 94 93 48 31 96 49 39 24 92 85 66 66 80 71 62 10 50 27 18 80 89 27 48 10 11 25 83 7 48 19 57 70 38 14 21 41 44 22 49 26 1 35 50 83 37 67 60 26 75 38 74 35 95 75 54 54 31 0 77 63 76 33 54 46 29 1 6 50 64 47 69 37 55 70 65 91 0 11 15 8 8 81 81 74 57 91 63 65 
99 30 19 11 78 32 76 80 12 0 91 98 24 61 15 20 11 1 9 13 31 26 89 74 57 31 86 74 68 86 52 15 48 18 52 41 34 66 61 46 80 36 39 96 90 96 74 72 9 76 42 6 2 81 63 96 86 43 45 52 45 5 56 8 21 21 91 51 70 64 99 44 76 11 36 56 89 11 36 59 78 71 0 66 7 22 86 33 81 23 59 75 56 3 54 33 65 56 81 57 
18 14 98 73 94 70 70 1 13 80 72 38 88 14 79 58 2 61 43 47 5 56 11 22 39 82 40 63 89 25 70 46 37 79 61 40 9 98 31 14 77 95 42 27 55 23 74 97 77 10 93 0 94 39 22 13 48 11 74 80 63 7 16 11 6 81 15 91 22 71 16 16 31 50 53 10 82 47 22 1 22 32 93 26 52 48 49 81 21 83 44 63 93 23 56 2 62 77 93 0 
11 95 95 33 59 49 59 29 60 84 12 11 64 80 48 96 25 88 65 69 66 14 73 10 39 99 81 56 35 73 26 37 39 6 10 57 69 44 48 67 96 41 96 21 72 91 20 6 31 71 17 19 34 0 44 81 9 22 47 56 10 83 51 18 21 34 8 50 4 20 25 99 12 28 87 35 20 82 95 51 37 72 8 40 37 89 39 99 37 50 69 27 14 30 30 67 26 86 37 88 
12 66 95 41 50 11 75 4 92 19 33 41 68 33 5 24 42 64 29 84 35 25 61 36 1 4 85 35 84 10 62 58 43 62 33 51 20 43 50 23 17 52 95 28 78 0 35 73 51 52 48 18 41 81 52 58 71 28 56 39 57 12 32 4 51 38 65 48 46 24 91 53 19 54 80 82 66 44 48 27 12 33 87 36 68 5 60 18 17 15 4 0 83 55 40 16 76 94 34 75 
92 8 27 8 42 66 55 39 3 32 11 7 1 68 93 81 61 10 45 78 0 78 82 56 2 43 45 81 59 71 21 20 88 54 17 66 22 38 32 71 49 26 71 51 53 52 20 35 86 23 76 24 70 96 75 7 35 18 25 91 24 95 39 13 19 50 89 43 84 56 6 84 65 36 6 69 17 24 45 83 67 6 57 80 50 77 90 52 88 83 84 57 58 55 7 33 68 57 65 75 
59 71 37 31 28 79 17 29 17 94 31 8 23 39 5 51 40 31 76 92 95 56 59 8 25 55 94 27 36 42 10 76 23 22 69 16 24 64 16 79 86 76 77 72 21 1 11 21 43 25 52 59 52 43 84 86 46 53 63 90 97 52 4 56 75 90 42 69 13 78 72 61 35 46 19 28 29 15 2 39 74 55 16 98 82 67 79 20 67 64 74 34 21 10 54 40 65 48 87 83 
18 49 30 24 53 68 2 5 35 48 36 65 65 86 87 93 58 43 66 21 43 72 70 96 94 68 46 82 69 76 31 33 2 20 95 70 34 93 3 43 63 69 28 30 76 96 22 8 70 71 14 53 73 11 5 18 76 3 97 36 33 7 38 8 96 27 40 73 61 39 42 45 44 67 89 83 69 49 95 6 30 2 54 55 85 44 71 21 84 78 56 58 18 60 44 1 41 61 86 68 
19 46 62 64 25 71 54 74 42 95 27 21 31 33 27 60 11 87 99 41 24 87 79 7 40 74 46 47 86 19 91 76 48 54 67 19 34 49 61 89 77 41 77 29 58 36 21 15 99 42 88 46 8 70 64 71 7 9 13 77 74 99 86 5 10 65 63 29 93 58 72 57 55 38 87 7 55 20 53 51 3 0 10 20 56 42 1 73 81 22 97 7 16 4 36 66 88 95 58 66 
16 7 60 39 75 74 34 74 2 26 32 76 92 14 7 91 27 66 64 36 0 92 79 92 12 56 65 48 68 69 88 62 88 44 49 41 49 61 46 86 26 50 65 56 62 30 38 45 16 8 93 91 92 13 55 50 84 54 76 31 50 58 94 32 12 37 7 6 89 8 30 97 58 3 23 66 29 8 9 9 74 84 1 32 22 26 59 57 55 81 47 7 98 90 88 43 34 5 2 86 
68 53 24 57 21 61 67 1 94 43 79 2 61 63 95 2 40 5 49 25 28 20 12 50 9 41 99 17 42 77 50 94 82 21 25 61 79 79 34 9 31 82 10 74 69 65 1 12 13 9 20 18 68 59 4 24 36 18 39 50 70 88 87 30 88 80 91 49 92 60 17 99 42 95 94 28 64 52 20 30 41 55 81 85 1 47 52 59 18 39 99 89 9 6 15 2 96 96 92 14 
84 23 15 44 81 35 98 11 5 47 50 90 82 66 90 97 51 55 69 20 93 81 16 27 71 52 74 49 22 58 85 26 61 80 21 12 28 37 70 96 12 54 82 27 17 1 50 43 26 16 17 58 57 45 34 44 85 53 76 73 49 12 58 17 25 74 82 39 88 1 88 37 19 33 61 38 87 18 17 6 30 44 67 28 22 79 30 62 23 55 93 19 0 48 60 77 30 58 76 9 
88 6 80 89 88 76 36 76 98 10 88 95 97 93 78 51 99 62 36 42 43 99 53 35 38 24 12 34 59 67 80 87 75 78 92 99 28 67 7 76 62 52 13 78 62 82 60 95 78 83 67 65 1 96 53 41 17 96 74 45 74 78 67 94 48 46 62 61 33 86 87 25 39 12 82 45 58 86 53 91 3 72 95 4 44 25 37 72 3 29 4 77 34 21 77 30 56 25 59 93 
45 70 60 21 36 54 3 32 43 39 60 96 68 66 87 90 54 65 97 32 27 94 93 56 45 12 73 63 72 83 78 8 42 17 89 63 45 53 30 28 4 90 83 87 84 25 41 71 95 34 60 97 80 69 87 94 21 7 58 13 94 53 25 92 37 12 44 33 38 61 84 51 14 39 49 69 57 40 93 98 97 9 42 36 30 20 9 54 30 54 70 16 75 79 81 93 87 68 27 3 
24 27 83 49 80 88 64 86 86 49 92 73 40 28 68 11 64 99 46 93 77 33 34 28 67 89 32 83 21 9 12 99 52 85 89 94 91 14 4 43 91 89 13 21 4 88 70 32 63 98 2 81 48 77 43 97 56 99 82 53 72 10 90 54 87 5 28 54 31 67 28 0 55 38 59 85 9 89 55 79 25 36 64 50 64 99 59 64 78 5 54 76 18 57 8 34 0 30 49 27 
46 48 27 27 3 36 46 69 25 17 34 6 46 72 80 13 72 31 44 81 42 83 90 50 0 75 81 40 4 31 73 68 83 6 71 4 38 19 9 31 63 76 71 3 43 87 70 14 94 62 93 61 72 5 21 7 27 12 3 13 33 53 50 55 96 2 53 74 47 83 20 20 13 17 38 61 46 99 75 13 16 64 30 74 82 50 42 99 12 81 0 29 51 4 36 13 89 95 4 75 
14 39 76 63 64 94 12 48 72 0 92 32 59 35 84 47 15 60 48 16 62 53 92 50 82 37 59 56 83 34 2 14 77 13 14 34 18 43 82 90 3 58 74 70 55 80 80 13 89 43 76 72 12 73 79 72 84 1 86 44 90 58 69 76 59 88 33 75 70 30 44 57 87 76 77 5 13 85 15 60 81 78 73 19 49 75 83 19 62 51 10 91 41 67 85 56 30 13 72 97 
75 28 16 99 31 32 62 49 59 16 17 14 48 68 60 73 41 12 41 30 40 41 34 59 74 81 68 27 53 32 19 38 31 26 37 47 72 2 79 27 20 59 74 38 19 95 66 42 49 56 47 1 40 66 95 23 23 22 83 80 90 92 43 77 3 1 94 90 5 35 64 64 47 59 83 29 84 18 43 22 39 47 52 64 33 13 29 53 87 86 25 57 82 22 54 14 48 76 30 52 
