100
74 82 21 9 35 0 13 60 35 12 0 45 39 75 81 78 69 76 33 31 98 8 27 72 68 86 74 51 30 51 25 24 71 66 52 79 69 71 64 44 46 67 8 26 46 63 54 74 60 84 3 85 81 99 57 89 37 77 73 4 9 94 35 47 60 67 53 91 85 72 55 48 74 62 32 44 91 78 53 68 34 66 61 56 63 99 68 56 20 38 35 91 57 15 55 17 94 83 17 44 
14 33 99 84 92 91 71 41 54 20 92 82 18 94 13 85 78 44 11 5 33 25 66 24 22 44 41 84 9 98 62 49 32 24 63 72 25 26 12 52 1 17 36 71 8 80 36 90 14 72 81 12 86 17 94 35 39 64 99 12 82 76 95 84 93 30 44 29 59 83 58 89 22 34 68 0 5 19 76 79 47 69 1 72 15 31 88 99 27 10 5 11 43 44 22 90 17 53 44 50 
78 8 5 83 11 9 1 52 33 34 62 53 46 64 91 26 24 35 15 84 25 68 35 36 65 38 32 57 41 42 34 39 48 80 58 59 87 97 96 68 8 22 85 40 66 18 86 74 3 26 10 72 26 50 88 19 15 44 32 68 1 20 53 59 95 87 19 16 54 23 68 46 0 64 64 53 76 65 78 8 92 21 60 71 28 64 49 50 74 70 7 2 95 26 28 21 48 85 9 68 
57 96 7 45 78 6 67 44 95 55 31 81 54 54 71 41 8 78 56 42 13 0 82 7 37 61 95 52 65 40 84 83 41 92 15 36 74 87 50 4 8 37 1 64 13 34 23 94 81 90 31 7 6 16 93 66 65 45 81 0 42 81 13 29 13 58 31 32 79 87 66 19 72 99 9 7 25 55 4 37 24 71 81 6 80 85 62 67 89 60 25 80 93 36 36 42 12 21 30 61 
31 36 2 13 60 49 34 57 17 53 14 47 96 13 54 33 32 51 5 19 15 77 10 63 13 90 44 14 70 43 77 92 59 64 62 69 17 28 23 36 30 51 46 7 10 51 19 52 56 93 7 21 71 40 52 38 35 35 61 35 76 32 76 29 52 46 29 69 92 42 97 46 82 91 99 82 23 99 96 81 50 26 3 10 17 97 90 25 41 82 57 17 87 45 51 84 19 75 7 97 
90 56 45 36 17 94 19 7 52 75 30 13 88 91 71 28 71 59 70 83 87 73 17 8 71 86 10 24 25 22 27 26 2 43 16 5 34 44 95 54 84 46 20 70 15 85 55 91 78 11 52 55 45 85 75 23 59 51 26 23 2 82 38 16 75 58 47 50 73 71 74 25 90 4 11 59 96 27 41 93 81 59 38 7 55 17 72 34 90 16 71 28 48 38 79 36 32 46 78 66 
2 88 88 34 41 91 30 61 47 18 43 22 34 94 31 72 70 77 53 34 97 37 29 46 67 47 70 87 94 61 20 79 95 70 39 41 62 35 93 8 24 22 64 38 34 82 39 39 44 98 70 5 98 94 86 56 62 84 96 15 90 10 93 61 35 7 68 60 10 49 56 45 23 78 78 15 76 81 42 14 36 39 54 6 99 39 2 91 38 23 36 61 43 84 59 97 94 19 60 41 
58 16 2 6 71 27 81 71 30 33 97 49 71 62 32 73 25 68 47 66 62 33 96 93 36 17 45 6 92 14 66 14 32 8 72 89 95 71 16 13 20 12 63 69 45 9 3 62 92 61 54 72 50 20 49 93 78 53 89 49 17 21 74 3 41 53 42 46 54 64 81 15 35 13 25 71 42 34 36 53 82 0 37 74 68 65 82 38 0 7 99 22 84 35 63 20 84 92 96 26 
41 41 13 6 74 18 71 6 17 78 52 91 54 5 80 13 89 91 39 81 93 17 23 81 58 78 59 46 62 46 54 72 31 57 11 95 31 67 9 26 99 47 53 37 29 32 24 83 43 3 84 97 76 74 64 68 4 46 0 51 24 64 87 43 58 2 58 55 91 8 8 51 53 66 66 98 78 48 72 45 96 65 76 95 18 27 13 84 4 99 88 87 21 57 44 77 36 71 55 12 
32 36 29 43 18 83 45 68 45 28 13 40 40 65 42 80 54 3 96 94 60 13 61 72 92 78 94 93 27 16 61 50 26 6 13 72 84 5 41 19 9 76 80 12 65 19 48 47 79 55 56 93 73 64 97 59 45 93 85 2 86 79 6 44 25 99 34 59 46 45 72 43 65 9 97 42 29 63 25 89 79 67 36 11 14 42 38 68 41 74 51 72 98 14 9 72 33 2 83 17 
1 89 12 74 66 70 82 93 51 70 45 55 10 54 66 37 64 16 17 65 17 1 4 33 67 96 9 44 84 43 92 21 67 43 0 37 73 65 66 94 67 43 38 69 8 39 18 11 36 59 36 99 94 37 30 58 89 79 1 88 79 24 20 41 74 35 53 67 83 80 56 92 76 73 5 61 90 79 37 80 37 71 58 50 75 69 68 9 59 38 42 74 56 41 86 90 98 74 37 19 
61 72 59 5 47 27 10 89 22 88 79 2 18 28 48 49 22 94 91 13 38 96 3 39 44 18 33 91 23 55 90 94 38 88 49 18 25 81 23 16 94 19 85 53 63 91 71 18 71 31 55 8 45 87 15 91 26 11 80 9 60 97 30 48 95 3 17 63 38 41 41 13 41 19 63 20 66 82 38 21 91 88 47 52 20 80 98 94 37 52 58 87 96 89 76 22 4 69 97 65 
81 45 7 2 88 26 16 42 85 66 27 28 88 70 37 89 99 38 75 73 33 20 47 58 41 31 34 90 27 35 58 52 61 49 82 98 82 41 15 3 80 2 73 45 63 63 38 48 1 8 46 60 8 54 3 86 64 46 51 19 9 23 51 63 68 37 66 50 88 89 89 58 33 58 80 35 92 91 81 7 70 67 59 77 7 43 70 74 3 65 30 37 10 59 94 30 11 31 40 82 
93 25 13 43 17 91 93 93 2 2 40 1 86 64 78 13 5 32 91 59 60 37 47 65 68 45 64 3 26 17 50 12 29 18 2 38 31 49 44 41 20 55 33 70 84 71 7 65 42 31 92 22 17 79 33 50 83 85 56 40 72 70 54 63 22 38 68 54 88 46 40 29 22 15 17 97 59 25 77 15 86 2 22 25 36 81 20 56 20 23 58 54 36 44 43 55 16 64 94 77 
36 50 69 4 17 9 23 74 31 28 55 73 87 96 92 80 88 43 48 11 4 26 34 78 42 6 22 75 84 89 94 37 2 19 84 36 99 65 40 21 30 8 27 97 45 52 15 67 73 96 41 90 79 82 14 31 64 88 55 80 29 84 50 61 49 23 57 11 55 40 19 85 78 73 39 92 88 35 36 50 67 89 1 38 17 47 17 42 61 74 26 73 78 79 13 16 71 54 2 20 
90 87 53 2 69 54 80 47 45 97 50 76 80 64 33 41 87 99 90 99 89 31 11 40 47 1 40 9 65 50 72 30 25 0 7 28 31 93 39 70 25 39 60 56 4 51 70 41 79 30 3 49 29 77 7 25 83 23 37 91 55 21 59 39 25 80 80 36 82 27 37 69 2 58 55 10 33 21 25 95 1 93 42 82 46 8 12 48 63 43 6 98 15 48 54 3 60 68 38 10 
25 93 72 12 84 30 41 96 91 94 22 23 16 68 3 27 38 98 83 91 86 49 99 13 47 25 19 57 63 99 75 54 13 6 4 92 90 39 16 45 44 89 76 21 33 71 80 11 14 56 89 1 69 80 28 54 4 28 40 50 53 41 32 62 13 62 45 25 39 41 90 32 15 63 87 76 73 66 8 0 4 41 78 64 9 25 37 34 63 64 94 5 49 21 1 28 92 38 75 38 
10 92 14 73 66 10 14 33 88 36 35 37 78 23 70 30 35 59 28 2 88 7 88 43 76 46 33 83 37 39 49 36 63 48 3 26 8 3 43 83 75 61 82 96 23 51 99 88 2 2 75 80 5 75 85 15 17 34 68 3 68 32 73 56 21 11 57 63 76 67 89 4 47 49 52 82 90 38 5 76 82 81 55 84 72 23 34 99 88 40 74 48 33 53 39 47 22 53 2 61 
77 78 18 11 5 51 72 57 37 11 86 7 8 12 31 53 44 59 95 24 40 43 73 45 74 58 2 0 66 70 43 26 42 8 66 48 82 86 66 2 37 15 13 99 8 93 33 18 61 76 31 20 41 96 52 32 8 75 87 67 8 89 98 87 36 28 18 94 14 31 77 7 74 58 5 54 51 3 38 59 33 12 95 31 79 40 81 69 21 62 42 86 49 45 31 3 28 87 24 57 
34 62 70 23 46 5 52 10 57 73 27 21 70 57 52 65 21 79 22 18 47 96 88 93 43 12 42 82 96 37 4 82 70 91 94 87 97 2 18 53 64 86 17 0 14 49 61 44 54 53 63 79 91 62 98 67 97 73 32 4 45 81 87 80 82 46 10 31 55 2 38 73 36 31 21 48 14 76 86 65 63 50 16 69 8 69 21 46 8 12 96 26 9 84 16 3 36 27 30 52 
72 56 26 27 47 91 56 18 59 32 13 77 86 78 24 14 78 96 35 1 46 30 84 42 14 15 84 77 77 45 97 28 64 76 32 60 24 38 66 39 72 77 30 63 0 80 19 29 88 74 44 57 33 45 13 15 26 40 15 49 27 27 77 56 33 38 10 51 36 36 6 5 28 14 4 66 34 78 61 55 45 82 97 56 1 32 46 10 4 35 74 36 15 64 90 0 14 88 27 56 
32 36 62 11 5 30 73 33 8 64 3 90 70 14 44 13 5 50 79 9 30 49 64 93 94 96 22 53 16 29 68 59 3 23 14 50 79 97 77 57 6 44 3 40 3 14 16 62 99 17 85 57 34 69 36 57 15 86 94 12 71 28 18 85 28 83 26 54 19 17 60 37 89 34 52 6 11 48 33 70 91 38 3 29 89 43 36 93 10 61 2 68 33 67 57 86 97 49 54 89 
26 29 32 25 37 3 94 85 90 91 15 32 12 70 74 4 29 97 88 15 54 84 64 10 37 0 99 2 83 69 93 36 15 50 13 26 82 77 16 1 79 27 57 33 0 97 19 8 7 23 58 29 8 45 7 75 98 95 51 91 18 75 7 36 72 40 98 93 17 52 93 46 74 90 16 40 80 5 67 92 39 46 22 88 42 37 65 37 11 15 41 54 74 90 2 95 82 98 16 46 
96 84 13 77 84 99 46 7 65 77 55 86 58 92 45 55 77 35 26 63 66 84 96 41 72 45 84 59 78 73 77 31 61 31 39 21 86 3 13 37 77 17 67 81 38 9 81 77 92 50 37 11 13 58 76 52 58 77 33 42 74 73 63 95 69 39 1 37 17 53 79 79 92 45 59 40 29 48 43 73 36 95 70 13 57 52 99 70 10 73 31 9 41 32 57 26 19 0 6 97 
41 4 84 80 24 35 67 96 23 58 16 71 63 3 27 95 26 33 97 43 91 57 46 41 69 77 59 34 92 36 51 64 3 68 29 74 12 12 52 20 0 2 40 22 6 79 73 20 87 32 17 36 88 38 28 29 0 84 67 5 4 13 70 71 32 88 95 65 95 39 7 76 18 43 93 0 90 94 21 28 18 66 18 89 44 11 0 82 36 34 5 7 9 54 76 77 55 20 14 4 
18 91 5 49 32 20 51 87 19 1 57 68 83 49 80 34 21 56 13 27 6 59 17 86 28 67 45 75 59 41 47 12 13 75 20 5 40 97 86 18 42 15 2 44 48 48 45 49 68 5 14 82 41 26 13 83 66 63 14 53 68 52 42 46 71 61 53 51 40 96 77 11 92 21 25 96 27 20 56 20 40 75 85 95 39 81 38 69 7 0 26 72 86 48 8 63 12 78 59 54 
30 61 22 43 27 2 46 81 91 26 23 99 86 14 88 94 15 15 69 50 27 73 41 36 53 91 6 14 43 34 63 40 39 85 85 27 52 4 5 92 30 63 54 52 0 0 45 71 79 29 53 14 0 73 59 86 97 28 69 86 32 48 68 74 3 18 84 84 42 86 82 40 90 78 84 42 6 27 28 82 62 1 25 2 42 83 25 19 32 67 89 5 27 51 17 78 7 35 6 42 
60 90 69 13 51 11 83 63 93 73 8 46 92 12 79 31 16 4 53 2 3 79 87 0 49 94 60 15 5 61 14 52 27 81 88 7 77 55 66 3 80 70 47 68 18 7 55 42 89 37 36 12 24 51 63 18 21 70 41 75 69 72 37 62 34 1 85 79 6 91 66 63 75 11 15 93 74 62 46 89 45 83 49 18 49 46 75 22 19 30 61 11 66 1 70 91 46 70 15 80 
89 30 45 95 39 5 26 77 50 6 63 44 23 49 88 9 84 88 62 89 70 15 51 90 99 46 73 9 45 97 25 11 1 40 76 41 73 34 74 93 86 32 40 72 91 69 29 97 83 38 60 4 74 52 76 47 34 37 42 59 32 98 35 15 51 49 5 21 38 37 29 51 75 8 10 76 57 29 42 59 15 39 55 99 6 23 16 27 85 42 97 35 83 97 26 32 96 80 2 20 
58 64 57 4 52 36 10 70 49 28 47 88 42 82 14 75 58 79 11 23 30 52 59 55 10 89 67 6 68 17 24 35 58 43 75 12 1 44 51 72 54 49 30 99 87 89 40 13 49 95 52 17 50 87 96 31 36 24 37 25 29 25 31 23 52 20 83 50 58 40 50 33 96 1 75 50 44 86 35 22 53 38 30 89 70 42 80 2 11 66 58 43 37 98 92 72 68 75 53 43 
96 85 50 17 56 67 66 60 91 21 81 0 7 71 25 65 1 53 68 19 80 61 64 41 78 28 10 79 19 79 56 7 17 20 13 87 36 61 76 54 25 69 49 8 4 60 32 56 66 87 16 44 77 80 26 73 98 56 25 97 98 90 18 11 10 39 18 79 62 60 18 74 98 25 97 2 14 33 78 99 32 23 87 9 23 7 15 41 27 69 24 82 12 38 0 44 2 35 60 19 
2 97 21 22 74 98 20 16 23 96 18 40 43 21 25 58 40 79 32 53 54 54 56 99 5 77 75 3 57 9 20 36 27 30 63 10 62 15 92 95 71 48 97 54 52 39 55 78 75 97 24 41 38 88 41 76 20 27 24 3 58 7 40 21 86 20 47 99 40 33 12 77 1 32 8 17 24 85 79 34 86 77 87 83 87 12 2 36 83 95 65 58 41 26 23 45 28 97 97 41 
18 78 86 39 73 28 24 6 74 98 45 84 26 33 62 28 90 93 81 33 4 66 79 33 53 81 94 39 4 10 44 32 96 61 46 36 84 33 17 96 52 35 69 92 54 18 67 5 6 9 18 54 30 78 27 63 55 56 40 82 55 41 97 26 62 75 68 59 74 35 5 14 84 20 36 41 29 60 37 95 48 45 50 27 37 33 46 34 30 61 3 9 10 30 94 97 76 47 77 50 
66 39 68 52 14 58 44 57 18 33 32 91 49 49 51 51 28 21 33 1 44 72 77 28 44 29 58 2 2 10 36 73 50 89 53 80 8 21 93 25 52 83 72 29 31 73 52 53 54 41 46 90 40 68 32 55 17 90 14 94 7 15 12 89 11 91 92 84 61 15 84 36 23 78 24 67 45 36 5 38 11 44 3 23 29 59 87 75 96 8 51 38 77 97 19 13 78 1 24 91 
80 92 99 18 46 91 80 6 9 59 33 67 56 83 12 23 21 53 84 43 74 28 64 89 62 36 90 49 12 19 76 59 5 89 66 11 26 58 28 58 71 81 11 61 67 88 46 32 10 57 24 32 26 10 52 33 49 76 98 32 76 85 57 16 62 73 50 23 31 40 23 44 67 21 49 4 57 92 91 58 52 89 11 64 65 97 34 53 93 67 85 87 41 96 30 36 47 36 22 10 
27 51 52 8 23 70 32 91 4 83 80 4 61 92 82 11 55 40 9 42 36 67 54 90 85 30 41 38 90 27 47 30 15 79 67 10 92 63 19 24 34 89 37 87 51 80 63 46 66 69 26 6 93 78 56 1 13 11 4 27 26 59 57 44 66 13 47 6 66 76 95 54 51 35 75 55 98 33 10 10 13 4 64 21 61 58 9 18 54 4 59 17 98 98 4 71 53 67 78 77 
87 12 45 42 83 46 28 21 2 98 50 25 10 8 42 85 76 49 72 0 86 11 36 99 26 18 14 28 72 50 54 21 2 76 0 36 27 28 59 7 88 89 68 48 7 4 69 62 39 76 72 77 22 32 68 91 48 12 0 77 59 24 31 76 15 26 85 88 93 37 19 25 66 73 76 38 67 7 7 25 78 33 60 55 24 15 24 6 37 88 61 41 10 35 2 43 80 45 95 49 
23 3 65 97 9 48 46 8 82 63 47 5 4 15 22 93 90 58 41 88 2 47 92 96 33 30 49 54 67 70 78 40 43 10 99 88 83 16 79 95 71 13 69 52 2 63 86 50 19 57 95 32 47 37 41 36 55 39 44 50 0 55 3 30 1 80 56 17 25 84 69 53 82 77 38 55 37 19 37 59 73 93 14 45 83 35 65 89 72 64 23 46 92 6 86 59 4 34 88 34 
44 94 69 88 86 67 34 28 66 23 72 72 47 27 0 7 76 7 86 84 72 61 24 85 44 85 82 10 95 16 91 86 79 0 55 62 96 72 71 52 11 49 1 47 19 19 37 49 70 16 36 51 34 89 22 49 65 78 62 69 4 32 12 7 40 72 17 2 85 31 3 29 56 13 4 56 24 56 79 40 77 5 55 5 28 61 38 26 52 96 31 64 31 50 94 11 51 80 91 56 
49 65 66 52 51 74 58 39 94 29 6 2 41 6 24 88 78 29 57 38 13 63 61 18 26 93 97 91 54 39 99 12 50 8 89 28 53 9 74 35 80 85 35 13 85 44 28 71 7 65 54 75 13 59 93 77 15 1 36 28 54 29 14 3 23 21 99 31 80 83 56 89 2 60 9 64 70 79 4 45 60 27 38 27 29 94 92 40 5 59 61 27 33 20 58 77 81 13 87 37 
77 6 57 57 4 92 17 66 79 92 7 67 72 46 77 31 31 44 70 55 80 11 43 70 0 41 46 81 27 87 32 18 51 88 2 51 57 71 48 4 65 93 42 27 36 79 26 94 48 22 17 3 24 52 46 20 57 6 47 58 14 71 50 47 38 61 77 75 45 26 23 50 38 89 81 7 34 11 74 51 11 60 83 50 24 62 93 67 63 56 30 20 20 87 13 12 26 33 27 9 
15 23 4 97 93 15 32 92 30 74 1 38 54 30 27 91 22 83 5 28 20 67 85 3 78 10 72 83 98 17 15 51 66 87 3 3 98 74 14 65 55 42 87 94 1 45 7 78 83 54 56 50 39 64 32 48 60 45 50 34 54 75 24 73 46 55 2 91 17 43 31 81 6 23 20 90 98 81 63 93 69 82 56 14 8 27 6 64 68 80 64 45 29 10 71 9 30 40 17 99 
85 33 63 16 59 68 56 39 44 55 15 38 46 13 69 99 65 34 30 75 16 69 19 82 33 64 33 77 58 31 19 50 44 52 66 44 81 67 30 7 7 72 86 61 81 95 50 38 15 15 22 7 24 17 90 43 8 48 42 71 2 88 19 62 81 17 26 34 77 9 88 17 6 46 14 48 63 91 32 93 97 98 64 4 49 7 41 40 41 41 5 86 18 75 73 9 70 30 95 47 
11 62 34 84 44 93 56 11 87 60 46 32 49 14 35 42 20 40 27 6 29 82 82 90 56 25 92 62 67 55 31 57 35 21 74 36 68 71 44 18 31 59 89 67 31 28 62 86 58 81 77 71 47 12 98 27 46 88 62 43 69 36 73 42 39 10 73 64 77 99 67 91 56 26 70 10 12 35 53 94 12 33 37 81 37 52 0 25 92 19 8 78 3 37 9 41 12 64 42 13 
51 80 3 64 2 22 45 94 15 52 98 88 10 84 89 82 71 41 47 6 70 98 45 7 54 57 42 51 42 35 29 60 65 68 14 48 31 30 76 63 50 11 60 92 40 8 94 37 81 42 61 51 98 26 12 29 93 48 15 13 7 67 19 1 5 21 6 71 54 47 92 86 32 64 10 12 4 61 31 40 30 77 30 92 39 2 76 9 75 94 34 83 64 84 20 26 50 90 16 90 
26 89 46 30 25 81 22 11 97 32 79 22 82 45 65 84 49 54 49 9 31 27 80 18 9 16 83 5 50 82 74 63 88 8 21 57 51 98 62 56 1 17 4 5 9 67 11 18 34 22 69 32 81 49 86 99 10 49 87 32 54 17 33 71 95 15 6 78 69 76 26 31 53 97 66 16 79 28 43 22 19 37 85 68 23 53 46 95 19 84 93 11 75 52 72 16 2 11 97 21 
7 0 22 75 52 9 96 3 64 66 98 57 88 20 73 21 60 17 46 17 88 9 70 34 13 57 79 22 12 2 7 25 16 54 89 84 23 23 42 49 93 98 42 36 3 24 80 46 54 30 40 3 53 20 1 23 25 22 26 54 3 92 18 32 18 7 6 14 47 27 18 92 91 28 42 18 35 24 29 91 68 44 37 63 19 16 75 70 63 34 75 73 2 40 31 33 24 33 0 64 
41 79 19 75 31 52 35 37 61 97 64 9 8 49 72 0 35 20 71 8 63 26 50 94 59 40 17 81 0 22 36 46 30 67 22 98 13 61 51 29 43 7 34 26 43 63 86 56 32 76 9 97 11 16 84 79 24 81 13 45 76 39 45 76 91 33 93 32 10 77 95 17 64 23 46 60 59 18 35 10 76 6 57 26 41 35 44 31 4 26 46 97 68 80 88 53 3 8 38 85 
17 20 91 1 7 89 48 65 27 77 23 43 6 70 53 29 69 45 70 4 42 95 36 74 51 11 1 96 69 18 40 0 3 31 10 19 34 5 87 17 10 21 76 22 73 30 53 85 27 76 23 12 98 93 57 91 29 60 51 67 52 64 92 51 74 6 96 75 57 56 5 51 8 15 77 43 55 73 67 71 79 84 41 1 7 98 88 88 48 56 66 82 79 1 77 51 25 59 89 57 
58 10 87 18 39 7 0 91 58 75 60 26 57 9 87 93 78 75 11 65 21 49 14 35 39 29 49 55 2 64 41 84 6 36 67 8 45 24 18 87 36 61 87 2 40 34 7 66 19 59 29 30 76 18 68 15 81 13 4 91 74 50 7 32 69 22 46 25 99 46 20 80 20 64 33 55 7 77 53 33 71 1 65 6 32 83 92 2 44 58 89 40 15 59 43 88 71 85 71 32 
5 60 30 93 13 34 71 95 52 18 76 89 59 8 80 7 71 34 32 89 64 7 16 7 1 8 10 62 94 66 59 1 88 99 49 56 58 5 54 90 20 14 95 73 20 2 92 25 99 41 87 75 79 74 30 97 72 45 78 0 5 3 10 73 98 97 72 42 95 6 53 78 10 71 68 41 92 17 59 45 9 77 66 16 46 87 19 71 2 49 87 53 5 31 87 8 75 51 32 57 
87 38 89 34 8 83 50 5 7 60 98 91 55 88 53 85 17 24 80 91 23 93 42 56 81 70 54 9 76 56 42 4 64 60 90 48 68 82 48 57 48 56 22 37 25 91 32 95 99 69 0 47 71 98 24 29 87 88 95 24 75 61 19 42 45 84 85 69 66 72 8 90 33 93 0 71 5 60 4 49 72 43 8 91 4 38 92 40 21 34 98 33 29 0 50 8 67 81 88 38 
6 49 79 77 67 18 0 53 39 28 74 41 88 56 79 85 43 70 42 69 68 82 41 19 62 38 83 4 23 73 8 86 32 89 26 81 83 53 50 43 8 22 65 13 23 74 4 89 9 38 25 64 53 93 68 78 37 71 53 5 23 86 57 72 47 82 33 68 69 58 68 62 61 64 7 38 43 95 88 83 80 63 41 54 19 43 44 76 51 81 36 35 45 27 65 67 10 52 56 9 
29 99 96 16 24 42 68 81 53 84 3 64 92 95 91 56 27 88 35 32 79 45 41 70 91 6 82 4 34 33 74 79 75 11 10 30 29 73 24 8 67 21 57 84 70 29 71 66 64 63 31 19 36 27 12 81 76 26 0 38 49 4 63 61 69 83 6 28 63 5 74 84 19 22 68 40 77 57 11 29 26 88 97 70 60 20 51 13 97 30 76 96 37 61 88 6 55 56 27 7 
21 66 87 15 11 97 72 88 4 88 86 17 62 99 82 57 53 87 83 37 78 81 54 39 62 11 32 84 53 61 54 81 79 18 14 48 39 82 23 41 53 68 42 3 9 7 14 83 32 16 92 7 58 22 79 99 7 24 41 58 52 41 63 9 75 2 45 36 46 35 92 38 90 12 16 65 1 27 2 79 3 58 58 82 20 92 63 17 86 47 2 50 47 59 26 8 65 48 98 51 
28 65 67 77 64 97 6 68 52 63 2 77 33 60 93 15 6 10 83 89 69 41 61 94 32 55 54 69 7 98 9 45 67 20 20 0 58 52 85 70 38 68 31 19 5 88 85 10 69 36 41 7 76 99 17 31 49 1 75 32 84 15 48 32 58 24 43 2 73 76 78 9 43 42 80 76 48 79 49 30 17 93 93 10 27 6 69 66 65 54 41 78 0 90 53 70 16 33 94 5 
32 2 88 43 48 33 64 22 26 43 0 24 33 68 70 23 60 5 18 28 6 25 68 44 3 8 29 87 41 31 19 26 64 81 92 63 20 48 72 72 25 61 34 11 20 55 48 89 68 33 95 74 27 82 92 69 79 34 98 28 94 76 15 44 53 33 35 77 39 94 99 15 48 74 92 16 91 91 83 28 73 91 83 30 56 95 38 32 45 6 36 3 61 66 27 16 21 41 41 94 
41 66 60 57 97 18 94 66 22 85 30 98 18 47 35 4 62 33 18 23 15 49 77 49 30 74 20 29 67 78 27 47 85 0 94 58 93 58 37 73 73 85 58 7 82 50 23 93 14 8 81 71 34 28 17 55 15 21 53 33 89 6 66 2 87 8 28 28 62 70 65 66 64 41 54 82 80 88 85 89 86 7 25 41 74 83 64 83 30 78 79 93 18 1 39 59 31 26 98 21 
12 80 72 11 89 18 35 20 85 11 6 58 4 95 44 64 34 33 83 65 15 1 81 30 59 32 42 60 96 40 9 78 3 61 30 8 62 31 96 6 78 19 10 23 9 63 14 51 87 81 12 69 62 85 6 11 39 24 46 89 93 57 33 74 85 27 94 75 45 54 11 62 48 0 99 35 43 40 29 59 1 31 11 16 19 88 75 33 82 63 39 48 99 74 64 35 85 11 50 99 
87 33 93 3 60 90 76 11 79 65 80 42 36 2 94 60 33 54 30 64 34 83 57 3 34 76 66 93 92 55 59 85 22 13 4 73 46 13 57 83 70 4 1 37 99 58 87 64 97 26 93 39 13 13 1 18 1 42 51 78 16 18 16 69 98 94 75 20 95 89 1 6 18 82 9 65 97 9 90 42 12 87 3 81 10 47 64 39 57 42 12 83 6 74 52 16 90 44 86 40 
82 49 35 89 11 75 68 16 13 45 46 73 31 35 28 5 87 17 77 3 6 99 80 26 94 87 53 73 32 75 78 91 96 86 51 61 57 4 89 13 81 41 30 21 79 27 72 41 88 41 72 28 71 97 33 37 87 8 94 43 18 40 93 16 18 84 68 14 36 44 80 80 80 99 8 10 44 54 21 86 97 82 35 41 64 40 70 57 47 46 82 80 75 87 63 49 3 90 39 11 
68 83 89 23 19 48 65 63 92 86 78 20 88 97 88 98 19 92 61 17 43 75 77 19 38 46 91 56 9 4 64 95 24 20 4 21 12 0 94 96 68 89 85 32 48 22 71 34 67 55 72 16 39 75 11 23 43 24 91 28 13 28 68 89 65 98 99 19 50 62 39 77 63 18 99 29 11 94 85 33 81 45 95 57 55 10 99 77 19 95 49 91 74 19 62 87 55 91 32 59 
9 39 60 1 77 27 82 15 14 4 34 30 78 66 28 4 79 97 24 57 98 31 23 23 67 84 9 58 66 93 89 62 5 37 19 25 49 41 5 14 18 61 48 54 10 38 33 62 99 92 45 30 28 62 26 25 75 19 62 67 20 40 85 93 58 13 34 70 10 61 99 10 51 66 72 74 21 57 91 47 96 36 95 62 42 55 94 41 55 85 90 42 13 28 22 5 61 60 66 96 
1 48 54 52 40 9 29 96 85 0 97 76 7 84 8 26 25 82 87 67 90 0 9 18 22 40 92 74 2 69 36 57 78 26 20 45 74 90 83 95 40 34 46 55 33 8 46 80 74 98 2 47 44 97 75 37 35 17 34 56 13 75 97 49 32 17 81 46 58 69 5 24 70 17 65 98 32 57 50 18 20 75 29 25 52 56 34 37 12 30 81 85 25 83 14 50 78 96 76 32 
36 14 55 6 91 50 48 48 73 16 21 64 82 73 1 98 86 78 94 42 94 46 44 88 97 95 37 55 57 75 57 66 82 82 16 86 96 27 43 88 48 83 7 56 12 65 60 43 34 51 68 45 98 4 14 78 26 36 66 74 10 10 46 55 45 41 19 88 73 97 56 2 53 73 96 40 6 7 92 84 70 31 26 31 8 48 44 97 97 88 48 58 82 24 27 51 28 4 56 4 
49 81 45 51 31 83 79 86 5 28 10 26 25 85 34 10 70 93 68 5 36 11 53 5 43 43 90 74 68 34 65 31 54 81 37 55 52 86 97 2 24 78 49 48 21 64 11 58 66 80 84 93 60 34 29 25 71 70 29 32 76 99 86 38 32 4 88 94 96 55 99 56 31 46 34 95 3 52 60 36 16 19 47 26 82 43 68 33 78 33 46 63 83 83 20 61 5 99 44 76 
77 43 56 89 39 1 37 54 25 48 22 28 13 96 70 23 16 6 83 95 26 86 32 68 11 78 28 26 99 6 68 48 90 69 48 56 57 55 22 55 19 47 43 10 36 0 73 85 66 10 98 11 92 91 88 11 48 64 7 70 66 36 69 54 59 80 73 22 37 22 4 30 18 11 42 43 78 71 2 18 45 37 18 46 18 98 94 61 31 3 71 4 35 71 64 75 57 92 29 21 
89 27 64 59 26 43 7 17 18 40 68 73 77 43 35 39 39 74 60 34 15 85 23 37 91 95 50 13 39 34 35 32 96 66 4 89 1 34 57 76 98 36 72 50 27 71 99 3 20 17 90 67 35 35 56 28 66 70 72 46 31 8 94 3 5 51 6 4 75 82 9 90 57 25 18 84 69 27 39 16 16 45 64 25 22 69 62 72 57 63 13 79 49 47 97 82 21 56 10 36 
39 27 82 74 83 89 41 76 65 68 92 51 95 19 79 37 73 44 40 27 9 16 23 0 5 75 6 5 24 28 7 17 64 91 69 89 23 62 56 80 91 71 70 43 44 13 2 49 0 54 39 48 24 22 76 13 46 96 14 80 74 17 72 2 31 16 31 47 7 57 27 20 16 7 9 3 23 34 8 10 15 48 66 11 95 86 49 90 2 17 99 3 17 34 45 74 47 62 70 47 
82 53 50 40 71 20 21 92 18 16 11 67 87 11 74 87 76 97 99 26 86 0 1 49 91 74 86 79 17 43 49 90 12 1 69 71 55 1 63 95 77 14 79 32 42 21 78 50 41 77 42 61 73 94 65 4 95 61 17 48 21 95 98 91 47 4 22 31 73 61 19 96 89 85 5 30 50 4 95 59 34 74 57 73 6 55 49 19 62 90 87 14 10 80 77 8 56 49 53 34 
44 88 70 13 11 61 15 91 79 70 15 89 7 45 62 78 32 98 15 80 47 64 62 24 51 1 48 84 0 77 9 21 99 39 62 61 44 97 5 87 53 10 71 56 54 6 0 38 94 37 58 95 36 4 84 70 41 79 55 15 55 28 32 41 19 39 59 3 90 2 20 2 86 74 54 6 6 31 94 16 17 54 84 11 58 49 41 8 46 71 12 95 71 57 0 75 58 4 94 95 
91 98 52 42 50 72 42 81 85 76 13 99 56 47 35 5 76 64 70 74 39 87 33 32 13 47 27 24 35 17 64 32 21 91 58 9 58 81 8 10 33 69 49 85 20 0 44 22 5 92 49 23 81 91 98 93 82 33 15 87 3 58 48 75 19 74 62 96 8 43 52 31 40 71 60 17 75 93 71 28 40 71 78 86 91 99 8 72 67 4 58 63 23 65 19 41 18 86 51 70 
94 47 40 69 52 25 58 19 57 79 57 91 78 73 29 29 0 72 21 8 54 71 59 19 44 36 7 24 54 83 91 86 32 45 58 38 36 69 3 58 92 0 71 97 42 75 89 11 87 33 42 84 23 58 73 47 73 89 59 76 19 2 89 95 0 8 24 55 81 38 60 6 89 62 65 68 24 26 66 56 84 76 9 22 95 90 47 62 91 13 32 44 14 70 32 15 70 41 60 29 
35 69 24 17 43 25 17 33 85 28 98 64 53 67 90 87 77 77 2 95 89 74 18 50 5 97 44 83 41 4 59 60 39 83 72 79 27 12 46 53 76 52 47 90 58 97 62 37 20 67 8 2 82 35 81 5 77 87 16 20 56 75 65 64 94 51 82 55 24 71 35 99 90 17 96 32 10 63 88 12 71 84 68 19 26 26 91 22 45 46 84 65 5 5 41 34 25 22 11 44 
87 27 98 10 98 79 4 40 21 25 77 5 45 13 65 31 0 12 42 47 18 65 55 47 32 43 79 32 7 99 87 67 5 77 74 20 61 8 42 54 52 6 20 20 93 70 78 79 67 89 90 55 57 75 16 9 70 68 44 52 13 0 58 51 10 94 84 11 95 64 47 94 2 49 20 0 93 41 34 15 44 96 31 88 2 63 6 80 94 27 28 48 56 9 1 56 68 95 5 48 
89 47 85 56 10 60 68 17 36 77 42 51 34 57 43 70 5 57 11 92 59 10 40 32 93 57 91 7 88 77 23 51 67 67 74 6 98 88 20 88 40 3 3 27 16 91 44 4 67 92 90 94 23 18 33 68 26 9 25 97 76 63 55 49 51 47 41 71 59 24 55 53 94 52 63 19 0 0 10 89 9 40 36 15 31 38 60 26 23 75 21 95 24 3 5 16 47 79 48 22 
36 39 46 31 53 30 88 83 1 6 4 19 93 64 39 8 26 24 41 38 71 87 17 47 33 59 3 31 49 29 78 23 38 10 13 62 79 30 60 99 62 11 79 70 29 72 68 48 95 24 73 68 30 7 2 21 30 38 76 9 82 59 32 52 21 97 87 83 21 30 57 41 72 48 46 68 92 80 55 71 68 42 48 77 17 72 54 17 91 72 27 13 99 48 37 55 75 25 75 78 
7 14 9 21 25 59 6 28 6 26 96 33 52 78 97 73 28 88 22 97 53 36 58 29 66 98 51 26 64 60 15 52 62 7 48 93 41 12 57 4 43 61 97 81 79 37 20 69 80 56 41 65 75 12 7 85 70 19 45 75 21 54 11 96 62 9 63 43 17 79 89 9 32 76 5 55 74 33 22 43 74 93 53 13 83 6 22 63 77 89 96 78 50 20 72 19 20 66 38 78 
49 24 49 37 75 75 36 59 53 35 58 18 9 3 73 23 32 50 68 15 97 41 32 37 79 98 15 72 52 60 61 30 38 36 73 42 27 86 44 79 25 93 90 63 9 13 46 96 56 21 58 14 65 99 1 90 80 1 34 85 48 20 19 97 12 16 19 2 94 79 51 31 92 89 32 67 77 57 59 97 92 2 6 20 17 49 99 42 44 19 58 37 38 43 55 74 76 42 0 62 
89 35 82 24 87 23 15 96 80 16 44 95 88 11 49 19 29 95 46 20 54 59 62 37 2 34 51 47 3 32 30 39 90 90 17 35 94 93 30 78 73 59 78 42 3 72 54 40 43 62 37 5 3 26 55 92 56 57 96 36 38 2 48 80 46 99 69 42 82 27 37 12 62 75 3 36 62 67 61 56 31 16 14 65 46 45 52 60 40 53 92 83 98 74 55 52 75 36 85 61 
64 43 98 28 73 3 67 63 75 29 75 76 11 34 53 80 19 67 39 77 90 56 4 59 52 61 41 30 2 87 72 40 16 20 61 97 73 10 67 81 81 26 73 7 76 30 15 76 68 84 91 4 5 10 14 54 67 4 24 15 46 31 67 92 17 62 34 16 67 33 78 21 90 32 3 28 73 76 85 84 49 8 36 10 98 44 33 2 64 26 77 52 29 93 21 50 66 53 18 19 
13 75 73 36 29 55 5 16 66 44 43 41 60 8 33 6 45 65 9 76 0 64 29 20 64 66 77 25 43 20 91 61 25 24 12 33 78 61 21 40 57 35 59 57 28 90 4 81 39 88 1 10 57 84 45 45 46 5 2 95 36 80 36 91 73 93 68 23 26 17 51 96 30 93 79 90 64 2 40 40 35 81 69 59 35 13 50 25 55 46 59 29 44 31 0 92 70 21 74 31 
39 87 18 33 49 42 90 26 82 21 58 19 0 93 23 52 81 42 57 24 5 25 78 34 66 95 19 17 9 99 19 35 18 50 36 61 52 43 36 47 39 95 12 98 40 2 7 79 31 82 10 85 32 16 92 48 4 5 72 61 87 97 99 34 13 34 21 56 74 57 27 32 82 5 59 97 27 24 2 57 32 72 69 11 4 11 49 3 61 56 31 29 97 40 21 39 29 64 19 37 
68 18 78 44 56 71 81 51 32 38 6 86 25 77 28 57 95 0 71 13 3 30 8 66 1 26 25 66 80 41 10 32 17 37 23 29 5 48 93 23 97 53 10 99 38 88 65 35 42 38 46 47 46 84 62 84 80 93 28 47 97 4 5 29 96 64 33 65 1 57 78 12 5 87 46 89 80 80 93 85 23 61 54 1 88 27 8 75 44 55 38 7 78 15 23 67 8 36 15 83 
33 81 22 34 23 10 64 66 25 54 90 5 6 92 30 37 11 2 17 46 13 95 30 80 31 58 24 86 24 22 47 4 20 1 77 79 55 60 96 10 67 17 14 28 6 39 66 12 81 67 25 99 42 75 10 82 29 26 96 63 72 5 11 89 26 47 25 60 2 2 42 62 49 86 23 11 30 1 27 16 19 45 91 89 0 98 4 3 47 8 35 46 12 75 83 5 86 95 30 60 
33 8 14 20 66 12 21 32 13 33 63 68 86 18 28 99 54 39 48 98 55 54 33 89 88 93 41 15 43 94 51 96 90 63 73 5 81 82 3 19 47 87 42 69 6 38 60 9 78 28 30 23 65 84 36 17 73 5 21 65 46 48 78 74 11 49 57 18 39 6 63 74 95 11 16 41 39 21 0 75 60 20 53 22 11 9 54 96 90 78 39 26 71 16 63 95 87 81 7 56 
44 73 86 13 69 95 23 96 22 33 15 24 54 9 32 60 63 37 75 66 62 25 59 35 89 1 83 32 97 6 89 16 84 82 81 62 39 62 10 63 52 96 35 16 13 3 51 60 17 17 91 54 63 71 43 17 11 81 11 39 72 10 5 57 10 33 29 85 25 91 39 99 9 76 39 44 0 97 31 51 79 76 6 55 76 36 71 49 81 55 62 2 58 78 44 30 56 23 27 26 
46 27 75 91 70 54 81 11 98 80 81 72 1 3 38 74 69 65 99 25 8 14 10 47 17 24 9 84 86 0 78 34 54 23 66 95 1 39 30 38 86 54 52 26 92 73 80 99 52 50 40 7 28 90 16 21 17 82 97 43 54 83 89 54 37 79 64 89 5 52 85 6 56 46 35 96 46 55 21 56 78 98 56 54 22 58 44 93 2 0 46 90 17 51 13 94 94 67 31 84 
79 2 81 91 99 47 24 51 53 33 53 4 83 80 90 74 5 72 84 53 51 50 65 78 92 1 58 66 7 63 84 23 51 83 51 22 96 40 19 9 62 73 7 76 70 82 50 64 62 93 13 56 91 44 93 58 46 65 8 19 57 62 67 56 91 56 37 87 32 9 13 40 49 99 72 20 44 16 20 9 52 29 59 91 71 48 31 46 22 17 15 11 83 74 75 46 91 38 47 47 
40 74 29 77 22 43 32 21 74 73 32 59 71 50 56 78 10 75 14 97 63 57 67 63 65 72 86 81 16 98 77 53 66 81 83 96 94 48 28 86 78 39 23 85 57 10 84 82 32 46 23 36 88 90 40 21 74 39 45 80 53 74 55 94 70 6 14 41 27 70 88 68 80 96 75 9 62 34 9 55 24 57 38 20 52 96 38 29 72 80 32 76 15 78 17 90 51 71 58 92 
34 69 24 64 59 14 85 87 39 16 55 41 88 68 71 37 99 0 61 51 28 78 27 83 66 58 60 5 52 31 88 9 58 19 50 59 40 54 46 96 85 31 89 0 62 53 0 77 25 84 8 97 65 86 73 32 68 28 52 35 69 68 61 67 74 86 7 16 87 17 20 68 92 78 30 52 23 94 0 31 91 18 88 55 21 76 14 37 23 86 93 33 0 33 4 32 30 46 34 70 
30 27 79 57 55 63 2 82 47 18 2 54 35 62 62 16 44 34 68 43 59 64 76 23 53 44 76 99 75 97 95 74 45 32 72 37 73 54 69 53 24 47 13 26 69 62 99 62 99 3 79 42 92 5 49 55 14 97 61 90 8 36 35 62 92 47 24 13 63 20 75 51 4 28 32 16 27 99 21 83 25 86 20 44 42 24 72 72 59 7 3 75 1 66 45 61 20 89 54 73 
4 53 93 99 25 59 7 27 88 62 41 47 99 73 56 42 54 62 94 81 96 99 22 3 56 22 21 4 88 90 21 49 34 67 74 92 58 13 28 49 71 16 38 52 10 64 89 44 54 44 66 82 93 85 27 87 47 42 41 12 21 69 10 87 47 31 14 81 61 18 38 79 91 48 63 73 45 84 22 25 64 16 3 56 11 98 66 25 32 71 72 82 46 52 61 31 89 66 18 55 
30 58 46 96 83 96 25 37 44 55 85 29 7 99 51 1 0 68 14 95 32 68 61 24 0 18 8 27 68 17 3 61 74 17 59 37 67 14 37 70 10 87 15 16 0 39 30 34 26 79 11 70 33 99 61 15 75 14 25 84 97 66 96 39 28 93 4 57 31 66 70 46 6 26 14 28 18 77 67 65 31 21 69 63 84 35 71 61 7 33 10 80 87 48 88 75 51 32 11 80 
71 92 35 11 35 74 73 56 21 25 28 51 77 76 44 10 65 40 89 70 78 78 83 6 29 73 63 95 87 13 23 39 20 7 10 67 54 85 32 50 61 11 60 75 25 43 26 28 77 79 91 96 44 25 97 1 46 16 65 47 63 30 38 12 99 52 25 40 50 66 8 41 98 76 9 29 76 10 75 22 26 65 70 39 14 21 35 99 85 5 84 86 90 12 40 69 41 8 5 64 
2 45 87 78 16 90 24 4 34 70 85 40 60 76 88 55 58 83 12 58 39 16 48 78 20 16 30 27 77 94 58 53 2 70 85 47 79 40 49 50 36 0 92 72 98 86 22 8 88 49 56 9 24 0 10 65 1 83 33 18 62 29 17 77 46 52 1 67 11 20 97 15 75 88 57 63 32 90 71 3 27 3 85 34 21 4 12 18 50 87 34 90 84 80 68 83 82 53 33 52 
41 63 15 54 43 45 36 63 65 55 59 1 6 70 5 32 9 8 44 10 5 26 58 26 80 97 0 84 99 3 80 46 74 73 9 61 9 33 67 22 47 62 44 79 32 37 24 19 60 60 51 32 6 22 72 29 93 24 5 37 47 96 1 86 34 72 54 87 34 38 83 80 77 33 39 45 67 3 77 19 10 36 13 60 92 37 98 25 23 14 51 30 84 91 36 2 39 67 77 71 
74 91 77 3 52 84 50 56 83 73 32 52 10 84 16 1 6 35 72 84 75 95 13 93 7 98 59 97 13 58 54 46 59 37 84 15 99 17 62 79 33 28 78 61 53 6 41 51 28 39 77 69 4 65 72 68 8 99 78 83 24 64 1 59 65 89 76 98 86 79 57 70 41 94 73 65 0 89 80 97 43 77 65 40 49 24 29 53 63 15 10 85 86 77 29 59 93 30 34 80 
27 84 2 91 54 45 95 12 17 4 50 19 32 14 56 19 46 74 40 74 23 73 40 15 48 35 4 34 88 84 81 16 18 62 43 28 12 43 41 38 71 74 44 36 99 26 11 35 5 77 47 53 63 11 16 18 98 53 24 7 97 10 71 13 76 6 33 50 8 59 15 91 57 10 19 73 35 95 8 1 48 98 45 26 15 7 66 56 53 74 23 76 12 72 15 96 9 23 17 29 
32 99 43 92 26 39 30 55 41 31 45 20 74 19 47 82 99 24 70 4 45 70 50 2 43 24 96 85 70 84 67 15 15 47 41 23 71 65 42 68 40 3 65 83 87 5 13 68 51 65 38 92 69 99 67 65 16 72 38 0 71 52 38 60 66 84 64 19 57 32 73 20 68 29 11 17 70 16 27 3 29 72 21 29 17 76 28 6 10 45 84 13 5 95 77 98 8 11 91 27 
