100
70 52 97 34 43 56 61 4 98 60 42 71 79 6 28 26 51 79 29 65 21 53 60 42 33 79 26 88 16 15 44 77 57 5 26 79 32 52 74 45 1 34 90 89 86 34 17 88 19 56 27 80 89 31 62 0 17 81 36 4 79 78 47 39 2 31 2 18 75 63 22 8 26 29 21 16 18 11 99 72 57 27 20 22 81 55 52 48 82 81 96 2 96 24 84 25 55 90 43 77 
13 75 97 24 13 80 59 23 4 48 86 38 27 54 98 94 35 7 60 84 45 89 82 12 0 55 17 61 68 77 82 80 26 2 73 26 21 42 23 45 43 42 6 69 89 71 93 89 18 74 84 39 23 39 86 72 4 74 66 34 59 44 36 31 14 46 47 16 42 24 75 56 4 24 80 12 59 51 53 35 85 65 80 93 23 95 22 39 94 26 63 50 52 94 0 52 7 67 94 60 
64 77 87 7 10 89 12 76 30 22 78 60 59 26 49 85 2 82 45 7 16 99 92 85 79 73 17 4 58 40 18 60 69 0 75 43 64 57 65 51 3 44 17 6 45 33 75 14 75 5 53 77 11 23 84 64 25 66 75 41 90 5 93 5 72 9 17 15 98 9 57 2 54 42 65 78 86 7 49 60 97 77 20 67 85 32 26 82 22 33 51 62 42 63 79 50 66 25 39 25 
5 19 53 38 3 10 53 28 82 11 60 26 52 67 34 75 54 80 98 76 27 35 42 33 18 74 49 21 93 63 5 15 19 36 51 44 44 20 37 14 61 26 84 6 64 92 91 65 98 25 24 60 17 33 3 4 81 72 97 26 64 98 41 79 71 96 94 96 73 16 99 92 48 64 2 61 40 57 27 55 17 24 54 13 8 55 34 84 38 49 77 12 22 1 1 39 3 91 89 37 
32 30 11 75 88 71 98 22 60 90 55 2 91 65 72 11 84 27 82 45 59 53 5 11 92 54 37 79 27 5 86 5 18 92 75 72 44 33 98 3 29 95 77 93 95 11 13 62 88 2 0 34 13 41 92 50 3 87 16 88 34 68 83 38 41 80 10 62 78 14 20 96 17 31 0 69 36 87 57 39 16 15 29 88 81 34 37 39 68 22 29 52 98 32 47 27 63 90 79 24 
51 28 59 80 18 72 30 97 32 48 48 37 41 39 69 39 45 15 68 28 87 15 7 80 82 58 12 21 50 50 10 29 38 97 23 62 10 16 66 11 13 93 71 67 23 11 86 99 20 23 22 2 67 73 37 47 43 77 71 77 56 28 37 24 97 34 52 59 56 56 61 49 77 11 60 53 86 80 6 65 80 6 92 34 41 53 37 49 40 79 11 89 37 41 23 40 7 92 47 88 
92 29 35 51 17 77 57 92 53 65 51 44 65 33 82 23 91 13 28 12 60 20 22 43 55 67 19 40 93 58 91 39 53 88 34 86 36 60 70 2 43 4 31 48 88 39 71 77 54 76 59 70 17 32 14 35 79 46 30 52 30 60 43 40 20 71 10 39 36 8 76 5 88 66 63 34 22 6 54 74 87 64 66 40 29 97 80 81 66 4 63 13 79 94 60 76 66 17 72 81 
92 74 64 13 88 81 38 15 20 50 12 58 26 66 39 20 98 42 92 27 46 29 33 51 83 48 1 90 92 8 88 43 25 45 76 85 33 46 60 99 96 40 25 63 58 57 8 4 41 42 14 75 28 33 78 10 89 96 55 14 78 99 10 25 89 71 80 92 65 82 50 27 20 0 36 76 62 56 16 62 72 48 60 80 12 60 98 23 83 73 91 37 5 85 72 88 61 81 96 48 
55 70 87 94 8 0 33 94 71 26 12 85 1 10 84 19 14 73 69 79 30 36 27 27 22 76 64 98 79 13 42 75 55 15 51 65 50 20 57 33 11 34 38 47 8 51 48 46 69 47 57 72 54 12 97 43 94 30 26 77 29 19 65 62 88 20 6 86 98 89 2 38 71 79 33 84 64 71 79 59 19 56 49 53 63 46 92 43 54 52 88 18 68 78 18 98 60 59 59 48 
13 94 94 25 5 85 89 29 63 27 22 48 29 77 51 56 40 13 64 58 67 93 95 70 45 44 11 54 93 13 24 84 51 16 41 34 45 40 36 13 46 56 99 36 32 3 5 65 55 16 93 60 32 81 7 29 1 29 11 89 68 66 92 69 13 77 95 65 68 14 36 12 88 93 22 13 19 50 65 74 62 83 68 25 5 64 20 62 47 86 2 18 51 34 47 76 81 24 88 10 
62 40 24 73 36 32 31 7 25 58 77 85 41 16 68 14 37 82 64 29 85 98 76 37 80 90 24 69 84 70 13 33 23 18 95 42 68 84 70 85 35 19 72 58 48 33 56 3 65 87 64 93 71 38 96 41 10 46 49 53 90 65 81 81 3 83 19 35 1 96 97 97 62 85 32 21 78 37 25 72 41 44 17 73 25 55 37 82 78 36 80 92 62 36 71 30 92 75 29 91 
64 19 81 72 6 32 23 21 32 24 18 84 54 51 84 76 2 63 27 30 12 64 43 67 65 64 43 97 73 43 52 21 61 62 21 13 95 94 25 6 18 40 61 33 27 37 5 32 33 7 25 40 86 31 95 98 10 5 38 47 27 65 42 47 71 89 55 91 21 54 95 24 17 98 48 84 3 28 68 96 14 90 30 94 22 95 58 13 63 14 51 26 25 50 57 77 70 62 58 57 
56 2 66 25 78 9 95 28 88 53 95 36 28 89 73 10 70 37 5 17 73 25 64 7 13 85 8 4 26 95 52 57 62 75 13 28 14 65 9 75 7 81 44 35 0 13 40 62 7 65 53 78 29 85 58 86 62 66 14 62 15 38 69 34 21 98 55 21 74 85 10 30 95 55 20 64 97 44 29 64 42 67 40 56 70 16 69 84 58 58 86 84 23 85 55 28 40 24 56 96 
3 27 58 69 45 75 58 37 30 52 51 21 1 60 46 86 0 18 13 74 48 52 52 22 52 96 64 22 0 47 34 14 22 43 42 20 48 66 16 79 94 58 57 70 37 25 42 8 65 0 57 38 68 59 48 40 48 23 1 44 65 60 53 93 97 7 12 5 60 87 52 36 54 94 15 50 53 39 2 56 11 0 54 19 39 55 96 69 21 36 55 18 84 16 49 63 15 72 14 40 
28 14 31 86 39 2 95 50 97 54 44 33 69 28 30 77 71 94 36 11 14 69 71 78 88 76 40 63 39 16 37 42 0 9 58 39 32 10 91 64 0 43 78 75 62 24 67 44 3 7 12 73 51 47 95 58 65 67 54 31 31 19 45 8 58 61 29 77 19 97 97 79 57 16 16 61 49 36 34 61 7 66 44 86 57 18 0 40 49 70 58 78 60 46 90 57 21 79 58 47 
84 91 95 40 73 60 18 75 33 54 52 68 26 42 63 98 97 27 95 98 71 2 50 13 64 34 57 37 15 87 83 19 92 72 52 64 97 53 99 40 31 72 95 94 11 70 49 3 10 65 33 71 27 18 83 72 53 95 69 41 31 41 8 69 91 89 91 80 79 80 76 96 69 36 40 49 51 53 15 19 76 74 93 18 24 27 70 64 74 15 57 50 61 16 66 92 92 71 26 4 
2 23 84 97 69 96 50 15 20 56 30 58 46 54 22 76 18 45 28 17 41 97 40 91 18 82 36 23 73 91 41 9 62 21 42 33 85 66 53 31 2 11 10 96 24 15 63 38 88 63 79 48 75 39 17 39 96 61 73 13 46 45 71 32 37 65 6 46 39 67 17 51 72 52 24 92 45 41 57 21 32 35 4 55 11 40 63 95 22 13 20 73 61 39 64 12 33 21 3 77 
63 99 53 48 92 89 83 30 77 38 16 93 71 11 68 68 78 68 1 8 86 79 17 90 33 90 54 92 38 87 1 82 30 54 60 94 47 98 89 23 17 30 69 56 61 40 96 1 75 68 49 31 25 87 32 58 88 57 40 92 78 63 23 15 68 14 84 77 79 8 72 41 70 64 77 56 90 5 33 31 53 71 34 97 29 59 99 35 99 23 21 42 97 99 19 66 69 3 15 34 
18 30 84 10 38 40 14 1 23 3 16 65 24 14 46 61 18 72 53 84 12 99 31 53 7 18 84 81 52 1 67 14 26 74 41 0 0 29 16 69 79 46 20 9 35 39 34 4 24 93 16 28 42 96 59 2 5 46 76 50 57 35 62 93 40 80 63 8 79 75 21 83 25 76 21 35 60 30 7 63 62 67 67 59 93 99 24 95 28 15 9 67 58 35 4 34 10 37 17 69 
84 15 31 85 27 37 74 88 6 34 52 51 63 31 60 57 0 98 35 6 7 56 9 61 57 98 20 81 84 63 69 86 50 0 36 51 43 7 26 70 2 16 94 5 6 47 68 63 75 59 30 7 4 86 44 73 12 73 47 58 46 46 80 86 59 48 15 71 71 89 68 62 32 8 83 12 73 82 64 12 65 81 74 42 48 71 90 45 56 78 2 86 58 82 99 65 74 25 38 53 
3 25 21 12 26 18 99 35 13 19 76 74 78 96 13 99 28 36 96 54 49 15 9 57 13 6 71 69 11 41 98 23 27 59 62 51 0 40 58 13 88 50 49 21 91 28 83 41 73 91 6 15 74 87 31 54 97 24 61 87 8 34 57 65 4 74 85 81 96 63 49 87 24 33 64 89 28 4 87 40 14 50 41 15 11 11 10 11 29 79 93 26 91 65 62 49 42 38 29 4 
94 78 6 73 8 25 78 40 66 80 57 3 86 3 64 28 93 63 19 2 52 56 10 35 13 66 42 16 34 16 16 10 69 80 22 81 53 94 49 88 84 18 20 14 95 18 55 96 24 15 64 42 78 61 6 96 37 12 57 61 57 18 23 15 0 15 94 72 48 46 79 91 9 31 45 81 8 1 90 41 86 43 44 49 4 53 2 21 23 65 45 53 32 84 5 24 16 42 40 40 
82 64 24 87 26 6 26 11 32 55 94 80 66 49 34 53 69 29 13 37 73 91 11 59 86 31 10 24 58 89 98 24 26 50 38 65 39 52 51 32 87 67 56 66 79 4 76 66 94 86 75 3 21 74 30 50 13 73 52 11 8 93 32 90 94 9 67 39 36 16 1 7 43 32 12 83 71 58 19 17 39 22 1 82 4 76 58 56 57 14 6 69 10 37 21 2 80 37 67 61 
79 77 31 49 98 12 38 20 17 10 16 64 4 39 15 70 52 27 73 22 56 5 66 0 73 88 79 80 15 80 33 41 12 54 44 0 32 83 86 57 89 98 18 68 15 62 62 19 64 71 22 46 72 10 60 17 63 4 71 92 28 86 54 53 62 37 48 61 18 9 48 30 46 22 73 23 66 1 81 6 3 99 21 95 55 95 66 85 78 16 81 61 71 38 91 34 82 70 22 70 
49 41 30 79 70 63 75 4 27 45 48 25 34 27 75 64 68 12 24 81 38 76 39 92 53 35 4 18 83 79 33 4 30 80 5 59 67 63 35 59 90 94 79 50 74 15 23 96 87 33 69 65 38 53 68 10 34 7 97 89 93 68 9 52 82 39 56 52 55 45 19 46 92 27 49 70 41 57 65 66 12 10 98 34 54 10 52 36 99 44 98 20 52 74 47 7 88 82 10 54 
9 58 25 48 3 24 31 25 27 87 36 25 84 28 35 34 46 26 50 39 16 16 57 27 90 87 6 53 92 5 88 56 54 77 65 37 25 75 35 16 32 73 18 4 1 9 38 78 44 34 50 37 58 20 62 36 54 68 0 40 3 87 12 52 6 44 23 14 16 28 65 98 48 49 14 37 62 25 71 5 62 95 75 65 91 34 60 77 46 99 25 97 29 8 66 70 16 97 10 7 
37 35 92 69 71 3 24 27 15 24 22 81 80 53 47 85 35 20 82 5 18 92 80 21 8 10 7 33 28 64 60 76 78 8 36 76 17 47 20 5 44 80 38 90 64 63 95 76 50 51 69 11 79 95 20 25 28 11 93 32 3 10 93 14 0 69 24 80 71 90 60 25 79 96 94 33 30 56 73 91 25 2 39 73 53 16 21 33 25 26 54 92 52 31 79 90 80 25 32 70 
68 31 93 96 35 32 89 18 42 35 38 66 75 90 68 6 13 49 88 27 91 72 28 64 9 37 95 52 73 40 79 68 81 47 3 39 27 21 23 58 28 15 46 74 39 50 44 34 65 9 61 59 5 89 91 25 29 65 63 92 56 61 81 47 37 55 65 1 23 43 22 88 88 50 81 26 18 15 64 77 84 15 95 0 19 51 50 45 70 99 53 91 23 78 66 59 63 40 18 59 
83 44 88 42 54 69 90 2 55 40 69 39 36 22 54 38 70 84 53 42 21 35 22 51 63 34 45 72 58 83 93 82 70 25 60 49 74 24 95 43 22 33 21 44 25 29 75 92 40 77 3 29 96 33 43 22 20 2 35 49 22 28 69 32 31 66 88 33 99 54 49 9 2 23 54 3 43 57 88 74 51 62 44 7 16 15 50 29 14 19 62 62 45 94 93 86 38 72 47 4 
49 85 16 7 56 82 99 21 44 29 28 0 25 47 68 40 87 51 57 48 92 51 47 36 88 3 21 96 1 88 35 67 41 37 15 61 71 74 46 85 68 83 65 17 29 64 63 44 38 37 27 27 31 65 90 13 69 89 10 30 11 85 77 30 21 72 34 96 74 30 18 35 41 41 55 41 23 79 52 44 24 36 69 5 85 88 28 86 91 10 72 87 69 46 89 17 46 86 15 0 
82 69 6 5 82 63 20 17 4 71 97 52 14 15 32 61 97 4 31 35 61 39 81 64 16 64 31 15 12 77 92 87 42 30 93 47 24 72 20 32 81 65 61 55 78 95 29 13 31 62 1 71 43 21 44 21 17 81 70 11 71 53 6 12 93 16 69 23 4 5 83 72 31 21 64 0 29 90 22 36 46 95 3 93 58 17 43 4 52 17 35 66 94 48 82 85 25 26 48 67 
83 33 41 74 0 45 11 91 14 5 86 51 45 47 95 30 40 7 95 24 55 99 83 37 53 52 19 78 25 8 70 24 13 52 59 22 59 96 66 98 19 88 0 44 99 47 80 65 88 66 49 74 33 21 45 87 65 15 6 38 8 15 76 65 93 83 5 87 63 35 16 98 55 24 56 45 68 0 20 41 13 59 11 23 8 38 86 93 27 88 40 97 29 79 82 50 20 25 7 19 
49 97 68 84 39 37 69 82 67 24 86 24 6 29 45 78 57 29 27 80 48 68 31 48 53 64 51 73 71 9 69 92 74 18 19 88 4 92 44 74 8 8 56 16 23 87 13 78 58 75 21 31 75 82 98 45 61 66 33 4 14 42 9 31 9 93 60 77 2 39 26 48 42 60 43 91 60 20 9 44 51 87 2 40 38 78 11 61 13 7 10 21 93 17 4 57 31 67 50 64 
97 37 85 47 42 53 93 41 84 52 10 13 5 74 96 95 63 57 56 48 23 11 65 69 12 90 85 56 37 94 57 19 31 73 13 33 98 51 11 66 23 2 63 82 95 86 91 85 79 46 17 29 69 40 23 55 26 77 51 68 40 33 98 93 93 3 56 93 57 61 7 62 78 30 20 6 32 66 75 66 90 56 68 28 32 90 66 91 44 24 56 4 39 93 72 99 9 29 66 23 
13 45 10 28 94 16 36 90 21 95 78 26 89 48 81 37 27 88 38 56 22 9 82 75 21 59 95 48 54 73 21 43 74 96 45 92 89 85 59 30 34 35 82 50 21 20 6 21 87 32 70 35 63 80 85 73 70 46 27 12 66 41 47 38 36 66 86 32 46 72 56 31 23 58 19 8 54 71 9 8 70 56 68 5 87 99 27 81 95 83 56 5 24 64 94 96 15 22 69 40 
3 39 3 74 15 78 63 26 42 79 38 93 15 70 29 53 92 3 52 15 46 70 71 25 99 23 33 77 92 87 12 82 7 87 0 72 52 31 31 15 32 94 96 79 48 89 23 26 88 0 42 59 50 18 39 64 76 44 25 99 64 92 85 4 86 0 13 48 15 63 46 63 11 38 42 13 78 93 69 28 51 0 31 64 32 67 82 17 24 80 96 44 62 68 96 32 42 53 13 14 
13 94 58 68 65 62 38 14 10 5 92 43 13 15 82 82 88 23 60 71 42 30 72 75 18 67 61 57 80 71 69 3 5 79 30 65 8 23 29 44 87 59 70 17 11 47 68 10 56 9 1 30 49 17 23 31 48 97 37 66 29 47 79 55 6 34 68 98 50 82 35 69 41 73 48 7 94 77 90 13 32 29 56 59 23 19 33 51 53 87 9 14 59 3 52 35 37 79 75 74 
16 8 12 79 45 15 98 74 72 81 4 62 91 15 14 69 17 46 0 95 41 64 72 90 75 88 82 6 12 19 46 95 29 99 86 92 9 21 58 58 86 66 11 86 42 44 81 28 71 19 12 42 97 96 80 91 52 1 61 96 9 12 91 78 31 65 35 61 32 79 39 20 39 60 84 91 91 18 5 41 27 79 78 39 78 76 90 64 87 44 30 9 63 80 97 55 40 20 37 48 
54 1 47 1 40 54 36 3 63 95 50 99 72 13 4 94 42 67 10 18 17 57 35 11 8 57 24 5 66 64 96 22 58 48 81 59 75 18 22 66 66 16 88 40 46 31 68 31 19 13 90 31 58 97 91 93 94 47 35 74 95 21 33 60 61 22 11 31 73 45 98 57 53 63 83 45 72 13 60 11 69 23 52 79 68 68 44 79 66 57 73 51 90 30 46 5 65 80 92 37 
43 39 48 75 69 20 60 0 75 26 86 71 48 33 10 43 50 3 92 12 52 19 29 5 18 15 77 46 31 84 26 71 67 26 22 44 10 44 99 93 11 65 52 43 18 83 76 89 39 77 63 91 91 76 8 67 35 78 0 32 7 47 67 9 5 12 13 32 39 80 18 95 77 67 61 38 59 34 95 59 31 51 28 75 89 67 82 61 56 33 30 75 0 81 95 0 34 2 88 98 
54 62 82 75 33 48 22 36 79 19 67 14 35 41 3 78 99 60 82 51 40 51 74 63 27 33 76 20 34 16 48 88 24 98 34 62 39 46 16 78 56 44 1 0 38 4 34 37 46 62 5 27 47 22 61 70 45 70 96 6 62 74 50 69 24 60 55 76 79 62 10 85 93 56 63 0 8 62 11 90 31 13 11 90 61 37 40 78 39 23 97 34 40 17 5 27 81 35 57 7 
60 53 81 65 20 36 9 4 38 85 78 58 72 30 98 55 14 20 41 63 99 62 81 88 51 8 80 47 82 62 23 4 30 99 50 70 44 95 93 5 28 46 12 79 73 42 20 43 18 92 6 33 11 97 76 95 59 72 79 29 12 90 79 12 89 42 55 57 4 38 35 30 84 52 12 54 99 4 66 8 8 55 63 53 55 29 38 3 63 41 94 17 64 26 84 20 81 96 20 38 
81 4 84 63 78 67 40 26 70 83 91 20 46 2 56 18 44 47 29 25 88 41 62 19 14 97 43 28 66 5 19 97 5 69 64 49 43 10 28 99 36 55 37 53 1 12 27 95 37 36 9 75 21 82 56 90 56 15 69 51 45 60 78 33 6 47 43 18 49 33 42 93 69 69 2 74 62 58 68 81 35 33 75 20 54 94 37 59 81 53 75 43 88 73 84 24 57 8 84 41 
64 82 22 8 59 25 90 65 35 16 19 58 30 29 13 59 60 13 66 50 22 36 4 71 99 95 34 68 0 52 18 58 16 7 68 59 60 27 27 74 12 70 74 6 78 51 75 6 44 55 81 70 77 30 22 7 59 56 2 37 70 69 25 67 31 80 33 62 80 70 50 65 48 1 63 33 51 96 39 37 41 78 80 20 69 19 64 42 85 39 8 20 10 55 1 30 93 60 70 44 
33 59 68 10 80 39 20 55 80 59 69 62 11 4 23 54 10 85 1 21 35 92 98 20 8 71 26 2 73 48 55 79 64 51 62 26 91 96 0 79 64 70 70 92 62 83 71 28 97 81 22 40 43 59 96 0 45 53 22 77 25 30 64 64 31 4 17 71 75 56 83 0 56 38 4 74 88 40 20 23 25 8 76 77 14 11 16 34 83 55 58 91 13 73 47 21 64 27 37 45 
92 48 28 87 94 14 23 5 77 12 73 60 81 45 1 63 50 40 97 60 78 73 4 82 35 86 52 44 53 96 99 40 87 15 51 74 83 11 11 70 55 69 72 64 58 95 98 94 44 86 11 75 80 62 62 24 15 97 7 70 27 57 45 34 53 47 15 17 17 39 55 83 22 90 54 32 98 70 7 28 45 78 34 71 82 9 11 10 73 97 32 32 63 42 91 60 48 56 42 80 
34 25 38 9 87 91 19 14 65 0 41 72 48 57 17 13 29 12 21 16 99 60 41 81 52 37 54 42 43 75 90 6 27 6 47 91 88 21 83 6 57 15 93 87 10 26 12 31 38 40 20 90 44 96 96 71 92 28 60 49 94 86 97 54 68 55 72 12 68 17 36 37 51 40 36 39 23 65 62 81 17 70 59 84 17 18 20 57 86 84 2 3 18 41 29 17 75 43 45 84 
19 72 48 55 83 48 75 27 41 21 40 87 46 73 10 62 56 81 38 33 75 49 6 34 6 83 48 70 39 73 15 68 42 59 93 74 16 97 97 6 54 67 92 61 28 70 74 3 28 77 95 84 25 91 37 33 24 86 98 59 45 73 65 0 43 51 42 73 26 68 46 75 48 85 46 27 62 3 73 94 26 18 0 3 96 80 46 24 55 68 36 99 24 60 43 48 54 47 4 2 
7 66 56 74 77 37 13 10 24 5 99 19 87 78 76 9 16 95 8 63 99 5 53 97 87 72 3 20 54 53 17 52 45 54 34 13 23 43 35 45 17 23 3 82 49 55 77 45 2 40 87 70 75 28 68 97 41 78 83 2 8 83 14 26 51 7 96 84 88 7 54 75 88 76 49 97 82 17 53 23 90 69 99 46 81 92 93 17 63 62 23 24 84 5 54 68 50 43 88 16 
71 90 51 81 53 23 1 99 42 47 14 74 55 83 74 37 58 17 78 36 90 98 10 11 9 15 39 62 57 20 83 88 73 10 1 60 4 35 47 22 30 36 27 9 82 28 0 20 94 11 59 63 51 46 28 25 9 26 26 1 89 3 65 26 27 79 77 18 18 20 84 67 20 73 2 21 76 42 5 6 73 12 0 75 31 93 58 70 29 89 60 48 53 40 88 88 97 48 33 96 
6 21 36 51 75 61 1 13 49 6 13 9 59 3 87 65 38 69 35 59 14 20 51 34 28 40 82 48 52 93 45 87 45 1 26 18 27 3 72 67 38 4 61 38 82 97 97 40 83 20 10 62 77 24 98 22 39 61 51 63 97 8 41 77 3 28 28 11 91 82 60 43 83 19 11 3 29 90 40 3 44 51 69 1 21 8 56 43 27 90 81 21 53 40 42 23 38 32 32 40 
45 97 2 72 33 38 87 99 14 31 60 52 9 12 65 75 1 71 96 81 63 81 39 67 51 22 77 87 27 9 53 68 20 83 24 31 99 80 84 75 31 43 30 16 37 31 66 51 6 28 65 54 78 14 36 14 83 12 36 69 6 5 47 84 20 6 69 25 68 64 65 24 65 2 60 88 97 59 11 99 40 7 16 28 62 86 27 57 43 44 6 50 2 99 18 93 15 18 45 31 
7 82 25 25 96 24 71 28 46 32 18 2 59 66 87 50 27 19 91 77 90 79 23 68 80 76 60 15 34 90 84 31 95 32 74 20 40 0 76 78 93 17 70 27 83 37 86 25 68 38 12 87 1 91 52 32 68 39 77 32 35 43 50 10 68 6 53 27 28 23 90 27 70 49 97 52 23 20 92 66 64 72 56 9 57 88 1 84 56 37 40 2 15 15 38 58 71 18 58 94 
17 33 96 98 45 74 92 13 9 76 66 3 88 52 6 99 93 94 78 46 69 78 94 57 99 71 43 79 28 54 80 31 71 67 99 36 69 39 54 75 10 82 54 62 3 53 78 75 95 93 12 89 74 95 29 19 95 36 34 76 96 4 52 15 54 1 78 10 49 71 94 66 35 35 17 13 83 46 57 34 55 45 37 19 93 55 67 10 60 27 7 6 17 12 49 68 32 16 31 72 
65 89 4 16 57 99 41 2 26 97 92 64 48 98 42 7 45 18 47 46 6 29 47 28 20 73 36 99 60 41 43 0 32 63 21 81 24 19 69 66 52 65 49 41 76 98 76 42 57 39 23 74 57 91 31 83 15 11 52 25 72 77 7 86 32 67 68 90 38 14 22 54 32 32 47 64 61 11 9 39 61 36 15 95 87 2 92 6 32 72 53 92 92 0 91 80 27 60 77 84 
25 74 70 60 16 55 94 52 99 34 62 22 73 53 26 72 79 44 34 49 1 98 46 12 28 40 87 9 50 66 34 42 59 72 81 83 18 74 53 89 11 38 84 76 20 12 21 8 11 4 15 78 85 98 81 27 80 66 11 95 23 84 35 13 62 79 58 59 48 87 62 26 16 97 43 95 71 43 33 47 49 42 2 94 71 59 50 87 82 73 62 53 81 71 88 48 81 60 75 28 
81 83 47 34 93 18 12 0 30 60 80 62 89 33 80 91 48 45 71 47 46 4 75 71 62 24 68 36 94 28 60 69 35 22 10 73 11 47 5 50 86 32 4 48 54 28 40 80 58 77 79 35 10 41 30 69 94 72 76 79 94 18 25 35 78 31 70 62 70 52 5 9 16 2 70 6 99 88 23 46 44 77 68 65 92 60 75 7 89 69 61 64 89 58 92 20 75 37 44 30 
6 35 42 20 28 87 43 36 46 71 5 14 60 63 66 70 80 44 36 0 13 48 78 98 9 72 4 96 61 94 90 61 84 28 95 21 35 82 74 96 38 38 94 47 53 49 89 23 63 58 1 96 77 20 3 27 3 86 21 20 62 15 52 39 45 41 47 98 80 37 85 0 43 41 57 89 47 83 36 98 65 86 19 69 29 13 9 3 69 50 3 17 91 71 75 83 67 83 91 33 
39 31 26 43 82 48 12 24 16 9 42 27 91 75 13 73 31 48 88 81 42 49 36 36 8 11 26 43 73 70 38 5 23 14 90 20 2 6 42 4 4 38 52 46 80 8 76 25 30 32 64 36 64 14 68 54 10 18 7 5 88 50 12 21 43 10 33 26 32 52 82 7 91 62 7 82 26 60 0 84 52 63 80 71 97 27 73 14 6 31 47 54 53 11 69 92 27 67 73 82 
73 99 33 51 3 6 89 13 98 86 60 55 87 57 47 56 43 40 73 33 16 73 9 54 22 4 53 87 3 61 99 9 8 52 29 72 11 81 27 20 40 89 96 96 81 49 1 4 67 71 12 48 62 94 82 39 52 64 34 21 27 53 66 2 56 94 10 44 81 42 71 65 22 49 95 84 5 21 20 76 91 25 15 24 33 69 44 74 21 61 96 46 50 56 73 84 9 17 23 55 
36 13 89 24 51 32 23 96 73 59 21 16 77 37 37 87 27 48 42 76 51 92 81 5 6 68 20 59 87 69 28 49 74 33 89 45 22 46 51 6 21 24 37 91 52 55 38 96 65 8 67 90 0 45 63 99 22 26 31 1 49 87 23 82 8 19 69 88 34 98 90 52 93 21 39 27 56 8 21 47 63 84 75 13 21 25 47 82 71 97 37 49 73 98 41 61 26 15 0 12 
40 47 54 1 45 29 33 30 39 21 74 36 4 74 34 43 41 63 18 20 50 67 85 51 29 24 93 51 69 23 23 31 23 10 98 82 65 17 73 78 81 83 70 5 34 62 94 60 32 64 30 82 22 93 90 1 23 82 79 1 80 68 76 14 70 82 12 46 54 57 59 86 15 87 7 10 83 48 52 18 75 97 69 12 61 26 16 29 63 28 65 7 4 97 14 2 18 94 16 55 
10 97 17 76 92 70 4 60 75 22 24 86 17 87 4 25 23 94 37 40 55 27 72 56 92 60 63 14 45 90 41 33 87 39 1 24 49 48 4 43 30 23 48 59 3 93 29 3 46 84 47 72 68 39 82 70 77 12 56 32 17 89 0 80 94 32 57 34 69 23 35 22 46 52 22 9 8 38 2 66 61 39 33 21 68 6 69 4 12 46 94 80 31 9 86 49 8 89 7 79 
1 78 0 80 11 98 37 72 71 82 88 86 39 78 0 93 1 29 60 89 49 29 20 36 42 40 87 32 44 4 97 29 5 79 0 51 71 92 38 8 71 69 5 32 68 41 35 92 5 22 1 32 35 34 14 19 8 65 64 67 38 33 69 78 55 8 28 39 37 38 50 36 11 40 13 34 59 47 9 8 44 20 84 41 35 48 44 44 56 99 58 99 92 91 42 27 5 54 97 67 
66 32 51 77 54 54 64 35 23 88 22 76 11 40 8 99 59 34 64 86 71 40 56 42 11 45 2 17 97 31 52 54 50 89 32 71 18 24 44 71 13 6 68 74 91 85 50 24 54 83 98 31 24 46 4 98 49 78 42 43 36 86 27 50 12 27 17 91 74 41 72 62 91 53 68 69 62 55 76 89 68 86 21 61 19 3 82 0 62 5 15 76 0 59 43 3 79 4 29 47 
55 69 11 44 71 76 61 25 72 12 67 53 47 16 1 81 61 37 73 36 88 69 12 44 62 22 63 26 36 41 60 94 22 78 48 33 73 40 85 49 72 29 63 36 74 49 14 33 19 54 12 79 31 20 21 98 15 6 1 57 54 33 90 23 44 91 99 48 48 33 32 25 41 53 41 88 39 75 51 18 1 70 77 66 62 18 7 36 75 42 85 87 58 0 85 36 55 78 93 58 
84 62 49 47 57 28 11 66 43 28 45 3 58 6 3 13 39 82 0 64 3 33 51 99 76 29 52 20 87 13 5 10 21 55 77 86 87 12 5 82 15 28 84 44 34 48 57 74 49 32 2 96 2 23 70 6 20 0 26 46 97 77 14 66 49 13 80 19 51 16 55 40 82 68 50 22 41 37 29 30 62 78 87 58 53 35 17 40 25 41 81 93 56 38 64 6 26 24 48 79 
45 29 41 31 25 62 73 96 88 71 87 42 40 68 63 99 22 73 48 91 88 22 58 64 82 20 65 0 3 53 63 67 39 1 63 72 2 29 69 35 33 75 57 17 51 22 80 43 99 52 83 56 45 15 16 16 87 37 48 56 76 86 75 0 83 85 93 0 38 6 32 81 24 70 8 91 2 73 32 6 3 22 39 44 57 16 12 78 72 69 60 7 9 87 39 55 92 1 95 53 
82 42 73 1 69 49 48 79 35 48 54 12 75 8 98 71 52 92 11 14 13 32 16 31 99 33 62 64 99 73 44 72 33 8 63 91 11 31 85 6 50 79 81 77 30 77 89 97 4 5 62 17 11 42 26 16 28 42 82 4 1 58 35 94 68 59 4 57 31 63 32 41 15 92 91 59 85 72 36 77 49 29 7 95 35 3 65 52 37 40 73 41 81 80 63 48 86 75 34 50 
61 80 72 76 87 30 63 64 33 75 26 63 44 71 58 86 93 93 37 20 50 6 67 53 61 95 49 57 92 69 13 89 9 19 75 51 59 41 22 32 69 67 39 43 32 48 50 62 68 56 55 29 27 64 23 65 56 81 26 29 45 54 4 11 45 59 33 88 6 55 52 84 76 81 11 57 98 8 92 78 71 52 11 18 17 59 97 40 81 29 30 14 55 85 30 5 44 44 60 18 
2 52 24 14 68 67 26 30 74 2 83 92 75 12 76 55 71 43 8 87 98 38 78 11 23 97 54 91 65 10 48 50 73 14 37 20 1 39 52 50 85 53 9 76 21 62 75 36 39 17 28 80 92 19 62 87 91 90 36 5 49 55 11 48 25 55 77 34 4 29 82 20 82 2 26 11 32 77 48 48 57 33 82 3 78 21 21 94 44 57 1 13 10 74 14 32 79 7 27 73 
94 42 85 86 23 55 17 66 15 61 33 71 72 72 43 52 45 61 77 1 38 63 20 71 27 36 7 52 53 32 84 33 56 46 50 55 75 14 49 33 30 58 2 56 80 2 41 60 65 45 90 95 3 73 14 28 64 32 71 39 24 55 68 6 60 57 3 64 14 30 78 18 69 20 18 25 27 80 35 24 16 73 85 64 79 91 78 53 0 6 0 94 59 40 43 24 86 35 54 36 
9 32 58 4 39 29 62 28 97 19 27 27 62 18 5 38 83 10 80 11 17 16 29 68 93 41 87 71 23 37 63 49 88 65 73 36 17 27 1 11 32 44 6 87 50 95 9 52 34 63 59 65 77 6 11 61 56 65 33 8 40 49 94 44 48 53 93 81 82 46 89 81 30 61 54 50 62 69 51 45 6 17 25 99 31 65 10 96 3 33 55 60 55 9 47 52 61 82 54 1 
91 48 97 50 3 98 34 4 26 21 83 38 68 70 26 22 48 45 5 61 73 80 93 35 39 13 47 59 5 1 80 26 45 81 70 34 94 88 89 77 47 81 63 81 21 8 1 48 78 57 39 73 92 66 42 26 80 52 68 0 63 99 42 17 5 33 30 3 61 4 98 78 39 39 39 69 93 41 73 59 49 12 22 47 21 51 56 33 12 63 32 70 12 86 71 25 39 41 95 20 
14 5 66 71 49 89 95 57 26 66 58 89 8 33 14 72 67 40 4 3 65 72 59 44 2 12 2 44 85 56 40 9 27 70 14 90 8 60 51 86 37 90 49 68 70 97 42 45 95 48 90 96 73 78 9 6 61 64 67 44 91 0 17 30 56 35 83 71 77 91 98 33 71 19 74 82 1 57 65 97 17 12 8 95 8 95 59 44 91 88 99 59 82 60 86 31 17 54 70 53 
40 65 16 95 65 46 98 86 40 46 35 86 61 23 41 56 80 4 48 12 89 43 78 92 75 56 43 80 74 92 7 5 13 44 73 6 80 0 65 3 23 35 87 8 40 24 11 83 98 10 92 77 43 48 31 35 84 83 73 52 24 27 42 68 52 70 8 79 69 67 81 19 90 34 77 78 80 29 50 50 30 12 90 6 33 41 6 11 86 78 97 69 87 5 29 16 94 79 62 60 
33 59 41 96 16 8 19 3 48 44 33 38 34 75 61 40 8 32 17 66 66 10 84 4 71 33 53 26 48 66 57 42 57 24 18 99 94 29 51 39 89 64 61 28 4 5 31 56 96 31 66 36 63 14 53 42 56 11 94 88 14 60 30 21 60 62 54 59 30 36 55 66 78 35 35 1 74 94 68 53 36 4 36 56 98 26 91 13 51 98 88 20 41 40 28 46 67 31 88 72 
55 76 98 33 35 18 38 84 82 6 8 9 38 85 39 16 73 79 0 49 90 83 15 3 16 5 15 88 68 45 0 20 95 97 1 74 84 56 36 93 43 66 92 54 46 74 59 29 47 31 38 4 13 84 53 71 8 50 50 85 50 33 13 89 41 70 31 71 44 97 76 53 78 46 38 7 51 10 11 32 1 17 12 5 23 41 79 73 36 6 89 41 99 58 39 42 95 71 4 15 
7 60 36 56 45 45 82 15 90 39 85 74 60 96 14 73 23 99 15 64 64 43 72 40 59 6 30 15 48 48 73 4 69 47 29 22 34 59 58 39 95 75 49 13 74 91 0 96 58 94 4 42 26 71 48 63 45 79 79 54 19 46 26 43 62 38 37 62 79 33 40 37 33 50 63 75 3 46 45 31 13 23 17 75 49 68 68 82 32 20 15 71 85 87 48 99 36 21 25 30 
98 79 36 79 99 64 53 75 92 35 81 70 65 36 22 47 39 81 18 58 97 3 27 2 25 43 13 46 63 85 48 54 59 45 60 90 55 71 76 40 70 60 73 61 16 90 91 28 0 76 87 89 34 15 99 90 3 77 44 93 50 4 50 2 55 42 30 81 79 20 99 30 76 40 40 20 52 0 16 51 80 66 48 61 79 6 31 96 18 6 81 63 40 34 57 86 59 38 26 12 
66 24 38 7 75 16 10 67 26 99 11 33 71 83 3 76 71 10 75 15 5 82 95 59 6 83 31 22 21 25 94 88 37 96 15 56 63 11 15 62 60 11 89 32 67 69 96 25 61 98 53 10 94 76 95 47 21 24 21 28 25 86 59 12 15 32 64 9 56 87 0 59 56 67 40 63 5 84 77 91 54 0 44 15 44 76 13 41 34 67 53 5 80 71 86 27 18 31 66 35 
50 76 86 50 58 95 60 85 29 68 14 96 56 53 84 69 97 39 44 72 44 11 85 0 0 78 51 51 29 67 29 36 24 83 86 51 52 60 58 5 62 39 88 75 19 40 20 6 3 72 93 94 48 35 26 8 18 74 26 66 39 71 37 77 19 34 73 17 99 32 28 17 54 9 58 30 89 21 32 71 71 64 0 85 85 75 59 82 64 43 35 32 11 25 11 6 0 57 52 58 
95 78 71 28 62 5 60 56 47 62 73 84 44 36 11 69 62 80 67 38 70 7 16 24 12 18 20 17 81 13 10 92 6 67 64 62 88 24 99 60 83 47 50 45 47 41 70 69 8 38 30 70 27 51 92 45 69 7 83 67 53 84 28 16 0 81 17 3 47 77 38 86 61 10 24 29 44 89 77 13 18 79 22 39 46 42 4 7 69 51 46 27 21 22 69 17 82 60 44 21 
71 81 0 35 15 9 41 1 97 22 63 92 77 78 82 48 40 90 78 47 76 14 64 55 62 5 9 32 54 2 31 24 19 25 92 76 62 97 93 21 89 90 83 20 84 58 58 64 18 58 55 52 83 75 74 86 60 55 27 56 48 51 76 47 32 71 99 13 96 92 36 86 24 85 49 65 70 81 75 62 46 33 16 20 86 88 66 76 90 82 82 24 48 4 88 72 25 3 13 53 
92 62 52 19 73 1 79 26 45 72 10 27 37 10 86 21 16 40 77 21 6 84 27 97 70 12 22 1 84 77 54 27 55 94 56 89 1 5 93 64 61 68 81 59 87 84 36 92 95 23 22 4 72 28 46 83 83 97 86 17 89 41 20 49 12 23 80 32 56 8 64 23 63 80 86 49 99 20 2 23 59 56 8 87 4 17 9 60 11 31 69 79 8 44 86 12 55 25 5 4 
44 69 63 35 85 42 48 7 55 10 65 28 54 68 66 35 70 75 14 31 86 53 40 58 71 66 55 89 85 64 20 23 50 5 91 52 82 21 67 38 48 6 41 3 80 8 90 70 75 47 97 60 78 6 70 4 57 10 51 38 86 40 46 62 1 39 66 77 82 52 70 82 90 21 22 83 78 8 51 22 58 31 18 68 27 61 83 3 49 51 7 8 19 30 42 22 82 98 55 32 
86 35 70 53 41 77 54 82 63 50 79 92 90 73 70 2 95 68 16 2 2 1 80 15 84 35 17 34 5 50 67 10 73 74 80 59 77 15 47 21 24 32 1 86 98 10 34 68 57 24 99 22 43 85 40 20 17 30 10 38 69 89 91 6 58 69 81 76 50 3 9 47 57 89 77 32 4 52 32 40 93 66 17 24 14 60 99 62 78 62 4 47 42 53 48 67 90 83 72 29 
40 56 57 39 88 45 70 65 58 86 75 59 26 56 54 7 47 72 87 31 85 46 4 25 61 41 9 93 10 31 74 52 21 30 14 8 59 62 50 70 50 43 93 53 52 56 87 8 2 94 18 60 79 62 39 96 11 90 89 15 26 75 23 43 89 47 7 8 16 17 57 90 0 73 39 91 47 94 5 61 93 19 6 82 32 29 24 28 44 63 33 80 2 76 86 50 76 60 79 40 
1 74 73 50 31 8 53 44 43 0 92 11 38 54 83 51 85 80 60 22 79 89 34 63 93 25 54 46 79 76 28 47 14 2 0 81 7 76 85 24 29 92 52 68 4 39 71 17 0 76 3 34 45 5 40 78 63 92 28 37 9 19 7 3 5 11 65 0 40 11 61 34 75 90 70 38 52 0 6 23 45 20 90 64 68 44 10 27 28 40 86 83 95 83 59 93 36 30 35 4 
80 89 98 8 33 30 21 66 74 40 94 77 3 25 57 35 87 63 40 95 37 16 90 13 59 61 95 74 13 75 90 8 46 60 66 81 20 93 93 41 16 99 64 79 22 2 81 28 25 15 74 14 98 73 24 42 28 43 68 12 22 99 75 72 60 47 51 27 22 54 42 96 2 8 73 23 75 79 53 59 34 89 37 25 20 37 56 85 68 99 61 93 38 47 91 8 38 59 71 12 
48 8 42 92 60 6 48 31 9 67 4 13 83 34 52 6 42 36 35 33 50 86 77 80 44 54 81 63 50 16 93 99 65 22 74 92 1 33 29 59 94 48 17 27 40 79 39 84 21 64 86 26 1 8 58 16 16 36 10 73 34 16 12 54 5 90 85 46 12 61 54 73 13 40 99 5 90 73 33 16 97 31 23 51 52 59 11 51 38 12 45 52 6 72 27 77 78 22 86 6 
85 5 94 85 87 25 6 60 41 37 78 86 9 99 29 16 26 36 93 99 10 32 25 29 76 97 97 7 57 90 13 19 81 24 31 4 49 79 1 73 58 23 73 62 96 21 51 77 42 44 52 58 18 75 21 47 58 49 94 56 77 73 87 86 64 26 74 45 71 86 94 89 70 41 24 97 18 29 52 43 6 57 3 85 70 80 47 15 52 34 47 14 8 45 98 67 89 52 33 30 
57 59 92 30 61 59 73 57 61 55 73 44 83 31 91 97 63 1 38 54 86 26 26 60 63 91 40 33 69 53 57 18 82 24 26 94 74 27 95 66 80 18 21 22 20 81 96 70 48 29 14 96 40 5 54 59 63 58 7 38 51 70 16 18 58 20 1 61 32 93 64 67 66 60 38 18 84 7 51 13 68 1 13 68 76 33 85 74 9 98 61 43 50 92 39 12 5 95 97 5 
9 1 7 27 69 39 35 35 18 48 26 94 19 86 14 15 61 25 43 82 48 74 11 95 1 9 58 21 66 8 60 55 49 26 15 47 84 41 78 23 59 32 8 7 92 83 59 43 30 32 43 44 89 60 67 82 37 81 45 75 24 15 26 34 29 88 0 68 13 55 69 31 19 86 54 76 50 63 59 85 12 25 86 4 83 39 29 10 96 89 47 47 70 90 84 73 94 59 91 11 
64 47 27 10 24 6 34 22 40 78 27 53 76 38 34 19 98 10 54 29 80 87 57 34 2 28 69 92 8 9 66 49 42 54 71 7 22 38 43 28 29 18 9 80 51 68 63 62 11 15 70 82 40 31 20 15 3 5 41 53 3 66 38 0 98 75 74 16 3 72 37 76 29 35 33 12 61 13 27 54 70 44 28 6 65 70 79 74 10 95 24 53 28 88 60 75 55 46 52 10 
83 21 0 54 90 37 61 31 29 6 31 14 56 7 21 43 67 67 89 87 14 1 83 76 91 77 97 73 59 87 27 98 52 15 24 54 5 72 8 89 84 82 19 79 44 60 4 94 54 13 64 30 78 61 5 69 23 48 87 69 17 32 98 99 92 62 35 3 40 1 40 56 58 34 43 25 16 38 8 37 64 53 44 29 91 27 47 97 63 37 15 8 67 98 91 2 81 28 71 75 
47 71 13 45 53 6 46 16 89 63 41 58 53 55 74 68 44 74 20 79 86 93 4 66 31 6 2 1 45 64 23 45 70 86 18 45 55 28 85 47 64 60 94 53 16 98 1 33 26 13 23 73 39 6 27 12 6 9 16 93 93 57 67 89 27 5 15 98 54 41 90 21 35 23 7 83 87 82 66 36 45 92 2 75 77 0 15 89 63 86 41 27 52 59 5 74 13 84 38 86 
38 87 6 29 91 87 88 17 17 23 51 20 52 93 47 96 48 46 15 5 45 39 98 31 12 19 90 85 24 53 74 63 73 65 91 60 25 48 57 4 66 7 3 72 73 44 66 77 32 51 71 86 51 88 40 75 28 55 56 27 38 91 18 75 3 88 36 65 90 77 47 52 82 78 41 54 13 31 28 1 21 36 15 59 51 21 73 45 90 23 80 42 12 60 58 54 55 4 40 16 
55 22 0 31 9 45 45 2 64 79 77 14 23 6 35 74 28 54 83 20 82 75 62 14 47 46 14 98 74 81 31 17 62 61 46 43 27 94 49 17 96 67 31 8 95 45 34 46 76 77 27 39 88 38 64 27 59 62 8 7 52 49 35 97 27 93 71 62 14 95 51 60 10 86 59 24 83 86 99 17 15 59 13 56 43 89 16 41 2 3 14 54 38 76 52 45 15 89 59 45 
50 78 85 63 89 0 49 23 80 73 46 72 35 24 66 72 99 81 4 20 93 88 57 40 66 75 56 6 56 62 47 72 75 34 54 22 94 67 19 84 74 85 7 21 40 91 75 60 73 46 65 4 96 5 49 91 3 48 52 91 45 76 2 77 38 7 27 0 25 15 24 72 18 13 99 40 20 9 68 54 85 48 3 80 94 50 15 59 66 36 16 90 10 54 18 77 13 30 97 28 
