100
16 45 24 90 93 3 18 27 90 38 64 73 30 8 59 87 45 93 25 12 74 57 26 70 28 56 73 25 32 7 21 94 64 44 67 95 58 54 92 89 2 70 19 95 87 51 46 30 90 31 85 15 14 9 94 60 95 9 85 55 0 0 67 6 52 11 7 72 74 39 14 36 36 52 4 71 31 3 17 66 59 11 14 39 98 85 75 7 91 94 6 66 54 63 35 1 70 2 15 16 
16 17 45 39 65 11 18 25 34 28 40 48 55 47 13 18 29 15 56 1 70 67 69 69 7 25 37 17 24 10 78 59 35 74 30 74 52 8 27 93 40 25 12 46 13 46 75 78 57 40 47 20 68 47 3 48 57 31 28 11 15 2 34 81 5 71 57 75 34 14 31 3 78 90 1 58 99 81 2 94 37 62 22 44 30 34 20 92 81 70 99 74 41 46 17 64 38 90 18 46 
27 41 94 18 40 61 95 40 58 2 99 75 95 73 32 4 19 77 99 81 85 76 52 94 15 51 90 11 92 72 90 21 78 98 72 61 87 76 11 59 6 96 54 39 66 65 58 69 26 2 11 13 98 92 60 84 46 22 38 12 54 16 69 10 60 57 70 63 48 80 64 77 59 96 25 94 43 56 94 30 15 46 39 25 41 71 93 42 73 81 80 53 17 23 39 26 68 55 38 0 
97 66 42 8 53 83 0 95 26 14 49 59 8 69 0 71 94 29 71 92 36 78 11 83 82 98 60 5 82 24 81 90 78 61 90 26 65 84 98 11 90 70 58 86 73 85 71 36 63 41 36 4 27 85 1 68 1 18 91 63 76 42 33 33 22 28 89 88 21 33 0 19 42 27 95 83 37 84 95 85 81 97 44 6 6 2 8 37 62 1 76 91 43 20 63 74 2 85 12 25 
96 44 93 23 85 89 41 86 55 50 48 32 38 71 87 26 37 74 50 44 10 55 96 31 31 5 18 82 94 50 23 49 34 54 75 2 86 33 94 46 58 58 45 36 98 64 84 77 37 75 95 63 78 94 92 25 43 29 48 29 75 38 75 44 23 55 60 59 33 35 80 91 42 5 53 89 56 43 72 30 23 17 84 31 63 7 10 87 22 30 45 64 15 78 17 80 96 3 21 65 
3 97 10 35 14 40 82 74 5 64 72 13 17 98 87 18 28 34 5 14 47 1 45 74 2 20 45 80 37 76 82 50 93 77 42 26 69 72 57 1 27 80 94 94 27 24 70 1 40 95 78 56 63 46 99 80 46 8 89 67 5 98 56 55 61 87 32 32 91 80 26 62 19 18 82 67 9 68 76 37 68 94 3 95 91 85 67 99 19 30 63 46 74 52 4 1 19 16 16 36 
63 31 36 8 68 78 38 91 38 82 4 92 81 12 98 25 77 74 94 1 97 15 16 82 93 88 22 66 62 6 63 72 35 13 42 32 35 91 81 74 93 4 96 4 96 10 11 70 19 26 49 57 47 0 75 75 48 21 47 55 95 97 83 22 14 62 37 43 73 84 33 15 55 43 45 43 27 77 19 1 59 40 14 70 86 30 69 83 81 78 76 91 62 54 2 58 36 27 96 10 
94 54 86 55 54 18 15 84 16 82 21 38 52 97 60 40 52 6 49 55 71 51 97 7 80 2 78 14 83 54 90 81 67 19 26 44 54 44 5 68 78 45 14 44 40 48 63 19 78 13 56 41 41 54 74 50 83 15 44 54 75 49 12 63 56 26 76 5 8 97 83 44 42 70 4 64 97 94 78 9 11 61 46 31 78 42 17 7 97 48 15 94 11 25 94 63 77 44 88 79 
15 90 73 60 38 96 25 14 69 6 93 89 88 14 88 32 34 6 92 46 7 12 88 71 91 68 33 70 53 33 28 91 64 57 46 78 44 35 52 80 7 27 86 91 27 56 53 82 42 52 55 36 54 7 87 66 56 12 54 50 90 7 80 65 38 79 56 99 37 73 29 63 48 43 81 54 20 56 89 11 87 69 23 35 88 24 82 62 28 56 38 56 7 30 15 39 24 94 46 16 
44 77 13 87 65 82 32 40 9 72 24 22 74 87 94 27 28 17 99 20 69 67 56 56 28 14 91 71 27 21 18 78 44 98 8 71 42 99 2 25 52 9 6 25 60 58 45 8 28 27 52 10 61 75 89 92 21 69 51 70 61 63 33 40 32 60 55 86 63 71 13 48 50 6 21 82 48 8 34 72 50 14 50 14 91 73 53 50 41 66 78 64 1 0 66 8 2 46 32 41 
37 94 65 67 76 78 94 29 98 27 6 94 54 99 10 71 41 31 34 57 15 54 93 9 70 26 5 24 13 52 6 28 85 70 14 40 55 10 79 54 18 47 26 31 73 32 76 85 9 26 70 38 68 59 75 54 23 88 2 80 41 40 67 93 29 56 94 60 13 1 98 0 21 76 35 79 63 50 65 75 22 55 40 22 8 96 41 34 91 82 76 85 73 20 35 67 55 42 6 12 
82 39 85 37 34 98 50 56 50 26 21 25 10 66 1 11 94 66 84 64 49 59 95 29 53 40 24 70 81 37 39 6 9 95 19 44 31 31 73 23 56 62 27 38 2 76 14 70 15 24 18 65 11 60 8 51 43 0 71 97 0 53 48 0 56 5 41 5 53 16 96 0 64 46 30 88 0 14 85 62 11 69 58 26 99 3 76 16 77 97 57 61 83 35 49 5 47 4 54 75 
5 77 55 15 83 82 38 97 93 74 22 84 46 37 42 22 83 59 29 44 98 88 65 93 32 60 85 6 16 42 5 62 43 9 69 26 80 27 87 90 11 82 9 62 57 20 22 98 4 33 9 23 44 32 18 33 67 4 42 13 37 2 15 22 63 35 24 91 8 80 83 39 91 59 14 63 34 53 65 24 57 65 63 45 57 83 95 40 19 23 64 87 33 17 71 88 83 48 44 34 
0 53 15 48 24 27 25 31 81 5 56 27 22 2 38 97 83 36 82 59 46 82 90 56 10 87 63 21 86 23 66 49 90 29 36 70 94 48 94 95 29 96 52 1 65 86 6 11 32 65 49 8 5 92 29 48 74 64 70 40 87 4 20 7 57 62 62 22 66 38 6 49 75 2 46 0 41 98 55 99 14 61 35 58 73 48 43 27 25 18 23 61 46 99 67 41 29 28 35 93 
20 76 36 88 31 15 50 91 50 33 32 75 14 5 93 38 82 8 29 91 26 2 75 39 5 47 15 82 9 70 63 33 73 6 32 55 75 37 76 61 98 30 56 46 25 47 40 6 13 13 85 83 59 71 78 45 39 74 3 57 64 97 33 86 2 72 71 38 86 99 18 47 83 7 48 58 69 93 69 93 26 72 24 81 34 78 68 30 22 13 17 89 23 3 61 72 45 52 96 72 
66 38 93 53 34 11 89 18 95 71 73 50 78 41 48 44 56 99 77 62 35 12 90 95 45 50 54 86 88 27 12 34 21 32 11 75 35 10 43 82 25 17 58 37 69 16 32 90 85 57 62 95 90 28 89 55 23 46 28 63 97 35 18 96 44 23 68 16 30 31 55 7 14 35 26 17 4 87 15 14 51 24 18 75 25 10 96 34 75 65 49 35 30 16 47 21 46 64 99 2 
91 40 59 84 3 60 94 60 63 26 99 19 63 20 43 22 35 54 52 45 62 46 74 38 78 67 54 44 3 51 11 51 33 29 9 35 18 89 9 15 69 41 51 44 83 59 66 91 23 26 77 96 39 66 47 54 63 93 4 77 65 70 33 27 98 42 67 64 3 48 51 77 61 4 27 5 67 7 6 10 29 32 27 47 64 16 52 75 42 53 39 52 23 63 78 19 27 63 6 29 
81 15 47 19 72 19 1 8 40 12 93 51 35 97 66 61 2 42 18 77 34 51 78 61 34 23 2 34 46 13 78 73 20 66 37 36 54 80 28 46 4 14 8 35 65 66 90 44 91 95 3 99 11 42 17 48 33 74 96 40 46 10 40 35 15 68 3 0 93 61 17 96 62 57 25 68 78 4 87 94 12 29 35 50 43 45 91 54 55 46 42 98 26 7 36 10 19 33 46 49 
70 52 34 48 5 44 28 3 37 18 28 41 58 57 10 33 32 46 40 74 19 86 19 45 3 85 69 87 3 46 26 94 28 90 48 87 12 21 1 18 38 99 61 22 26 62 64 39 33 31 49 2 53 74 46 58 60 78 63 78 34 72 3 59 58 14 6 76 47 16 99 76 20 83 88 38 44 60 67 92 85 57 45 43 84 23 46 29 26 54 7 23 31 26 40 48 18 83 70 37 
99 71 33 77 72 65 38 60 88 36 68 89 36 1 47 74 58 50 95 1 5 0 10 51 88 53 89 96 59 66 71 60 11 74 35 42 0 70 18 69 90 16 21 81 49 18 44 74 26 76 19 27 64 49 31 14 46 84 22 96 31 5 4 37 94 95 9 39 71 63 19 77 61 94 19 23 60 74 72 52 34 18 10 46 94 78 6 4 69 15 75 36 90 63 35 33 49 62 0 54 
32 15 86 9 60 22 29 76 5 48 2 60 73 73 20 6 51 87 1 98 71 97 3 18 34 27 86 80 17 6 61 83 80 83 10 52 73 94 8 20 89 95 7 48 84 88 52 24 1 6 91 11 92 17 64 22 21 61 48 74 55 15 36 55 31 86 18 96 85 33 0 67 36 45 73 93 79 78 49 45 56 69 30 92 98 18 63 17 52 93 25 62 5 64 30 21 2 24 30 30 
92 83 52 35 71 39 25 73 37 99 6 86 7 96 79 20 67 56 87 73 71 98 20 72 51 40 97 70 7 45 23 32 44 23 30 72 91 51 60 59 97 33 68 88 13 66 58 71 73 65 26 39 35 98 51 23 20 21 41 5 68 47 0 31 26 14 43 95 20 28 61 18 66 15 79 79 45 35 10 44 21 48 91 86 37 60 14 90 14 65 74 41 59 45 32 20 27 95 52 45 
30 16 1 18 88 12 80 13 19 59 32 95 89 47 75 68 94 61 15 79 90 49 58 79 20 49 10 32 82 93 59 67 55 0 12 74 15 53 60 29 48 46 94 26 48 28 94 52 49 75 94 6 29 44 46 10 42 23 79 18 72 82 18 51 0 35 50 25 53 56 16 44 41 97 56 82 84 99 80 95 32 47 72 36 41 38 69 73 37 30 39 86 24 29 37 25 3 57 93 20 
46 49 23 91 24 29 35 41 17 48 63 5 91 42 42 80 51 74 11 67 5 2 26 97 55 23 42 68 64 98 38 50 84 12 87 52 13 2 57 96 75 78 45 55 1 57 64 49 11 64 55 64 82 31 71 93 85 8 38 15 56 55 37 3 87 89 4 78 62 36 19 40 21 4 30 56 5 20 85 17 64 40 31 41 25 94 19 17 1 77 29 72 64 47 44 72 40 21 96 61 
20 32 56 5 11 46 58 9 85 87 19 27 2 6 56 7 13 74 5 53 58 76 55 82 39 7 46 69 55 63 59 78 49 15 11 44 6 16 57 38 95 55 68 22 71 79 45 64 50 88 30 29 20 50 60 47 43 58 2 1 56 24 69 61 56 11 8 53 67 66 53 69 26 61 26 13 55 4 99 51 69 19 51 32 35 18 93 65 71 2 3 16 46 57 92 4 1 68 6 66 
8 9 53 22 2 64 32 12 59 45 83 56 91 40 33 36 69 38 27 27 50 68 44 78 13 98 40 28 22 12 72 16 13 55 54 35 36 86 90 61 54 4 76 90 49 98 93 85 78 20 0 27 70 56 37 60 88 92 45 70 17 15 45 10 8 88 52 58 1 62 55 54 50 65 68 54 1 53 93 70 79 94 74 54 81 52 65 32 3 75 19 62 53 0 7 20 0 56 56 41 
90 65 94 85 75 68 23 41 42 96 87 97 94 68 91 39 39 13 49 76 23 84 7 89 38 2 9 63 81 52 90 22 42 80 56 16 97 81 44 90 69 71 23 44 71 98 63 98 96 47 77 8 59 58 24 43 12 14 66 38 87 4 28 61 19 9 5 37 89 79 34 97 48 98 15 15 43 87 84 3 46 62 3 30 76 4 26 18 26 32 29 1 82 84 38 36 4 85 8 54 
11 11 46 33 62 51 77 20 16 5 73 12 6 25 39 31 63 33 39 92 70 99 9 50 61 9 55 79 85 96 19 13 86 13 87 62 15 93 12 52 87 58 86 57 28 98 98 0 13 99 10 58 46 69 99 90 19 63 68 23 92 82 45 27 30 41 5 96 15 20 64 55 44 63 43 14 99 69 74 8 26 7 4 60 55 71 29 10 96 4 37 1 21 24 88 19 53 86 17 53 
27 38 8 81 31 82 54 67 82 51 33 20 10 61 8 17 8 41 85 38 71 96 88 10 83 87 30 66 19 62 72 67 38 45 73 61 74 64 7 81 57 64 62 37 99 80 56 57 90 34 36 67 60 76 74 86 97 21 35 64 66 1 86 46 48 50 49 59 92 92 30 45 61 38 38 65 11 70 77 34 25 79 31 35 34 95 32 98 10 2 95 61 1 75 66 77 36 63 51 22 
59 79 33 30 13 88 82 65 76 86 8 71 94 85 92 38 2 67 60 65 38 88 75 84 69 86 80 99 88 93 88 94 33 37 22 45 54 41 30 42 45 51 53 79 20 73 48 78 6 72 18 96 3 40 71 70 7 74 50 29 24 52 24 70 90 3 0 99 18 7 94 30 62 69 59 12 12 66 70 39 72 64 92 22 0 31 91 81 49 18 10 57 52 48 64 50 66 17 93 95 
10 88 69 82 80 87 99 55 84 16 26 92 7 23 7 24 60 52 77 72 10 12 98 1 89 65 52 59 84 50 27 66 81 31 4 24 64 19 37 67 54 89 4 95 11 46 13 84 89 73 25 3 19 14 26 28 85 6 67 70 53 91 46 10 39 14 17 56 43 18 65 37 78 60 35 89 57 25 0 63 98 81 16 32 74 65 54 42 25 70 76 85 35 53 33 37 46 67 8 50 
92 3 74 4 61 82 80 38 5 20 40 85 1 7 90 72 61 30 28 23 15 81 27 7 80 86 50 75 65 53 97 40 99 39 60 45 49 61 41 1 31 43 4 96 14 58 46 18 78 14 68 69 92 84 28 32 8 91 82 12 53 57 59 45 85 69 97 30 82 64 69 16 10 2 57 66 22 28 76 48 49 11 86 93 91 18 1 1 29 87 15 33 56 95 26 2 80 44 82 69 
80 53 49 13 19 15 64 76 39 46 24 67 19 36 1 23 57 66 23 45 62 86 86 4 22 51 79 18 79 2 81 14 24 39 47 72 95 6 2 57 17 78 58 35 80 21 50 94 71 11 45 51 37 39 26 70 61 24 48 30 63 48 8 20 71 77 99 84 22 84 83 72 28 36 51 47 14 58 94 11 36 66 31 76 61 83 91 2 49 10 70 95 10 75 79 30 38 86 88 24 
35 12 16 14 70 32 95 20 14 92 25 97 87 75 65 63 5 52 77 48 42 36 92 35 43 93 19 15 85 47 52 12 74 21 22 90 82 96 53 87 84 83 26 46 14 69 48 28 96 93 98 29 27 58 22 67 98 36 92 30 88 40 43 31 70 90 24 87 86 49 28 10 51 43 51 54 78 65 60 23 16 45 89 47 21 77 96 29 9 64 41 83 23 11 27 91 89 17 35 93 
42 34 61 67 34 95 38 17 95 40 0 48 87 50 41 83 4 71 54 2 56 49 78 39 27 56 33 43 17 75 90 59 59 72 33 66 27 14 11 62 50 30 67 19 73 30 38 29 30 61 74 62 91 16 69 84 13 5 77 43 5 79 47 49 72 58 25 9 35 16 5 49 58 2 43 19 95 26 11 61 33 49 53 76 1 3 65 60 37 9 71 26 91 16 34 68 90 23 78 25 
74 43 12 71 55 45 78 17 87 67 78 55 83 76 20 7 39 9 33 46 37 63 45 1 84 94 25 27 52 71 4 16 46 72 65 56 15 92 80 98 78 56 42 9 73 6 47 53 90 89 9 26 81 35 9 79 23 80 59 35 66 74 83 49 76 97 57 24 17 7 41 9 61 37 62 32 37 66 61 99 6 21 52 41 75 92 36 15 54 4 70 13 99 80 91 53 93 17 76 5 
52 8 58 76 21 74 95 73 11 14 41 75 85 57 69 55 60 28 28 95 95 80 25 65 57 88 19 26 12 83 58 46 89 28 41 11 27 65 26 93 53 95 10 21 53 99 11 80 63 7 53 68 12 26 63 61 53 57 33 31 50 51 49 40 86 4 52 40 93 54 72 60 1 9 31 58 53 3 14 86 38 81 13 5 75 45 66 51 71 58 60 12 74 22 5 23 93 30 76 93 
52 35 75 88 97 88 56 49 98 80 25 58 93 52 87 4 52 57 81 24 60 0 10 17 44 53 97 85 99 4 14 46 2 12 3 80 82 79 80 87 43 17 55 71 2 15 63 96 80 35 2 2 75 67 51 20 31 30 57 58 9 91 92 47 88 85 76 65 36 97 50 14 99 85 42 69 18 30 53 76 58 2 29 26 10 76 91 3 33 84 40 60 39 17 18 64 45 96 97 95 
91 33 94 76 15 50 43 83 4 27 51 45 76 82 30 26 49 15 69 28 51 35 15 30 23 80 60 35 78 99 39 53 73 88 66 62 24 55 11 65 29 38 62 23 17 17 17 52 11 91 53 51 63 52 32 18 44 18 72 27 70 71 91 17 64 12 52 58 32 44 85 23 71 78 31 58 89 88 65 85 19 44 47 12 18 76 96 5 3 44 27 79 6 50 81 60 2 54 10 43 
94 59 76 32 5 97 41 25 50 75 75 43 70 66 50 63 93 15 23 64 1 42 99 74 36 1 33 35 90 25 7 72 71 0 6 71 71 87 64 16 80 83 58 63 19 16 73 11 75 94 35 28 84 77 92 84 5 8 56 57 73 0 79 8 34 25 18 97 61 4 27 29 4 28 43 28 54 7 9 41 90 41 60 45 58 53 50 37 47 48 35 4 14 94 11 72 24 0 2 29 
2 14 55 95 56 63 27 44 58 69 73 86 97 95 3 12 48 7 49 91 91 45 94 60 94 76 25 18 4 18 86 76 32 53 44 92 3 66 18 12 7 80 97 23 1 63 66 48 93 80 89 31 15 54 1 93 82 37 35 56 1 8 66 17 40 98 9 28 30 26 40 90 17 81 2 26 0 7 41 35 92 96 51 36 85 3 67 23 64 85 23 6 2 22 58 55 36 47 49 5 
38 73 34 57 35 22 3 15 0 73 41 8 43 47 37 67 42 7 15 98 98 21 1 40 90 68 95 44 73 51 30 3 31 21 99 47 82 30 73 66 55 30 55 5 66 8 8 74 2 81 11 88 63 90 88 32 10 62 92 36 60 17 82 99 63 48 10 8 65 3 24 18 82 89 76 36 13 15 8 43 94 0 34 8 53 45 21 17 45 6 47 12 68 91 43 51 45 76 83 88 
34 14 34 49 11 69 99 94 93 79 58 6 77 17 99 4 95 59 35 47 11 2 4 1 7 99 39 11 63 72 36 68 89 65 73 77 87 92 18 61 19 4 71 96 18 21 38 30 86 47 26 7 45 38 30 70 2 63 35 48 0 76 41 48 47 6 82 10 1 45 63 72 83 18 20 81 65 82 94 70 53 47 74 74 84 98 98 55 50 51 4 36 19 98 16 7 37 26 4 67 
51 49 28 77 68 85 20 64 93 63 4 95 12 4 67 45 48 77 47 65 25 80 49 96 10 4 40 78 40 59 7 56 14 44 6 42 0 81 18 8 66 90 11 96 95 42 72 38 29 87 37 65 67 11 54 19 77 63 78 40 40 52 90 59 0 66 64 3 57 97 20 23 46 79 4 63 48 0 76 1 91 39 16 9 54 67 55 87 74 47 54 5 90 72 33 65 66 38 52 50 
92 37 16 69 87 81 75 34 62 10 17 78 9 24 0 38 34 88 7 2 46 10 44 82 8 73 63 7 2 69 31 83 83 21 53 90 41 90 12 79 33 78 82 27 66 56 53 11 53 19 38 4 22 0 4 76 64 16 57 32 81 74 96 71 88 76 82 7 33 93 48 69 30 70 89 41 15 9 75 82 30 80 50 47 72 41 73 81 33 12 15 41 3 81 7 71 30 41 31 32 
73 63 14 95 23 75 84 56 16 30 77 44 53 97 80 50 29 92 27 71 57 44 5 49 2 43 95 60 52 67 49 29 88 82 42 11 10 72 13 49 19 33 8 87 95 54 56 1 90 21 64 1 89 1 94 10 9 19 68 8 64 9 32 33 58 60 74 48 81 97 37 93 88 54 59 38 95 72 42 4 30 71 6 55 99 21 82 62 40 97 55 75 25 72 1 59 55 32 22 54 
93 57 77 75 22 15 91 26 42 80 94 33 86 36 73 19 71 30 62 56 54 5 2 17 34 93 97 72 49 1 72 25 16 96 80 5 58 26 82 44 48 57 89 31 8 8 10 95 46 10 88 6 17 87 60 79 72 76 86 77 29 23 81 60 93 46 16 95 8 61 23 38 86 84 78 58 59 29 82 5 16 76 11 42 75 83 34 83 49 52 51 81 92 13 42 27 0 61 54 35 
23 27 14 46 88 1 58 76 7 0 35 66 88 59 78 16 10 58 68 19 82 79 49 25 61 92 78 10 56 35 58 66 41 5 95 82 71 71 88 92 41 2 35 7 35 91 83 33 16 77 35 4 80 86 64 68 86 16 79 12 42 76 46 37 69 56 19 59 76 88 71 77 50 12 88 34 24 31 6 49 20 62 81 16 90 71 0 85 9 91 48 90 97 66 66 2 50 99 12 76 
53 47 54 37 12 32 29 41 64 35 20 74 93 26 48 30 9 66 1 72 81 96 8 55 80 68 22 29 30 67 92 72 44 78 70 19 53 97 76 87 8 69 65 55 73 33 34 23 63 71 53 14 58 62 73 21 32 9 17 77 48 44 37 33 40 70 37 41 24 87 40 24 30 79 86 79 53 54 80 85 92 14 94 0 30 4 38 71 57 10 31 64 96 48 94 32 8 44 1 64 
76 0 3 68 19 6 46 68 50 85 78 87 29 18 35 38 90 35 83 5 17 0 2 47 59 36 24 24 87 48 78 28 70 9 40 64 58 55 21 80 28 41 39 25 18 23 56 79 26 97 77 62 20 75 59 43 14 26 74 6 2 23 9 41 52 0 85 38 96 53 12 2 90 68 88 59 17 90 55 67 22 73 38 73 95 39 67 87 83 28 63 34 95 51 8 75 27 45 97 23 
81 6 32 68 98 44 54 82 96 88 85 53 55 74 54 56 26 40 59 12 61 52 61 86 26 97 77 26 83 3 27 73 62 86 41 68 36 54 0 63 6 85 11 77 46 14 73 64 37 63 56 42 77 39 75 21 7 0 77 67 89 37 72 91 40 50 73 74 65 26 43 54 54 15 95 48 22 65 88 76 50 69 63 84 50 87 79 83 92 98 9 83 86 12 28 93 23 29 4 57 
42 73 73 80 15 28 54 65 14 61 50 18 85 43 19 65 71 30 74 4 83 18 68 91 52 10 31 28 93 88 90 48 20 2 10 27 62 83 71 1 41 3 0 17 62 31 98 41 55 44 73 11 89 89 18 30 42 47 46 78 17 13 73 66 37 68 22 69 47 28 63 26 29 45 25 30 60 24 23 62 92 46 32 50 31 90 53 26 30 38 98 87 99 36 7 25 58 26 94 3 
61 64 34 92 39 2 40 65 52 86 2 94 23 56 37 93 5 47 82 29 81 40 54 79 32 7 90 26 38 62 2 14 68 49 15 68 26 77 57 95 75 46 15 67 57 77 32 87 24 39 93 83 56 14 43 65 38 33 57 24 87 95 15 7 6 28 35 10 73 83 84 39 15 48 58 73 0 82 32 83 0 82 42 62 62 23 76 81 43 76 87 22 32 84 16 11 91 66 74 79 
22 55 93 75 88 13 89 93 0 40 59 9 14 27 25 62 20 23 14 83 69 49 63 23 32 7 78 30 77 62 29 4 65 55 10 49 13 2 18 2 14 22 26 83 83 78 55 62 38 21 2 3 78 77 44 61 58 5 55 14 43 46 13 59 58 49 34 10 27 35 49 99 73 52 23 7 28 56 84 5 65 72 52 16 42 55 91 91 90 33 45 47 82 83 59 70 78 16 83 23 
68 22 40 88 48 49 99 49 93 21 98 47 27 74 63 51 63 54 27 99 26 7 47 29 49 32 55 46 29 39 19 58 0 73 72 3 86 13 89 94 48 52 51 87 62 46 57 3 87 28 52 14 87 53 2 5 57 35 24 9 0 54 58 69 33 76 98 72 89 55 16 39 63 76 47 14 95 64 83 79 31 99 61 10 97 68 75 49 86 19 97 3 82 80 95 7 94 59 71 91 
6 82 12 82 74 13 79 82 99 49 34 50 29 46 74 39 56 94 68 91 6 4 24 99 1 58 73 31 95 4 47 75 12 88 28 53 51 86 76 89 91 14 77 43 5 80 21 89 39 19 59 4 75 57 75 1 39 79 17 63 16 41 12 28 86 51 37 43 43 3 88 83 62 2 71 53 34 39 54 37 75 35 12 70 58 63 85 53 38 24 34 96 91 69 6 95 8 32 62 46 
63 92 31 88 3 94 86 10 28 72 7 78 44 40 31 14 38 42 41 76 76 78 72 12 18 7 42 46 91 87 65 95 40 43 96 96 3 12 24 34 74 81 1 41 70 79 37 85 6 22 2 83 35 77 79 64 17 63 61 54 37 45 63 18 3 49 15 73 23 11 86 20 67 12 80 54 24 18 61 29 69 29 0 89 88 83 82 3 8 90 4 79 73 59 29 26 85 62 52 89 
80 61 15 6 95 32 24 1 39 35 62 50 4 9 39 71 20 67 94 30 40 1 2 31 49 9 33 45 27 94 1 32 85 6 82 75 86 45 47 65 75 41 44 96 7 4 97 86 2 39 75 1 15 96 97 60 62 79 48 71 47 22 18 34 51 16 31 97 65 60 71 61 59 40 87 45 53 66 97 58 15 64 30 50 62 30 17 41 7 55 79 71 54 50 0 97 82 29 84 66 
94 53 16 9 31 78 18 54 90 82 16 66 7 99 71 11 26 95 9 84 24 60 63 22 70 2 61 20 72 25 73 53 69 16 42 39 72 55 69 5 28 55 43 67 27 23 16 45 22 14 11 19 15 15 91 18 12 54 99 34 16 50 90 80 54 59 19 30 28 19 64 48 24 67 94 26 84 37 63 18 82 57 60 8 78 58 37 85 51 7 71 89 61 42 95 82 94 16 95 46 
29 86 66 44 16 27 40 28 81 14 63 79 74 99 52 51 99 74 55 65 85 81 52 82 64 90 30 24 39 40 48 54 43 14 57 72 25 88 80 66 39 63 10 82 7 89 2 24 30 62 73 50 82 86 67 3 78 22 50 33 27 9 29 97 96 88 4 16 69 58 96 71 57 25 65 19 13 57 35 23 12 11 33 73 32 13 45 80 64 10 51 89 54 81 60 2 17 48 22 32 
68 68 29 62 0 60 21 88 69 0 15 61 47 12 71 87 61 94 57 49 50 9 96 88 59 20 80 53 41 59 4 7 14 93 88 99 44 87 59 15 88 55 57 25 97 3 61 69 71 26 71 2 58 76 95 75 67 0 40 49 91 79 37 83 62 5 29 72 39 68 9 46 67 53 66 91 66 72 41 22 28 13 1 52 91 4 0 92 98 40 65 95 74 99 71 67 75 31 41 24 
8 49 18 42 16 22 55 90 14 65 94 79 46 68 61 79 11 32 60 63 63 75 28 83 79 21 11 4 48 61 53 63 57 62 7 85 12 3 85 86 7 88 98 72 18 77 52 59 12 72 79 14 73 3 71 46 54 61 78 56 65 99 44 78 78 83 9 92 65 78 38 76 44 42 65 88 46 90 40 92 34 60 5 55 64 67 15 53 26 26 92 77 46 25 95 74 28 89 82 48 
36 75 31 58 93 91 18 75 16 98 61 50 65 71 86 22 48 70 73 61 68 1 48 50 45 96 32 40 53 2 83 3 86 33 25 89 49 66 28 91 77 71 10 16 34 45 58 89 76 82 70 88 27 7 83 18 24 8 74 27 19 38 23 97 28 97 72 14 5 75 40 73 49 86 86 3 73 50 20 31 5 63 32 62 74 1 56 18 49 7 10 70 43 29 17 0 57 37 43 73 
39 2 11 54 42 60 38 56 69 17 26 89 44 1 60 86 28 42 11 98 68 99 41 94 34 51 76 86 82 29 89 4 70 12 9 81 53 29 8 56 8 33 31 22 74 51 23 59 7 48 49 25 32 55 92 75 71 73 31 53 4 7 76 49 18 85 45 98 44 77 76 87 13 27 68 22 87 85 68 10 76 76 59 33 28 79 57 87 95 71 49 10 44 43 40 48 82 61 64 44 
36 22 78 7 9 21 6 79 52 79 60 12 36 84 14 68 62 39 63 69 62 13 54 81 25 42 76 30 79 99 89 59 55 98 66 20 51 45 97 16 20 31 54 93 16 55 92 7 3 87 66 59 26 54 32 91 96 56 1 76 49 13 62 95 11 42 38 15 51 29 48 82 65 16 98 70 76 2 99 12 2 3 45 75 68 9 93 7 12 6 94 5 83 30 46 31 22 50 55 3 
30 22 96 15 45 31 20 78 94 96 58 53 0 95 5 61 79 41 72 92 48 38 89 6 85 90 38 39 7 43 78 86 74 59 93 89 20 12 52 26 77 72 22 35 26 81 98 85 6 12 96 99 79 65 66 45 69 69 42 85 55 85 21 75 78 57 63 18 6 7 46 0 41 65 87 13 88 26 27 86 84 96 55 79 67 13 19 48 66 65 14 57 89 23 43 53 64 32 1 39 
2 69 84 76 26 76 6 84 76 79 36 53 38 9 73 68 52 21 92 74 0 78 76 94 32 39 20 97 24 53 35 60 70 94 45 98 41 24 14 19 72 59 10 50 99 77 14 8 74 40 44 67 34 47 50 12 95 29 15 37 19 72 68 86 88 37 73 65 13 82 59 69 10 25 43 7 16 14 41 41 5 2 60 66 98 70 42 66 50 44 75 41 21 95 99 33 41 57 53 41 
3 21 53 6 70 94 86 54 48 42 69 8 22 95 97 93 97 0 26 45 71 25 67 65 93 89 57 93 81 27 72 1 14 17 84 14 29 81 87 87 53 46 50 49 8 61 92 10 9 47 80 30 7 93 98 3 63 75 65 72 71 83 83 45 3 51 38 96 59 73 45 16 7 71 19 10 68 57 96 32 59 89 44 67 73 53 67 76 61 10 68 1 90 74 34 60 95 30 67 76 
32 24 65 70 45 67 37 56 84 25 56 4 5 92 97 67 93 50 91 15 59 79 16 97 6 75 53 62 53 67 89 93 92 85 36 1 93 20 30 15 61 50 30 36 21 55 22 84 11 5 36 90 67 38 80 50 22 25 64 6 47 20 76 13 97 48 64 29 82 81 28 91 5 58 97 69 30 31 91 6 30 9 48 84 12 78 67 94 99 73 80 0 77 83 36 41 29 50 17 84 
89 12 43 11 10 17 76 36 73 36 7 93 87 75 24 61 45 71 95 27 56 63 12 83 81 60 43 31 99 19 35 49 36 45 69 82 78 69 78 23 82 58 47 53 70 44 55 50 56 3 61 78 2 62 89 15 41 18 72 26 75 9 3 70 69 14 33 0 53 34 79 82 25 65 25 10 4 45 52 4 46 90 37 94 53 9 79 87 25 78 66 78 97 93 28 57 0 15 97 19 
90 41 56 8 77 30 29 44 75 5 34 21 84 45 15 62 18 35 89 40 3 90 18 95 0 2 22 97 79 85 42 37 98 36 36 27 74 56 59 3 37 82 25 91 35 88 87 27 44 18 36 25 56 9 52 46 50 13 18 86 14 28 68 42 99 4 63 87 16 18 4 10 18 29 41 67 30 21 96 38 15 71 76 63 8 2 3 38 64 95 49 11 92 24 17 0 80 52 65 19 
64 55 74 40 8 52 66 72 90 62 17 39 26 87 50 51 0 1 13 60 59 70 17 62 9 12 88 68 8 92 79 62 51 24 80 24 18 48 59 20 38 41 44 40 18 26 21 6 41 98 56 47 98 97 46 44 52 99 19 64 68 18 90 42 64 59 36 12 20 95 77 23 46 74 92 70 82 69 67 90 33 81 74 16 51 73 42 77 11 66 21 79 31 1 89 91 71 96 17 10 
33 90 13 41 35 86 99 69 20 49 91 99 81 23 67 99 84 39 31 23 52 80 28 42 12 38 22 82 62 33 4 90 81 28 53 89 16 67 52 86 93 40 53 33 9 22 62 47 36 33 61 78 0 43 90 53 42 98 67 81 42 16 10 42 61 79 58 16 1 73 94 4 46 16 9 3 17 42 34 97 38 3 51 13 96 46 61 97 97 52 70 47 76 78 7 61 74 88 22 60 
61 54 72 69 92 15 21 31 97 39 90 44 92 84 10 37 5 85 84 17 18 8 47 89 93 52 10 49 2 67 60 32 47 51 51 21 87 9 12 29 25 86 30 52 67 17 51 36 27 35 94 2 73 22 88 26 68 40 22 17 66 90 59 88 56 26 32 79 86 82 77 28 98 22 68 60 95 0 53 55 58 37 60 44 4 75 69 77 18 89 62 80 86 46 23 29 93 19 20 71 
53 73 32 95 64 89 2 67 18 45 29 70 79 11 42 53 57 20 68 99 54 72 12 0 62 60 53 47 88 15 43 16 90 85 84 43 91 47 20 99 95 41 96 87 15 16 33 26 67 37 28 5 27 23 57 55 56 8 77 57 7 81 53 37 4 95 0 19 21 28 88 50 0 3 64 60 54 56 91 24 8 6 21 87 87 5 70 79 90 97 23 85 6 22 94 61 34 66 13 6 
43 12 94 71 74 32 4 29 0 29 96 4 34 81 32 31 61 94 50 39 16 66 88 4 12 43 83 67 51 25 96 66 84 92 77 17 0 5 69 77 50 47 45 39 99 12 15 57 60 72 20 90 67 2 33 61 9 36 58 80 32 7 78 52 81 34 32 78 1 54 28 65 94 97 5 52 5 1 99 10 90 26 34 54 38 51 80 2 2 70 54 62 71 9 27 55 54 18 60 56 
89 46 53 73 84 28 42 78 70 87 59 90 53 62 5 51 30 40 77 71 73 62 64 72 34 94 65 18 83 53 35 34 26 51 12 31 88 32 6 61 71 95 85 40 47 14 92 93 29 97 86 47 27 11 48 90 85 35 23 43 27 47 31 47 84 81 51 1 83 72 7 25 41 79 42 59 86 90 96 81 30 16 40 9 30 58 26 69 61 67 30 14 70 13 87 2 42 26 4 55 
63 7 36 34 41 52 52 8 40 87 34 99 21 23 6 66 97 37 46 29 3 19 18 44 26 96 26 16 90 9 75 43 57 51 41 93 78 33 40 44 79 8 65 85 99 32 53 1 73 40 63 72 61 54 35 51 28 85 97 32 93 60 16 94 35 13 60 8 68 36 41 38 12 72 2 33 82 89 17 44 76 40 12 57 15 90 64 72 89 97 82 61 38 17 27 26 7 48 20 41 
49 69 76 98 59 78 21 45 88 6 69 11 78 1 96 25 16 97 33 76 23 24 59 6 5 77 91 20 53 82 31 54 55 31 35 28 59 92 82 46 88 61 71 10 66 81 39 44 36 14 17 3 94 90 53 78 70 69 30 51 30 43 32 22 61 39 28 84 39 93 82 34 48 52 85 60 5 61 65 76 3 71 22 26 77 70 92 43 40 29 11 97 60 76 71 60 24 14 49 37 
11 72 78 42 10 84 9 22 95 95 95 32 30 9 91 90 67 69 30 34 53 70 60 0 2 84 79 70 16 51 26 14 34 53 5 72 46 89 38 9 79 3 83 50 35 22 72 69 22 87 3 35 95 20 73 68 2 75 22 79 93 4 64 48 94 66 28 66 8 11 67 32 67 58 74 39 78 63 31 83 8 76 86 42 12 26 84 59 91 18 90 12 26 52 0 9 22 1 9 16 
77 70 29 24 38 27 9 40 73 33 64 44 35 30 36 71 78 82 83 40 67 0 52 72 25 61 68 82 76 75 86 64 2 51 47 24 4 33 53 96 54 2 56 15 65 53 6 32 5 31 18 2 76 73 28 10 71 15 13 49 27 90 60 95 26 88 11 8 12 21 16 88 59 19 7 32 41 12 8 91 6 42 96 3 73 68 83 27 2 42 57 30 54 17 61 12 8 83 32 67 
50 51 66 21 28 1 72 83 86 30 98 96 25 97 73 26 78 75 93 26 28 4 35 22 35 53 12 11 93 13 14 22 41 21 54 76 49 75 13 28 8 96 38 80 53 79 57 58 37 92 30 30 58 33 29 0 64 61 84 93 53 0 8 64 71 25 11 10 48 53 43 7 83 82 33 5 46 78 63 20 24 84 50 36 17 67 49 50 95 4 18 48 57 7 16 8 88 59 91 10 
29 35 10 10 78 18 87 97 38 14 38 44 64 21 39 11 67 22 11 38 95 88 83 41 63 40 36 67 98 57 10 65 76 70 85 80 75 48 9 9 39 15 34 33 3 63 71 34 48 92 74 2 63 25 20 81 59 93 96 75 13 38 27 31 41 24 88 40 32 32 37 86 79 0 80 64 21 55 17 72 21 49 91 53 48 13 57 75 28 33 37 65 51 32 67 32 74 67 2 9 
43 95 46 99 32 73 88 56 97 57 12 46 69 6 59 9 81 68 53 38 32 77 54 79 61 23 90 85 69 8 74 3 25 10 42 0 51 59 38 67 1 74 16 74 7 30 4 58 24 51 8 94 20 70 74 81 56 81 35 71 66 12 43 71 92 4 9 83 2 88 59 42 99 40 93 52 77 28 88 0 46 66 78 54 83 92 96 63 20 15 22 6 31 33 66 34 41 76 6 86 
81 14 54 22 24 14 1 58 65 15 58 74 92 77 91 57 82 25 85 29 77 37 48 87 33 8 21 76 85 24 81 81 38 64 10 58 30 2 14 60 67 7 93 6 19 65 5 38 6 59 98 45 52 36 60 67 50 42 64 40 75 66 54 65 15 73 7 83 15 33 36 23 42 68 74 44 45 11 82 42 82 31 74 48 23 70 50 29 83 70 15 21 12 91 73 83 65 45 43 2 
38 4 10 84 68 23 66 87 99 79 83 76 76 8 74 70 99 51 36 49 32 40 4 54 66 23 74 38 84 1 81 52 86 9 56 48 30 44 41 35 11 82 44 89 91 31 56 50 96 26 53 51 73 89 81 27 6 33 19 51 42 2 36 13 43 78 23 58 51 37 80 32 19 91 81 50 88 23 96 97 62 64 41 40 64 88 39 39 52 22 92 31 76 33 25 61 92 24 74 1 
96 3 54 72 42 28 38 25 95 55 88 21 96 45 44 71 13 45 85 52 76 98 51 19 31 87 73 12 52 84 35 15 85 2 93 14 44 23 7 63 16 65 16 74 46 49 73 14 31 71 81 22 33 3 4 66 70 14 96 6 66 7 17 72 80 98 48 74 6 28 2 18 81 66 2 30 94 96 10 37 63 83 19 14 37 82 96 39 40 50 20 44 67 50 45 77 98 6 33 61 
62 22 60 80 20 22 15 77 28 82 71 7 19 10 98 32 64 50 32 80 37 97 95 16 66 72 6 54 11 49 4 75 90 79 78 36 97 33 67 69 62 25 15 80 84 50 70 52 76 56 37 3 69 14 4 50 92 56 93 43 8 66 38 29 95 69 25 76 26 19 28 76 85 93 74 42 76 41 1 20 4 57 60 20 79 60 49 33 55 9 28 14 62 68 74 43 44 41 18 65 
57 31 99 32 2 66 54 69 6 0 35 85 26 75 78 54 44 22 49 23 81 26 46 59 11 82 46 30 31 18 44 30 38 78 87 60 55 39 69 44 83 73 53 12 10 11 81 14 12 87 68 12 56 22 67 84 84 17 68 6 61 96 11 80 52 16 45 64 94 38 66 91 32 50 24 11 79 60 31 59 39 65 38 26 86 33 37 87 11 72 8 14 11 55 52 22 15 13 92 19 
75 83 64 38 46 42 71 45 49 41 67 87 73 13 53 33 65 64 22 36 54 63 82 28 41 0 45 43 64 98 56 97 40 67 75 47 71 55 3 57 74 89 4 2 63 53 67 93 26 28 30 22 23 24 98 92 58 6 0 10 54 5 99 42 4 26 21 93 15 14 97 99 27 2 34 63 4 52 54 22 9 20 7 94 57 31 4 26 2 8 20 5 97 10 83 81 68 97 78 42 
71 6 76 85 18 83 21 24 17 39 24 75 2 84 42 75 66 77 88 0 23 56 13 42 80 63 61 53 1 82 52 56 72 62 92 0 6 95 27 70 78 23 27 30 35 40 82 74 2 82 39 71 80 14 89 18 61 95 57 91 29 10 52 45 39 44 36 10 22 48 68 50 42 94 67 22 99 40 44 15 11 66 17 2 40 1 92 76 73 66 1 29 29 87 54 32 18 40 25 85 
50 51 97 79 47 44 79 98 52 58 51 87 46 5 61 34 44 4 3 64 89 73 26 45 59 61 55 72 97 88 55 45 94 65 89 14 32 11 73 91 4 85 86 99 60 60 59 32 92 17 7 72 25 24 92 90 95 54 15 31 88 80 41 19 47 55 43 5 76 27 9 97 87 21 16 65 48 63 60 23 73 43 53 35 39 59 72 41 80 35 49 1 96 74 72 63 94 44 57 60 
34 57 99 23 52 4 5 53 85 9 37 62 84 61 24 92 23 89 30 9 98 74 1 23 88 38 72 11 84 87 87 18 96 44 52 31 41 90 2 22 65 6 96 76 73 93 55 46 39 4 92 80 23 17 31 21 5 46 58 2 19 8 63 77 8 84 64 44 67 80 78 98 93 7 37 51 10 23 73 52 71 2 10 87 77 16 92 81 1 39 29 43 7 39 52 84 42 5 48 69 
42 13 56 27 72 95 27 58 80 26 89 72 8 15 99 39 94 15 55 42 58 46 98 56 78 55 71 32 31 8 26 42 50 29 68 32 79 33 47 54 8 56 55 5 8 55 7 70 73 13 38 34 5 28 57 16 53 18 96 36 9 11 83 49 82 92 45 40 41 40 57 83 15 87 93 66 69 76 4 3 12 74 97 94 75 77 89 18 66 4 25 97 98 12 35 53 76 14 79 87 
47 22 81 59 22 2 91 25 3 90 78 38 69 47 78 20 7 99 43 92 17 13 88 42 52 82 1 32 92 74 57 24 52 44 94 97 83 3 38 96 74 28 16 98 77 28 63 3 47 77 92 63 99 91 99 70 28 68 70 76 46 27 38 34 38 28 1 21 93 35 37 74 51 66 20 1 65 90 6 17 25 24 48 20 87 3 11 37 6 96 98 5 67 66 64 83 58 65 68 80 
21 18 5 6 38 15 59 48 91 91 84 20 63 40 45 78 28 59 30 40 0 83 56 17 12 69 89 75 84 55 79 77 51 80 60 99 90 78 10 60 66 70 58 17 21 40 44 6 49 31 29 98 99 62 55 83 96 7 13 81 94 26 17 67 88 31 80 69 38 82 62 84 43 40 39 82 85 41 5 60 27 73 23 59 0 69 18 63 38 66 78 79 56 56 29 84 26 38 38 56 
29 20 94 48 96 43 82 38 49 4 39 50 64 37 66 23 96 15 2 68 91 73 13 92 8 75 18 1 54 67 14 56 74 83 92 78 40 39 53 43 84 30 85 67 70 48 59 98 73 17 90 49 35 16 42 78 61 3 31 74 86 9 26 45 17 51 25 25 70 13 90 71 72 40 79 65 93 59 13 23 74 67 81 53 3 73 63 42 17 49 31 1 16 54 42 51 45 96 0 65 
55 0 23 66 85 91 97 87 36 38 87 2 74 38 54 38 87 14 74 24 74 85 3 44 96 28 81 55 7 1 54 45 9 34 7 65 87 52 25 42 44 6 26 46 97 85 27 89 74 95 78 18 47 38 15 6 49 1 57 10 22 84 50 54 43 40 25 31 51 96 7 84 20 59 96 23 53 63 64 61 25 58 58 75 81 77 81 33 82 99 25 33 7 37 46 61 74 65 34 58 
91 94 53 96 35 50 64 92 8 79 68 92 80 1 90 78 12 13 70 14 77 64 47 45 13 8 89 69 80 94 94 21 28 46 47 0 8 99 89 70 17 44 18 36 35 29 72 98 42 96 4 53 42 36 5 96 51 46 87 9 1 0 22 63 58 82 79 33 39 28 66 49 51 10 13 96 29 36 50 16 45 66 7 37 92 52 82 35 64 97 61 99 12 79 10 35 79 55 79 81 
3 36 3 87 23 54 46 17 85 33 99 16 59 17 94 19 6 76 28 21 95 75 87 60 70 74 64 93 14 58 43 97 26 95 13 40 89 10 43 37 53 31 10 14 98 13 58 90 46 82 25 68 83 26 10 93 58 7 12 57 59 76 26 72 83 57 67 63 5 25 89 80 15 86 80 30 84 68 5 60 39 24 26 50 70 23 49 89 66 45 24 94 44 94 96 34 98 14 64 14 
