100
59 23 51 97 21 53 14 18 48 54 63 56 59 35 25 93 41 56 9 16 54 79 39 42 31 27 79 57 11 75 42 99 51 17 80 79 74 78 76 80 10 4 0 87 57 98 93 65 34 81 28 58 93 84 98 8 7 91 53 47 65 53 79 29 47 22 51 24 17 14 40 18 28 11 0 80 28 4 80 24 34 29 66 12 59 90 0 61 60 59 74 18 7 71 85 99 60 92 43 53 
21 88 97 47 79 96 81 6 72 82 84 61 84 88 43 17 18 17 75 97 70 43 69 24 84 87 58 67 0 97 58 50 41 96 4 70 8 33 59 28 36 67 72 72 11 16 77 21 33 42 74 54 76 45 21 88 54 49 71 52 20 11 3 37 74 22 44 52 88 92 56 28 15 55 39 46 16 69 93 22 89 10 35 44 68 20 82 1 70 33 13 0 80 13 89 49 3 51 68 97 
56 71 69 49 28 47 14 35 17 40 30 36 73 35 17 48 54 84 27 52 97 68 15 56 14 74 28 60 97 37 54 11 29 23 45 29 49 87 29 52 59 84 37 18 77 30 67 31 91 38 43 63 74 67 69 11 61 51 82 86 20 74 20 80 74 31 95 42 48 31 44 90 41 79 59 0 41 95 26 53 62 31 53 88 83 90 6 95 87 24 73 56 13 51 50 20 66 58 32 95 
95 14 26 49 75 3 15 65 89 66 67 70 81 70 51 52 22 22 43 9 62 32 76 18 45 94 95 7 62 13 7 20 33 27 52 89 83 47 77 85 45 63 27 22 45 90 24 26 98 90 96 61 32 20 13 72 36 68 56 76 51 19 67 67 7 84 0 81 0 77 16 35 79 36 4 63 24 94 23 14 37 6 2 94 61 18 51 7 25 52 6 64 37 39 44 61 64 64 52 22 
10 32 17 70 67 86 29 36 58 4 56 61 75 61 57 41 81 81 9 73 25 99 89 95 17 11 50 97 40 22 7 75 9 0 70 83 20 24 68 66 47 52 63 27 33 31 23 98 49 97 96 35 52 65 22 15 76 55 49 98 49 18 28 2 60 81 12 65 10 69 30 20 57 64 52 55 67 42 92 89 87 87 79 20 29 10 50 20 42 28 22 39 44 3 11 93 8 66 57 83 
82 14 91 20 24 48 47 47 10 28 26 68 97 8 41 88 87 36 46 85 32 79 43 10 80 78 27 27 55 13 27 79 47 9 6 32 79 99 22 40 26 97 24 56 14 80 46 25 8 24 36 2 86 84 18 10 72 57 12 6 11 82 13 93 37 93 34 21 29 81 49 15 78 85 51 97 90 57 88 59 92 76 22 80 10 39 62 28 54 90 38 74 22 7 1 72 24 49 23 72 
22 45 51 99 3 59 35 39 97 67 60 58 91 83 47 53 92 28 56 51 80 70 19 50 23 60 59 63 46 42 1 72 66 3 59 98 49 98 4 60 61 42 94 76 16 2 68 50 27 6 23 71 9 87 47 94 25 31 89 86 17 70 77 24 35 63 97 54 62 18 36 2 76 93 14 46 79 63 13 96 54 53 7 35 25 44 94 49 17 27 45 89 61 10 40 32 46 98 70 30 
78 16 67 58 0 98 78 50 37 85 36 84 7 9 73 40 99 78 14 39 16 87 14 23 65 88 74 24 18 68 42 90 97 59 64 3 8 67 64 30 58 15 91 31 8 17 6 16 50 8 68 18 43 6 55 49 45 62 86 96 11 16 54 29 42 44 28 61 90 83 90 34 34 89 12 49 43 89 61 81 94 46 24 4 74 79 70 85 15 66 28 53 4 15 16 33 23 71 51 99 
33 74 66 13 7 46 37 11 77 35 62 28 13 23 74 91 4 45 40 63 36 99 96 41 12 44 93 40 84 53 92 10 25 45 89 12 94 63 61 36 4 84 86 82 62 36 46 57 64 60 27 58 47 41 75 87 42 80 41 90 7 94 52 93 13 6 53 18 56 49 20 41 75 96 56 89 0 5 93 83 77 2 17 78 38 27 8 78 92 60 63 29 57 27 76 75 29 28 24 61 
33 39 51 84 32 55 74 54 9 1 47 27 72 88 34 93 43 10 68 79 12 80 54 88 76 61 0 71 97 33 98 0 63 23 72 15 46 21 92 96 70 23 2 8 20 24 95 97 18 90 52 68 65 43 53 96 80 24 63 3 24 42 99 92 48 15 51 42 2 3 66 23 32 38 76 44 49 32 7 84 69 99 98 29 61 1 22 1 53 95 64 30 40 73 40 20 8 18 17 27 
96 3 31 4 47 99 8 47 82 65 79 56 77 53 58 91 89 39 4 76 31 71 94 23 92 49 77 81 36 70 72 2 58 69 87 79 8 86 18 70 79 17 4 25 12 54 9 97 74 59 87 54 7 94 42 88 73 69 84 90 72 15 84 1 59 36 26 4 41 83 54 48 29 60 34 88 6 18 19 73 63 24 60 42 35 79 13 52 19 17 29 70 89 29 82 32 62 61 96 47 
61 37 83 61 28 1 23 12 45 94 8 77 64 97 28 91 60 48 99 34 27 93 82 28 14 35 3 78 10 85 55 92 68 33 42 70 47 51 37 27 77 3 60 42 92 30 21 32 64 58 61 45 80 97 97 5 42 92 69 18 85 88 79 3 48 5 46 55 45 29 29 69 10 89 44 91 28 57 79 49 40 43 19 91 39 90 15 34 21 59 35 21 80 3 36 73 38 10 5 40 
11 28 69 96 66 27 7 48 95 4 8 96 24 50 74 90 84 69 25 39 36 64 89 9 92 33 48 1 74 27 84 96 5 45 29 27 86 53 14 0 96 79 62 48 54 55 79 6 8 38 43 12 99 39 51 0 93 90 57 2 96 33 9 43 37 63 40 15 97 31 26 55 76 82 27 93 27 31 81 37 49 14 67 46 41 89 3 24 27 10 82 35 92 15 75 2 7 63 55 70 
53 2 39 78 97 71 63 12 36 10 75 79 41 8 67 83 54 56 96 4 99 15 3 73 74 60 86 1 35 3 94 67 15 75 44 59 46 84 23 24 39 98 6 80 20 25 94 13 75 6 38 38 41 67 98 90 38 38 59 83 28 50 88 78 36 26 32 5 27 55 27 60 75 61 5 59 56 38 59 96 85 34 2 92 96 34 56 50 68 21 35 75 85 47 33 91 26 76 12 42 
93 77 97 64 52 81 5 61 97 40 61 97 62 25 14 57 51 3 91 52 50 0 78 85 60 7 77 3 78 13 92 13 60 5 70 8 24 79 61 97 59 4 33 94 20 43 66 9 27 88 14 96 63 60 33 45 17 47 65 10 44 33 16 81 43 59 42 3 3 88 85 32 54 2 87 44 56 90 78 49 75 39 47 77 46 11 20 91 98 20 1 95 1 9 93 83 44 31 35 42 
32 90 19 94 47 77 30 90 92 79 47 38 72 61 53 83 49 33 52 31 13 34 79 20 1 39 26 85 18 21 31 76 68 17 70 58 5 33 10 35 95 54 69 47 27 18 91 83 24 57 5 81 30 42 5 21 3 95 43 57 55 61 26 12 5 52 86 18 83 79 13 63 91 20 86 33 27 39 32 5 15 64 26 23 22 63 95 70 58 70 30 30 83 64 95 62 3 99 47 79 
88 74 99 53 13 76 13 25 84 67 52 67 19 58 39 37 48 6 36 41 27 46 85 5 60 75 18 5 71 70 18 76 53 50 22 85 32 40 5 62 0 99 91 23 22 1 32 2 40 48 8 75 90 58 6 82 31 33 76 22 55 74 77 52 51 27 95 25 13 20 7 1 77 34 85 0 99 71 73 19 55 31 51 34 69 86 93 56 63 71 67 35 39 7 23 80 11 5 81 95 
31 12 83 78 16 4 81 95 31 76 74 82 39 30 59 74 85 55 97 69 87 29 13 37 64 14 29 27 80 62 91 95 37 26 84 99 47 19 23 82 49 73 49 70 30 24 26 96 71 6 38 99 74 37 98 13 1 33 3 74 62 0 52 4 50 58 49 89 98 42 73 22 39 25 68 34 46 5 49 16 42 49 29 90 62 60 92 60 51 48 41 57 4 10 91 90 93 38 53 63 
59 5 36 79 93 45 76 25 60 99 99 1 44 35 25 59 93 84 12 52 2 65 44 31 25 64 63 28 66 48 23 83 58 83 1 58 8 29 8 27 67 29 67 35 15 61 74 62 63 52 1 76 20 71 9 1 80 83 50 13 16 57 94 56 0 9 69 68 86 40 27 42 26 3 52 13 97 90 61 12 84 0 79 76 90 6 37 35 54 17 35 33 11 22 42 0 33 61 73 35 
9 73 69 89 58 29 13 52 90 31 86 16 11 26 42 22 45 55 78 1 15 89 32 50 18 77 15 31 73 61 76 27 67 28 58 92 61 21 79 74 16 8 43 32 42 72 40 42 56 88 41 40 65 73 59 51 63 24 30 17 64 48 43 57 26 0 29 70 71 75 20 47 41 74 76 35 86 60 80 7 8 42 57 10 26 49 90 17 87 97 83 84 88 30 78 84 36 67 7 33 
55 75 18 95 26 41 40 94 66 89 68 74 31 74 54 29 46 57 73 71 34 67 82 71 97 55 16 14 7 42 52 61 36 81 82 6 98 58 31 20 83 39 71 3 90 81 13 17 85 66 81 0 72 70 5 92 43 54 73 22 35 3 30 48 33 10 22 77 54 17 36 95 34 63 86 0 99 68 51 24 3 70 14 41 15 99 98 32 3 98 77 47 90 69 99 85 62 65 5 43 
35 12 60 84 67 39 56 16 18 16 41 49 54 45 96 80 9 74 82 27 15 3 85 38 82 36 66 77 34 96 21 31 95 11 75 2 89 61 94 23 70 40 99 27 90 17 89 91 49 19 79 95 63 78 36 12 96 19 89 60 28 53 85 85 85 85 37 44 7 56 44 81 2 22 31 31 7 20 0 65 89 68 32 0 77 93 29 0 68 37 49 49 69 78 14 49 24 9 40 20 
3 48 93 35 8 60 0 99 97 54 4 42 6 7 22 14 42 95 59 79 11 66 5 84 89 2 79 64 36 22 92 10 95 76 32 65 3 33 15 95 70 3 27 67 5 55 87 31 4 55 65 96 43 95 95 32 11 35 33 42 83 13 68 24 16 19 11 53 65 39 6 70 68 5 64 6 10 15 6 25 78 66 65 54 45 72 92 10 15 92 92 1 27 3 98 54 96 69 50 24 
40 40 16 79 94 49 22 43 6 99 92 70 26 42 28 98 85 44 7 25 20 1 40 89 81 62 73 43 57 81 67 3 35 34 68 41 55 54 23 64 46 81 80 43 85 33 85 51 68 62 30 55 16 32 74 3 59 63 69 35 19 5 5 97 22 85 33 68 84 60 74 98 26 71 80 31 18 62 14 48 92 61 23 62 42 66 25 91 5 61 94 94 55 85 82 61 22 73 4 41 
21 42 41 96 81 67 89 25 8 51 80 97 77 93 32 82 94 12 22 17 57 89 36 62 48 50 18 68 27 79 57 26 90 11 76 0 52 88 76 51 36 61 22 87 77 36 74 61 67 30 90 43 20 48 15 46 20 68 17 94 36 47 62 6 98 66 89 8 10 66 55 52 42 51 27 58 68 86 45 1 46 12 26 46 83 92 47 75 21 27 89 79 96 23 85 98 89 93 83 52 
16 26 79 63 32 91 62 53 54 56 49 97 83 0 22 94 62 1 7 68 58 53 59 23 86 5 55 19 53 50 29 46 89 11 14 67 52 79 59 14 76 34 78 97 64 7 87 25 29 18 76 9 80 29 84 83 9 96 89 26 81 50 52 24 53 65 32 28 42 0 15 65 87 27 55 14 5 46 72 7 27 22 31 1 30 90 41 43 27 30 30 70 20 44 46 75 59 69 15 58 
59 33 29 69 20 54 73 32 50 12 68 3 73 95 7 5 86 66 31 59 55 11 60 90 5 93 21 87 32 63 45 45 61 93 44 95 19 35 94 92 75 95 93 47 76 43 35 2 56 95 20 68 99 51 13 7 30 14 65 43 64 26 25 7 99 5 61 26 84 76 58 70 82 68 34 71 99 20 64 28 49 24 40 83 86 33 15 0 93 54 56 12 22 51 43 77 95 22 23 82 
56 69 92 52 6 72 50 4 31 25 41 83 50 83 24 67 47 70 53 94 82 31 17 26 73 13 79 90 64 12 10 23 86 9 27 48 96 11 35 5 29 11 64 78 57 64 52 45 74 89 31 1 43 94 16 28 35 34 5 11 62 14 92 44 5 0 42 54 52 90 59 24 72 0 38 19 92 14 73 44 14 9 32 97 18 89 58 76 13 13 39 47 67 49 59 8 97 20 98 59 
2 47 31 80 72 41 94 44 73 60 68 95 4 41 88 94 69 37 47 9 70 37 3 2 35 93 60 88 16 92 67 43 21 64 51 35 13 33 58 62 75 23 15 91 71 66 14 66 11 45 75 28 9 27 17 83 67 23 62 84 78 48 28 94 49 85 53 99 85 86 29 90 43 37 44 73 0 59 55 46 49 72 78 58 1 62 61 69 93 58 92 91 18 44 57 14 60 20 77 29 
86 49 52 32 78 95 31 74 56 75 38 44 75 74 18 36 23 88 29 44 86 2 42 10 5 94 3 97 80 81 27 14 9 85 71 90 51 32 82 57 31 23 40 0 98 84 90 46 41 40 31 24 82 66 33 38 78 68 29 72 76 35 28 76 68 25 27 86 29 57 8 85 77 93 51 36 3 7 30 29 44 7 36 95 45 37 16 40 51 21 21 99 41 99 83 58 75 11 52 41 
6 49 3 47 96 17 3 22 80 25 36 82 21 50 20 35 82 40 51 35 93 63 82 49 6 56 32 46 34 70 28 63 42 81 76 31 14 58 91 15 16 48 92 78 60 99 27 58 16 17 66 76 59 58 19 40 37 2 58 83 42 82 4 37 8 66 90 61 86 11 66 83 58 41 38 71 18 0 53 66 43 52 60 17 32 74 28 90 69 2 45 43 64 40 28 21 3 94 83 33 
13 10 98 67 30 41 27 67 37 68 43 61 24 49 85 21 99 44 50 25 44 18 14 68 2 4 19 86 89 20 1 83 26 70 79 83 74 86 4 82 11 53 26 74 33 30 86 52 54 42 26 84 8 1 50 73 21 42 99 53 43 20 39 38 20 4 23 50 56 89 6 12 81 22 9 28 93 59 16 86 0 70 16 46 31 41 70 39 12 91 19 22 48 95 26 67 1 38 57 41 
36 99 33 86 52 10 3 70 4 44 90 11 82 62 50 21 5 46 67 54 46 67 55 63 63 42 9 33 18 2 86 52 48 50 47 32 33 73 54 12 12 66 3 63 93 52 78 27 18 55 34 99 46 40 37 81 58 83 53 74 25 13 61 46 20 39 30 78 39 33 25 76 48 47 17 68 93 48 74 0 27 10 56 8 48 93 2 23 22 14 21 51 96 63 28 85 40 9 80 25 
46 56 97 87 50 25 8 62 11 32 43 6 74 87 50 26 2 60 25 75 38 78 93 20 46 8 51 31 15 89 95 1 66 61 25 78 6 42 89 56 29 69 31 13 91 78 44 77 79 22 46 69 26 94 44 37 57 89 63 57 72 36 90 69 67 39 39 23 10 92 66 70 76 96 67 56 21 19 18 56 42 88 43 77 90 75 46 46 63 70 29 15 66 81 70 63 11 45 56 81 
28 7 30 3 58 43 28 61 0 92 68 30 92 74 25 56 18 44 22 70 8 45 57 53 45 90 72 92 37 78 48 25 48 47 44 23 42 32 46 21 96 66 37 19 56 63 72 8 60 56 50 21 8 38 39 80 37 2 11 63 58 92 17 30 56 52 7 55 26 69 2 98 65 88 49 69 96 16 94 50 87 62 8 23 68 60 43 48 17 60 28 64 4 96 59 34 71 31 62 16 
0 40 77 63 97 1 43 32 3 55 80 96 52 84 33 70 76 54 55 98 76 65 1 58 77 81 79 64 22 77 39 52 70 26 76 29 7 31 87 82 82 27 73 57 12 84 77 19 88 43 57 25 92 99 46 34 75 55 33 5 63 31 26 53 57 87 76 36 5 19 63 58 57 91 46 57 51 49 62 43 26 14 35 4 12 55 8 89 9 94 29 31 78 60 29 72 58 20 81 79 
91 69 72 43 87 22 61 28 59 86 40 66 51 3 41 95 99 0 17 65 14 42 21 81 36 67 94 61 93 20 47 80 47 7 17 8 63 74 86 3 30 64 27 12 34 31 73 4 46 21 64 60 76 16 57 99 35 71 5 64 88 89 48 15 77 65 11 38 56 64 54 35 34 81 69 64 17 99 21 85 14 68 59 5 10 72 80 13 35 68 17 11 90 47 44 10 30 73 37 78 
5 62 56 12 3 81 64 76 34 50 79 73 34 18 90 77 13 1 6 41 49 24 82 38 37 40 1 13 14 0 38 71 89 99 27 70 17 16 45 4 83 97 90 66 82 48 14 83 31 76 79 73 6 86 73 86 96 87 1 85 44 19 21 50 64 11 94 36 20 10 21 94 81 84 54 10 66 34 0 87 13 30 52 82 46 41 19 6 18 87 46 61 98 58 61 89 51 91 81 85 
13 38 54 79 37 79 99 19 24 61 41 98 56 23 8 90 69 80 10 99 78 86 90 76 9 2 17 65 50 53 33 6 33 27 22 55 70 35 25 82 13 73 52 59 89 91 71 48 8 60 58 12 92 25 74 26 47 22 85 88 90 71 68 47 3 1 72 7 27 10 23 4 28 23 61 74 46 10 11 65 95 70 0 40 21 41 94 4 25 92 56 52 6 97 81 90 36 92 93 85 
89 15 57 78 18 48 52 51 9 90 18 18 74 16 32 97 93 66 87 44 13 22 21 10 37 3 46 53 94 95 91 21 68 35 50 28 9 81 22 40 12 22 3 13 52 17 11 50 62 72 36 48 37 63 32 34 63 98 6 82 18 23 53 0 47 19 21 72 4 80 66 86 89 84 31 99 63 71 56 99 44 45 57 62 96 81 52 28 20 66 15 57 87 12 54 24 85 26 18 89 
42 76 33 62 70 94 1 60 39 18 8 68 90 14 98 92 85 17 8 6 61 72 15 50 73 44 37 51 1 85 36 58 29 66 25 44 22 9 84 87 42 64 35 57 32 41 93 36 55 85 10 60 91 71 41 27 53 6 21 81 23 32 81 87 44 51 95 80 61 9 57 69 83 85 96 0 61 73 76 65 53 41 5 88 70 83 94 35 94 35 38 60 13 11 49 34 25 68 71 39 
28 24 28 41 57 48 43 36 43 82 20 79 11 62 5 62 46 27 40 13 96 7 16 91 76 69 56 49 54 5 63 30 49 95 8 17 73 64 42 13 11 33 6 91 19 43 72 88 35 81 94 99 21 5 40 45 84 28 98 22 29 69 22 68 59 13 26 12 27 58 51 6 84 93 49 71 1 14 13 2 11 66 65 4 25 61 74 79 47 2 36 16 13 33 75 30 66 20 93 2 
98 44 29 73 41 94 7 78 61 58 41 90 88 87 10 18 90 28 89 70 63 83 80 38 17 94 3 94 36 3 37 20 37 60 74 80 81 81 22 4 88 89 39 16 9 74 10 27 54 83 47 28 89 41 28 66 23 96 54 1 74 99 13 12 41 0 44 5 72 48 90 65 28 10 64 28 96 31 38 51 53 88 10 40 32 69 13 68 5 74 58 65 83 19 42 63 68 40 98 38 
63 49 0 71 9 45 29 65 77 60 19 50 95 66 93 23 88 86 31 28 82 24 74 8 83 4 51 50 87 71 72 75 31 38 90 18 99 45 66 16 27 26 62 80 49 14 11 37 78 19 13 27 83 77 45 86 39 28 16 10 28 71 14 3 55 28 98 81 8 17 86 51 74 81 62 6 88 58 24 26 24 67 59 31 87 96 96 55 67 23 42 51 8 19 78 33 61 77 86 43 
85 9 9 97 82 33 34 30 19 7 40 27 69 38 26 18 54 54 39 73 52 38 61 38 12 32 71 90 35 7 7 24 52 25 31 57 87 94 39 16 37 35 83 94 46 25 63 85 82 29 92 26 63 71 67 5 49 5 90 18 80 80 60 0 31 18 84 25 89 9 31 77 80 28 34 21 51 45 53 57 55 23 97 70 0 96 94 40 42 76 25 9 97 52 93 37 73 55 42 65 
70 1 7 10 65 48 47 94 7 88 32 82 51 22 22 14 8 57 49 11 15 26 60 27 74 56 12 69 61 22 6 58 21 45 85 75 19 68 37 98 94 73 46 0 48 38 98 26 79 36 78 64 55 55 50 27 84 21 61 9 0 35 8 54 74 31 86 35 79 99 50 8 48 90 83 57 69 33 12 81 62 4 73 78 73 44 90 1 52 97 69 48 40 52 63 49 85 54 56 85 
89 63 14 51 3 6 9 18 16 51 14 72 53 70 20 33 83 41 47 25 18 85 30 26 46 75 82 63 94 20 57 82 1 78 38 42 64 3 71 21 41 41 95 39 99 58 43 64 54 23 52 34 47 64 70 48 69 67 36 90 10 13 42 80 15 39 0 40 7 22 71 96 73 56 69 15 61 1 44 55 2 28 11 17 55 73 4 10 77 25 36 91 69 44 91 43 18 9 73 40 
2 17 90 14 8 87 28 13 37 70 58 0 13 97 40 52 26 70 8 18 73 70 10 57 95 60 71 99 33 18 87 42 57 72 88 93 21 7 47 86 88 77 11 28 94 89 1 47 34 77 18 72 54 78 94 83 27 90 54 70 97 85 83 5 47 75 8 83 1 23 47 25 69 11 95 62 53 68 92 16 67 46 45 91 38 99 53 23 33 18 15 80 41 8 37 84 86 87 90 69 
93 93 33 29 60 90 82 59 42 92 92 77 72 81 91 57 15 33 82 79 73 69 30 62 72 54 40 77 81 49 1 72 66 24 80 15 74 42 82 28 73 76 39 22 25 16 5 8 83 46 47 54 55 53 92 8 60 80 69 99 36 11 81 54 5 63 54 56 83 96 74 74 29 8 10 60 35 10 3 83 99 18 19 37 42 24 91 88 58 70 98 2 27 48 47 7 34 90 29 9 
8 23 96 6 11 94 17 85 41 19 73 35 42 9 57 44 97 17 12 61 45 65 78 24 87 17 22 97 50 35 68 42 54 44 30 43 27 54 6 96 94 60 59 91 22 24 90 86 50 39 48 57 77 13 11 63 17 81 14 98 58 81 50 55 20 46 94 78 34 67 18 33 9 16 39 12 34 21 45 90 3 21 92 40 63 87 96 35 83 66 21 52 28 56 35 12 27 25 48 2 
18 90 4 44 74 18 37 37 56 35 85 48 18 62 16 91 33 83 91 55 20 14 50 85 29 70 63 26 36 10 7 78 18 35 40 19 43 31 93 94 1 88 64 48 29 3 17 4 20 86 26 22 7 57 98 53 90 36 17 26 91 99 68 6 54 19 9 61 14 92 29 13 91 94 59 68 10 69 57 85 34 86 26 98 8 57 19 95 74 82 5 72 7 66 41 42 2 86 55 36 
99 76 57 42 33 63 80 70 87 83 81 59 7 89 36 65 34 0 30 94 9 27 53 17 60 23 43 66 61 19 34 25 94 17 18 94 45 66 67 7 94 26 32 13 15 34 7 39 32 31 99 72 13 95 5 52 33 93 66 1 49 18 44 43 91 94 27 21 33 95 31 93 72 43 11 59 58 12 65 33 93 59 78 99 42 47 29 61 27 50 45 28 93 40 9 26 27 95 79 59 
39 55 47 70 42 59 2 22 10 55 86 68 53 62 56 5 42 2 84 93 26 38 74 94 33 61 49 59 0 86 49 85 93 95 43 88 49 46 92 71 75 58 78 76 82 56 71 64 51 21 37 57 35 82 44 31 72 19 25 36 89 37 88 48 89 44 80 26 98 8 70 97 59 66 32 82 25 60 1 18 8 2 6 17 67 67 30 94 90 6 0 44 72 80 63 14 59 82 89 16 
25 89 52 59 56 70 15 59 67 6 37 74 52 66 41 44 93 77 7 32 0 10 46 12 36 46 33 28 61 5 28 41 67 88 29 0 71 84 74 24 98 85 53 31 72 69 81 36 73 95 38 57 87 28 34 50 24 59 98 25 45 88 55 23 54 74 75 62 59 17 66 34 3 69 66 77 74 29 63 9 16 34 27 79 43 32 36 87 25 69 13 9 82 76 96 19 63 35 58 84 
75 45 39 46 63 46 47 64 93 94 45 26 6 98 46 62 92 91 55 37 50 69 16 57 19 59 57 69 72 59 95 57 34 46 48 43 2 75 57 6 92 48 90 43 45 6 99 20 85 39 4 80 32 2 40 80 20 46 87 12 34 80 32 44 87 95 39 73 33 57 16 79 83 63 88 24 33 45 60 57 35 1 48 38 65 37 72 51 75 24 8 49 61 35 23 98 45 17 11 10 
77 11 19 31 44 91 6 29 44 5 10 33 59 21 72 22 30 22 50 43 57 13 59 24 13 88 5 93 90 24 94 54 46 16 17 31 66 16 72 37 55 44 58 25 70 6 82 78 84 25 4 73 62 12 69 25 28 77 21 43 90 4 89 97 63 34 37 75 43 92 47 14 30 22 43 14 8 64 32 38 94 7 72 58 12 45 28 56 73 74 31 54 73 10 48 8 86 66 26 93 
42 49 74 75 19 82 27 90 57 13 21 45 71 1 94 60 97 47 26 33 22 27 50 63 49 73 5 23 79 39 42 78 67 22 2 45 35 12 60 31 86 51 54 92 17 45 45 75 53 45 92 15 26 69 38 45 46 59 40 86 25 87 77 61 31 2 77 78 94 27 16 24 79 51 59 97 38 27 78 13 94 60 83 1 5 84 57 95 64 93 18 67 38 78 69 3 79 52 87 26 
92 55 6 33 5 60 23 76 29 93 60 92 55 88 64 46 64 40 67 19 16 11 70 31 49 45 89 8 23 7 8 37 9 69 65 37 27 86 35 98 2 64 34 19 62 51 96 26 58 44 77 43 82 66 1 33 68 53 18 2 25 64 40 69 27 59 54 20 90 8 56 42 74 38 77 20 24 73 11 49 5 71 63 42 3 34 93 84 91 99 79 57 49 8 67 89 94 97 85 35 
69 95 36 80 71 76 62 6 3 33 12 84 23 6 84 72 88 79 77 60 67 46 62 9 40 15 10 9 18 92 90 74 24 87 80 95 46 32 78 76 92 36 53 78 32 0 6 24 41 82 0 0 39 84 45 68 45 15 73 75 74 29 46 78 14 97 80 11 86 80 54 74 95 91 71 12 69 80 66 25 86 82 94 38 79 5 3 54 6 36 95 60 19 92 64 14 46 73 16 71 
30 58 83 41 83 50 66 43 98 79 83 48 43 98 12 32 49 5 65 42 22 69 83 92 97 28 12 25 47 82 35 6 49 9 69 62 8 56 20 84 39 54 3 59 87 77 36 32 81 40 42 75 76 42 4 92 76 19 7 72 41 1 3 89 46 83 11 54 13 8 11 60 48 37 30 10 58 16 83 76 5 68 85 52 97 77 73 35 84 5 38 49 3 50 76 11 58 53 25 43 
35 13 68 90 91 2 6 21 12 98 87 88 45 50 91 3 28 72 90 62 66 22 39 68 99 51 79 45 89 22 47 68 9 37 82 38 74 82 77 74 5 62 87 62 99 3 70 66 0 96 98 96 34 82 43 26 39 7 99 69 36 60 23 0 32 76 25 89 64 46 58 22 20 89 82 9 42 59 35 39 40 74 2 16 19 83 4 65 98 86 49 91 81 6 44 21 10 67 38 11 
26 34 9 43 83 96 21 51 80 86 17 88 1 16 46 83 31 11 34 46 19 66 47 42 19 3 6 81 45 32 76 25 47 45 31 28 5 76 7 74 64 53 13 39 21 81 98 83 46 76 86 15 90 6 19 91 44 32 11 48 87 2 77 92 98 2 52 43 56 78 65 34 54 39 15 17 13 64 78 37 29 41 94 16 48 50 27 26 57 56 68 34 30 62 98 78 16 44 89 43 
98 15 16 86 77 31 53 59 27 22 56 35 76 21 0 11 39 79 5 62 63 6 29 49 60 3 55 94 22 31 59 89 39 46 54 34 4 15 33 34 82 38 9 69 68 57 88 53 47 0 65 74 46 9 21 65 4 47 90 26 24 3 77 52 25 21 91 59 94 7 79 51 67 8 40 13 54 73 29 95 36 22 32 93 81 97 63 14 22 95 67 56 71 98 72 2 66 43 13 64 
83 68 60 77 10 45 64 31 27 47 95 18 11 57 66 62 51 84 55 86 89 9 3 31 31 96 75 4 6 31 86 65 47 57 56 93 47 25 45 68 52 38 71 8 39 9 61 34 45 56 27 20 51 19 7 92 79 70 20 13 55 88 38 28 97 1 83 27 97 72 47 96 21 31 52 98 43 5 35 15 32 77 36 86 15 39 47 69 86 35 83 12 13 0 33 19 96 78 76 71 
87 27 87 67 82 1 61 85 21 69 93 87 81 40 83 82 77 5 14 82 99 85 33 55 91 56 24 86 62 90 55 74 16 70 97 44 40 37 77 18 62 22 5 8 56 48 83 12 25 45 9 14 54 1 56 18 32 59 62 91 42 60 22 22 77 31 34 6 23 14 93 89 83 50 63 78 45 59 5 46 49 25 18 79 25 44 8 77 96 98 60 70 49 7 87 93 89 77 44 61 
42 25 95 64 56 32 1 11 24 32 86 28 12 18 31 18 43 6 61 64 83 94 36 17 55 80 26 22 17 83 87 57 48 95 35 45 9 95 42 67 39 41 44 46 97 23 41 1 89 57 65 5 25 54 50 71 62 44 90 27 89 25 25 25 74 27 37 15 41 17 57 26 36 42 96 59 86 73 98 40 5 62 47 63 32 30 29 3 77 72 54 29 36 28 7 56 37 39 77 5 
71 31 14 0 19 61 18 79 73 51 63 0 45 29 0 68 48 56 66 95 72 50 88 64 78 68 88 61 82 37 99 30 1 22 95 54 49 9 97 97 21 84 80 5 26 79 2 11 36 40 0 97 22 88 48 7 90 33 61 88 28 0 52 76 1 90 69 24 80 48 45 12 51 90 87 65 93 42 7 89 14 4 14 28 58 72 13 46 85 38 79 74 24 32 68 54 24 25 29 4 
12 55 73 64 75 88 40 79 60 75 58 58 57 0 93 49 20 30 46 61 50 19 12 96 99 70 22 18 57 81 58 57 86 90 46 54 25 32 70 58 98 10 82 39 23 13 6 99 12 67 92 73 90 63 3 3 3 33 4 71 60 59 1 84 31 54 47 56 6 0 52 34 36 27 58 87 47 78 1 38 6 61 77 69 98 79 42 2 85 94 72 17 56 0 86 78 28 14 33 26 
76 92 30 25 50 56 19 46 30 17 99 49 59 61 48 23 19 35 58 70 5 69 93 75 1 45 29 25 95 97 78 88 3 90 97 80 87 29 17 29 50 45 21 43 79 26 16 13 34 96 20 97 57 48 96 85 86 64 87 67 86 59 38 40 71 56 23 31 91 88 9 77 45 89 95 80 50 37 2 85 72 0 24 50 93 47 84 48 51 0 23 12 8 18 25 15 62 45 17 99 
19 29 95 58 15 99 34 91 57 23 82 29 15 56 55 47 23 73 60 20 69 73 19 20 63 2 39 26 51 84 63 75 65 29 4 56 20 61 16 10 21 83 31 21 84 7 64 95 52 75 70 76 18 3 58 32 9 29 86 59 5 2 16 16 84 76 13 72 8 43 99 30 71 34 62 71 7 89 54 23 73 90 50 41 38 75 62 98 75 75 64 85 78 42 25 27 96 71 93 92 
66 53 73 85 96 27 77 22 84 79 82 85 43 54 0 50 53 43 60 5 65 43 41 6 50 37 18 59 31 26 25 39 2 5 64 59 9 44 22 30 77 76 22 18 65 23 39 98 50 7 77 97 42 84 81 46 15 32 2 46 89 56 93 36 85 75 66 82 61 6 24 5 91 54 99 63 84 39 85 96 20 80 82 19 68 59 11 56 27 56 63 24 33 94 92 33 67 44 77 83 
15 24 54 0 46 23 34 49 9 15 67 84 61 56 26 19 53 60 22 33 48 4 39 77 33 75 74 90 60 54 39 74 60 52 50 76 64 2 82 48 20 8 52 0 46 34 33 39 61 96 45 20 67 76 15 43 92 78 78 4 29 92 56 73 37 42 93 45 40 12 80 22 58 37 53 39 82 30 26 16 27 62 10 15 73 42 25 85 14 24 23 39 33 89 49 85 84 97 10 19 
77 12 59 67 3 69 34 0 52 39 5 45 86 31 96 41 9 35 10 20 89 59 31 49 80 1 82 1 88 29 47 51 74 1 50 69 56 32 82 50 10 40 73 85 76 88 7 56 50 6 10 10 98 43 27 33 96 90 15 69 38 73 51 2 73 41 52 72 99 10 76 16 87 6 39 68 57 38 74 7 44 0 44 55 25 40 99 29 67 46 8 27 70 51 78 27 15 89 64 87 
49 87 8 50 37 5 52 76 0 97 54 7 89 65 15 94 45 47 37 92 16 59 42 60 8 4 44 97 80 42 61 51 68 9 63 95 88 84 17 68 10 14 46 72 72 22 2 41 45 46 5 63 61 50 41 71 91 13 52 98 87 38 7 55 20 4 47 79 11 1 6 40 74 85 18 43 39 94 1 13 98 25 33 56 2 86 63 64 82 55 21 68 48 29 63 58 90 20 39 65 
22 10 41 19 2 69 68 72 70 70 34 3 16 2 99 91 27 60 40 98 46 69 35 12 65 41 13 67 49 58 97 24 73 23 71 60 13 3 58 94 62 24 11 21 35 59 18 0 85 27 0 15 99 6 44 98 69 28 56 8 13 51 81 20 89 3 14 39 50 61 76 6 37 14 17 98 98 73 68 13 70 42 51 34 51 62 49 5 61 8 99 80 71 66 35 76 55 37 94 83 
69 81 22 62 19 51 75 99 53 43 58 64 78 67 15 95 17 32 92 95 82 25 62 44 81 55 47 49 91 29 72 2 37 0 43 44 88 89 50 25 63 65 99 64 96 46 40 21 26 16 88 80 6 4 56 3 81 74 34 66 80 45 59 84 2 60 58 83 92 63 68 3 24 91 33 49 63 95 45 81 2 14 2 55 32 7 71 19 25 5 86 98 43 16 12 7 14 52 41 35 
66 44 9 70 64 49 20 9 9 99 2 89 97 94 64 27 31 95 25 24 44 64 93 58 92 18 20 81 31 56 82 97 95 78 31 51 41 49 70 55 77 16 19 78 11 41 91 28 73 44 55 62 30 24 4 12 13 83 77 50 13 80 87 93 11 23 45 0 75 75 32 98 75 68 16 52 48 57 57 59 58 19 51 63 21 50 96 9 82 66 74 46 79 98 11 12 85 81 29 81 
29 38 25 33 74 19 40 50 28 66 53 50 81 16 22 78 98 81 41 72 39 37 7 38 53 78 37 88 13 88 65 83 4 87 15 47 66 96 23 38 85 89 57 25 75 35 75 58 19 77 82 41 23 17 16 76 44 16 65 14 71 61 37 74 67 23 79 9 23 40 76 16 41 93 88 80 87 6 40 5 84 10 81 16 92 23 93 54 27 97 68 39 14 4 32 0 66 55 25 4 
13 77 75 61 3 14 76 84 44 31 21 44 66 74 35 39 20 85 78 43 18 74 32 59 69 9 2 6 26 48 17 51 32 75 38 32 96 7 75 90 61 34 62 80 40 47 96 31 23 69 47 17 15 12 46 42 86 3 1 97 3 94 96 30 65 63 23 36 51 77 3 36 50 72 5 63 56 87 95 47 25 45 35 67 51 38 45 81 38 19 32 49 36 7 87 49 7 33 7 28 
83 48 67 63 7 64 50 26 92 40 3 20 62 15 20 10 78 69 54 41 23 83 18 93 68 40 26 85 79 70 78 33 34 55 48 39 12 65 9 48 76 82 63 14 79 92 80 38 51 0 52 81 33 82 94 15 86 50 98 54 11 92 73 4 16 64 20 39 75 96 93 59 68 94 2 98 87 94 74 55 87 30 20 77 48 80 94 44 26 33 28 89 65 70 4 89 57 17 57 31 
46 11 11 10 95 26 56 94 92 22 77 20 61 23 99 53 64 46 64 73 17 43 57 35 4 53 78 97 68 20 51 0 74 22 45 79 45 95 38 73 96 48 42 50 51 41 76 24 26 89 53 49 13 33 76 78 11 91 67 25 1 71 16 2 90 29 1 13 26 35 7 20 76 1 79 50 48 94 54 61 24 51 62 42 66 39 21 90 3 57 62 21 76 35 0 65 45 56 88 35 
42 96 39 97 36 88 9 17 62 29 35 50 11 30 56 10 64 5 49 2 60 97 32 95 63 78 34 22 91 51 80 99 37 52 48 37 84 70 58 74 40 49 49 90 45 34 31 75 51 70 96 21 22 50 23 74 67 54 33 40 39 27 75 4 72 15 49 18 71 86 68 77 23 57 69 66 57 65 86 89 71 91 83 51 41 50 93 96 0 31 0 9 28 82 86 31 69 46 80 12 
76 73 54 40 77 99 44 94 98 28 83 23 41 74 22 38 30 32 59 54 43 70 94 37 76 3 36 43 45 17 76 38 8 1 87 31 73 45 10 54 92 73 39 63 18 80 81 53 5 41 0 1 82 40 59 91 38 32 67 66 28 6 54 79 42 98 50 75 21 74 79 36 27 96 4 80 10 79 95 35 95 86 40 48 92 29 36 48 19 83 62 36 60 1 93 36 37 96 71 70 
86 6 97 52 56 89 44 89 59 38 91 71 15 56 42 34 82 32 2 43 16 68 11 26 53 63 54 40 49 79 25 43 45 85 54 43 30 45 91 19 58 36 73 73 84 49 70 3 65 2 36 99 7 71 78 90 59 88 48 91 14 40 25 86 73 43 7 85 88 26 13 3 90 85 27 79 20 74 15 16 33 99 70 5 58 77 11 72 31 88 94 89 14 93 62 54 48 28 10 48 
91 19 57 31 76 30 8 63 81 89 34 56 97 97 9 30 59 88 32 82 99 4 48 30 44 41 84 82 29 11 71 10 17 2 9 96 91 53 28 50 55 43 96 29 93 77 17 57 24 53 94 38 15 93 30 84 54 86 68 41 47 86 63 2 58 30 97 79 73 9 24 76 15 96 71 15 17 1 97 87 31 76 80 93 72 93 2 49 29 23 18 91 83 73 68 94 52 44 20 56 
83 35 33 79 48 25 45 82 84 12 35 67 76 27 40 81 23 48 55 5 86 65 56 7 18 26 35 7 48 76 23 98 63 74 4 94 81 84 59 62 1 25 7 29 2 33 88 49 62 35 0 32 12 47 83 1 99 60 92 63 62 18 97 38 42 61 9 65 61 84 57 30 51 22 1 95 11 28 73 29 2 14 77 64 95 94 4 58 48 78 77 85 11 48 86 92 4 70 59 96 
30 42 78 97 6 14 96 67 32 11 62 70 68 31 65 2 21 79 57 24 17 51 67 78 80 71 26 27 16 78 41 82 61 9 96 56 41 42 48 21 33 26 47 39 77 95 15 71 84 48 29 33 3 43 97 59 45 85 41 32 50 70 93 1 66 22 27 6 65 79 54 35 39 68 18 17 8 70 40 30 41 88 86 17 21 55 47 42 73 37 44 76 82 34 46 77 79 28 65 98 
92 63 78 41 13 94 11 41 19 22 3 34 61 75 69 81 33 18 44 51 88 13 30 12 56 94 44 74 70 8 93 56 54 36 35 72 4 15 48 68 14 75 95 65 22 39 36 22 6 2 36 51 64 19 71 94 23 46 12 18 50 75 29 99 20 65 93 64 6 73 57 92 36 53 47 20 39 39 29 56 91 55 51 93 51 41 54 59 32 87 76 44 30 11 87 78 95 9 2 32 
60 8 10 19 53 78 82 93 8 99 1 85 64 80 3 4 69 62 13 11 54 61 98 58 49 66 71 49 11 83 58 93 62 8 8 73 44 66 81 57 72 74 70 7 20 94 12 95 25 86 20 17 3 0 34 42 89 95 93 99 62 28 1 70 77 11 11 47 39 93 64 35 18 94 66 81 22 14 22 68 97 97 37 26 84 1 41 0 54 70 59 77 45 60 83 75 40 57 11 7 
94 17 56 0 92 55 8 98 87 30 2 47 44 76 63 38 84 74 54 75 91 34 57 29 63 86 64 96 28 11 94 75 87 99 33 12 94 6 95 22 83 36 54 91 16 34 37 45 42 17 39 97 16 42 87 22 11 56 31 13 37 18 75 29 61 72 49 59 57 0 92 82 20 30 23 95 4 14 62 75 92 65 41 55 21 56 23 68 99 33 52 94 31 16 68 42 6 88 5 34 
1 92 54 33 68 99 98 83 3 38 34 83 0 12 90 65 24 30 69 31 26 88 16 39 54 64 41 61 42 32 67 28 62 42 6 64 29 99 4 28 73 99 47 77 49 82 74 46 63 27 85 63 24 79 53 26 87 92 33 97 21 35 38 79 4 62 36 34 58 10 87 23 99 69 87 59 69 7 84 0 53 16 61 10 22 46 25 61 48 12 2 76 6 10 90 36 35 82 63 49 
60 79 69 33 50 36 2 5 57 91 64 1 4 51 82 14 36 35 76 44 98 44 47 46 48 74 7 47 76 10 91 19 34 37 27 83 89 52 96 98 74 51 27 91 48 69 70 23 50 1 28 39 10 73 63 44 71 62 46 45 69 79 60 87 76 74 61 80 55 62 25 85 75 18 98 62 34 86 50 1 65 77 61 18 82 35 25 37 37 99 99 82 4 93 93 94 6 62 73 81 
62 22 37 82 5 86 38 32 57 17 53 75 63 95 6 69 51 77 67 31 51 84 74 3 1 15 48 94 78 46 43 61 25 93 4 75 44 57 69 32 85 88 86 32 4 20 2 15 94 66 49 37 67 73 63 15 90 97 78 6 27 67 2 81 23 8 54 64 5 68 26 91 17 62 35 21 7 72 40 93 77 13 74 56 73 65 53 36 7 89 51 68 76 32 92 37 25 80 91 2 
13 45 97 28 79 64 76 46 78 73 69 66 93 21 81 65 57 49 21 78 4 37 43 80 2 86 51 36 99 95 81 31 82 3 8 55 26 95 16 21 32 46 49 98 28 10 50 41 71 75 54 30 49 52 89 13 49 1 55 21 73 85 96 46 6 35 43 81 32 60 7 26 33 70 44 36 4 74 80 27 79 44 2 82 47 49 91 76 89 31 89 8 80 88 63 75 16 52 93 32 
42 48 89 4 60 15 44 36 47 70 6 44 93 30 1 58 58 53 31 11 86 0 46 91 81 6 58 72 0 81 11 45 9 9 26 61 65 93 63 48 53 9 80 54 46 24 95 9 77 40 59 8 45 82 44 93 38 95 17 26 76 9 39 89 52 6 0 93 65 63 76 77 15 37 33 43 79 76 41 99 29 99 68 44 59 41 14 59 66 13 30 6 3 44 6 5 99 7 98 19 
63 65 20 17 9 51 80 60 25 98 81 99 75 68 13 30 49 70 51 81 1 96 47 91 53 5 53 5 47 48 27 17 97 17 66 35 83 44 31 49 52 94 25 7 78 77 40 36 84 60 43 62 5 14 60 40 84 34 57 12 25 49 85 53 38 29 54 50 4 20 86 27 30 42 35 80 69 78 93 13 56 35 39 43 67 67 53 93 81 64 10 43 62 69 88 51 74 24 19 11 
64 32 81 21 71 90 85 63 2 11 32 73 52 85 45 67 26 98 40 99 20 4 67 51 92 74 6 36 42 32 17 67 56 3 77 86 61 88 17 17 88 32 21 37 94 0 66 24 45 20 92 52 28 37 77 31 88 56 65 86 51 76 65 24 83 40 59 59 80 19 74 56 46 80 87 66 88 23 76 79 68 91 41 50 18 1 25 81 8 88 0 69 24 28 36 97 69 93 35 29 
43 38 21 42 87 72 45 83 3 32 82 69 58 99 10 97 69 57 40 33 16 42 94 46 68 39 14 95 90 48 88 69 84 11 21 12 13 93 53 54 99 38 84 47 72 60 5 64 13 69 26 24 8 30 37 3 56 56 59 51 96 87 93 54 97 56 70 26 91 4 9 53 43 98 43 49 83 51 85 89 19 96 84 61 74 81 89 17 76 69 70 86 83 33 25 58 94 20 80 47 
52 29 48 21 34 24 75 13 29 72 55 59 34 93 69 36 7 54 84 89 81 41 25 69 99 72 47 83 99 44 52 76 13 86 39 22 26 52 85 20 54 55 38 97 47 10 69 41 41 23 33 83 50 39 15 96 76 11 70 41 44 29 90 29 15 58 53 62 43 70 12 49 33 79 77 77 50 0 29 9 79 73 15 73 63 99 57 62 32 66 99 63 6 59 94 15 46 37 26 11 
72 72 87 91 24 44 15 66 74 20 90 89 52 66 6 84 8 8 40 49 11 37 20 79 20 21 64 58 16 92 79 12 84 3 3 41 59 49 52 83 60 47 12 9 79 99 77 83 72 70 30 70 83 71 98 54 28 88 2 21 37 62 10 70 53 56 96 95 64 61 37 68 72 28 56 52 51 61 54 34 66 87 93 64 47 82 49 93 35 56 64 39 85 8 17 93 57 68 80 52 
