100
54 17 39 65 74 78 95 27 16 57 9 35 56 40 43 91 28 77 79 52 60 70 9 41 2 63 61 50 68 38 99 29 96 85 19 46 74 47 69 80 97 2 87 59 9 75 26 74 71 77 58 28 42 33 79 75 95 6 92 40 65 36 21 58 6 54 70 14 32 50 72 88 88 52 12 23 4 9 59 3 71 68 3 68 34 15 79 62 87 14 34 42 81 94 87 45 48 47 88 53 
8 81 61 90 78 8 40 19 49 30 79 35 2 54 56 54 21 10 94 50 1 41 63 38 44 21 45 47 15 0 72 10 5 94 29 36 49 78 41 80 80 72 8 45 26 76 98 85 6 64 6 70 66 66 62 74 58 10 93 0 30 18 74 8 75 50 76 6 74 94 70 18 59 56 26 17 65 36 37 66 83 98 74 35 40 87 21 24 1 3 50 7 69 20 84 74 4 87 33 96 
96 87 88 59 11 84 27 2 28 78 57 96 82 33 94 70 80 85 56 20 85 8 17 73 24 61 22 41 76 86 31 9 5 21 59 47 84 2 68 39 92 77 6 2 20 19 3 82 40 15 39 30 46 3 27 23 75 6 96 61 67 23 8 66 38 33 48 66 52 51 82 0 89 13 9 64 84 54 55 87 49 90 32 1 15 99 77 10 52 12 2 82 49 98 17 6 67 22 99 2 
22 22 37 82 59 6 77 67 35 12 26 53 38 36 32 70 9 8 73 28 51 29 22 5 94 20 62 78 1 8 99 6 26 79 15 52 7 35 60 11 7 35 96 80 51 40 80 96 18 31 92 37 38 82 67 40 73 22 15 20 86 41 55 45 23 91 42 12 77 91 8 7 36 81 37 56 92 10 49 46 91 41 73 48 46 53 91 10 11 66 36 96 16 51 12 56 1 58 91 89 
12 3 43 52 93 57 41 73 15 39 9 47 39 69 15 0 90 35 15 67 83 36 46 63 56 90 52 27 35 35 16 71 35 89 86 74 11 48 53 75 32 28 25 51 5 48 74 42 58 66 57 53 1 93 72 41 88 33 42 77 91 56 87 15 92 38 39 24 44 14 4 9 1 4 62 70 44 60 48 49 1 83 82 4 18 54 37 48 52 78 92 92 66 34 25 54 87 25 65 13 
53 38 94 44 99 30 68 29 17 32 38 96 0 92 63 4 97 33 75 67 80 37 18 93 90 90 78 60 69 84 50 11 18 5 73 76 65 40 65 41 3 24 14 49 15 53 60 67 94 69 95 75 17 28 8 21 55 0 58 72 71 62 42 3 34 74 24 87 77 68 58 51 99 9 43 72 60 59 78 10 4 90 21 14 76 90 22 39 67 12 27 26 26 55 20 58 8 99 33 81 
99 20 67 77 48 24 63 4 80 53 29 81 7 31 58 15 1 24 52 84 33 16 82 91 49 94 74 47 90 28 79 81 96 72 68 35 8 42 97 66 24 44 73 80 85 96 9 19 19 72 77 67 8 14 88 74 96 46 63 33 99 72 23 24 40 70 78 55 89 46 35 76 78 10 79 93 42 77 78 68 85 36 17 6 93 63 22 4 42 40 2 70 48 54 2 40 86 23 83 99 
61 77 97 84 58 15 86 34 37 81 23 66 87 3 97 54 5 47 96 82 38 41 11 49 3 4 4 93 77 78 66 92 98 57 1 83 31 2 86 10 42 85 60 70 49 57 60 86 95 61 26 3 41 59 96 81 25 88 97 99 94 31 89 69 72 81 14 24 13 33 28 74 13 28 9 45 25 21 17 56 98 67 55 19 43 58 26 96 16 54 51 33 52 39 88 54 29 4 52 57 
75 13 36 28 35 45 71 56 62 48 63 79 24 61 10 51 79 50 84 69 51 26 95 8 45 75 4 14 7 51 21 11 98 92 15 68 32 66 6 36 41 71 0 69 41 38 67 41 9 85 43 67 66 60 38 11 21 41 69 28 41 54 80 5 90 70 17 67 66 14 23 56 76 36 88 71 66 65 11 43 94 37 47 74 7 14 26 40 44 14 39 68 42 0 18 41 11 54 83 70 
8 2 44 32 3 58 82 63 74 73 92 16 54 88 22 38 72 77 86 16 10 24 15 40 43 57 38 83 63 60 87 1 21 9 18 34 27 43 40 98 91 49 30 37 78 89 79 98 20 55 68 65 43 94 64 26 36 27 6 99 39 53 85 4 26 70 94 19 91 25 33 43 84 80 16 72 51 44 2 99 63 63 72 4 59 29 37 18 96 4 44 4 16 21 51 36 15 50 49 53 
32 55 23 29 15 12 97 33 34 45 13 99 39 57 49 61 43 60 26 18 27 84 81 10 31 98 39 96 66 2 53 97 19 89 93 83 69 78 38 7 54 87 73 9 92 55 32 63 67 89 16 8 70 49 10 30 48 90 60 54 19 4 67 44 87 80 21 44 3 71 1 16 84 50 26 68 5 75 74 47 62 10 89 88 21 76 43 9 20 74 81 6 37 30 11 80 96 29 31 88 
98 76 79 40 11 14 56 87 25 52 17 2 42 65 80 23 4 84 52 93 61 31 38 16 64 77 88 40 17 24 89 9 91 97 56 62 38 17 66 66 41 53 10 76 47 26 84 18 99 26 92 17 39 92 86 32 46 94 0 3 38 70 41 21 34 64 69 50 26 72 59 48 83 74 93 13 8 59 2 82 31 52 53 87 94 64 27 85 15 38 86 35 47 34 67 95 91 50 29 99 
22 13 13 89 63 96 19 40 40 68 75 17 84 72 87 85 30 22 70 55 68 51 13 89 73 43 79 45 83 99 36 95 38 41 78 18 31 27 50 4 55 46 11 53 19 19 62 70 62 17 69 68 88 12 24 83 16 21 46 79 92 71 72 19 98 10 83 55 83 81 99 2 4 82 74 61 6 13 53 91 75 31 48 93 4 8 27 26 66 13 34 77 69 90 14 94 58 66 46 76 
85 55 37 15 59 7 33 10 76 24 57 29 54 17 73 74 79 3 8 86 52 55 78 49 22 16 80 75 71 97 89 58 75 24 76 26 35 26 24 93 50 27 82 81 53 72 51 57 36 33 54 0 46 94 50 37 82 7 89 7 53 70 39 9 63 43 77 25 98 45 81 88 84 98 3 65 60 9 64 66 79 7 77 49 31 72 6 55 86 16 50 90 84 31 32 75 28 9 34 27 
80 77 52 33 60 32 28 19 46 85 98 44 56 81 85 62 91 80 51 96 49 44 38 44 32 32 97 64 98 26 54 7 24 6 6 84 0 24 61 60 44 61 98 79 70 14 4 58 26 35 9 13 67 11 55 17 27 46 33 78 5 48 85 6 61 76 23 82 14 74 8 41 2 72 12 13 12 99 79 72 41 45 50 82 93 12 66 66 27 13 67 95 18 86 91 14 12 44 19 52 
47 3 93 40 18 18 4 10 82 36 45 5 97 39 39 88 91 91 14 22 74 93 48 32 2 55 45 36 91 79 44 68 23 0 67 8 52 45 59 87 15 54 23 87 38 78 84 85 36 40 41 75 9 11 74 64 3 43 80 31 95 96 45 3 30 98 99 7 4 93 33 61 94 81 42 72 33 13 2 93 78 88 6 61 54 96 63 14 31 75 40 88 68 99 57 69 96 12 42 17 
20 75 15 28 88 22 63 41 39 51 57 33 86 34 75 57 98 16 79 80 50 26 80 74 14 81 15 91 87 99 90 39 69 51 7 16 98 3 21 8 46 46 14 41 53 57 85 77 8 65 91 50 19 40 52 99 17 39 77 7 89 28 23 32 94 61 18 69 61 96 86 20 39 58 91 68 93 80 98 24 12 49 72 72 75 53 6 45 49 65 88 83 68 73 6 3 22 64 13 92 
75 51 64 71 21 86 63 22 3 46 45 7 18 4 13 42 42 25 84 47 71 14 56 66 38 24 57 48 54 75 99 30 52 54 55 82 91 16 94 44 7 9 56 69 76 12 80 55 50 37 44 0 12 71 27 59 49 59 30 82 57 3 54 62 63 78 75 20 81 34 99 69 90 89 97 31 32 47 56 86 53 13 13 37 78 30 26 51 27 56 92 25 65 62 81 28 45 66 15 8 
4 66 32 82 64 99 52 36 34 54 5 44 27 16 51 25 75 10 54 7 28 41 87 56 98 30 58 63 90 74 97 41 62 34 65 13 18 30 99 56 10 26 44 77 99 70 89 93 39 24 11 57 58 73 67 60 8 15 27 82 73 21 72 38 50 26 4 80 99 66 29 69 32 40 98 54 32 79 30 16 76 64 42 13 97 8 8 97 31 29 73 21 68 32 94 8 25 78 44 24 
97 80 75 85 31 79 57 81 34 4 28 79 31 72 18 65 20 62 0 99 43 60 23 59 77 18 63 39 78 78 25 25 70 71 67 30 3 7 6 31 61 28 47 60 39 2 1 44 84 92 7 5 53 90 76 39 58 62 68 45 63 86 94 77 82 50 37 26 51 9 63 49 23 42 16 27 74 87 17 92 96 84 23 69 80 55 59 15 60 32 69 29 7 20 86 84 48 22 18 48 
47 39 3 15 69 28 13 3 71 76 45 84 93 33 0 94 44 95 9 35 86 17 7 16 16 60 83 44 19 92 40 45 34 76 6 91 48 4 81 99 43 75 25 0 5 1 2 10 2 28 7 47 48 57 56 66 29 99 95 63 66 23 8 72 55 74 77 21 72 80 98 60 15 82 9 54 15 91 0 32 3 17 37 9 83 62 91 87 18 28 15 86 23 24 5 3 35 25 73 57 
39 66 49 69 13 28 66 98 5 45 67 24 23 51 54 26 74 64 34 50 28 63 97 33 10 17 59 40 32 70 86 49 71 46 8 52 35 6 43 82 16 92 40 96 2 27 68 35 46 69 13 28 1 3 85 98 63 98 36 64 5 60 24 50 99 77 4 58 36 99 66 57 72 68 91 29 7 74 58 55 42 73 4 65 49 4 47 37 61 41 68 94 84 32 18 27 13 70 44 44 
52 63 43 14 4 28 93 96 43 85 58 3 84 67 7 10 16 78 10 11 67 43 55 82 16 87 49 8 60 1 79 6 45 77 53 47 75 52 69 93 83 99 27 74 48 6 16 97 15 54 69 78 64 5 6 27 23 94 1 23 53 41 30 74 85 91 99 16 67 49 64 47 55 17 72 32 94 54 59 13 96 96 61 15 87 6 24 36 99 5 15 56 38 16 66 89 4 70 15 18 
6 12 29 6 99 2 70 81 95 35 95 43 97 42 65 36 43 25 46 42 3 51 96 3 41 12 74 30 89 24 9 63 13 61 80 8 4 85 6 97 6 97 41 55 57 29 10 6 56 41 52 25 0 69 9 59 99 11 57 24 83 65 42 89 69 6 12 3 32 66 52 59 7 58 39 83 18 17 87 75 43 61 28 22 44 59 8 27 1 0 89 53 8 35 13 18 41 16 8 52 
34 92 10 81 94 30 99 89 77 9 20 95 77 26 28 21 72 47 26 69 59 52 82 97 79 56 84 38 5 75 2 94 46 15 4 32 92 9 52 33 70 9 32 96 38 71 13 80 51 43 33 21 18 87 24 77 89 55 79 84 5 54 81 32 73 23 36 63 46 85 21 69 52 97 85 65 5 73 70 28 58 1 98 68 50 51 15 4 20 85 74 10 92 20 17 52 72 93 23 8 
69 32 53 99 52 97 7 34 6 76 81 9 52 5 86 36 59 58 39 86 1 70 19 81 52 66 82 53 97 30 56 4 4 32 89 84 79 74 68 96 62 58 84 20 35 7 29 55 43 11 27 71 89 49 20 50 96 1 78 14 57 83 71 66 72 72 0 22 69 90 10 51 1 10 1 7 39 79 8 98 8 80 31 58 11 61 43 93 68 57 58 51 17 47 55 41 28 16 53 32 
24 54 24 42 35 39 22 72 87 52 62 5 99 52 5 27 91 45 22 56 89 51 39 57 66 49 82 65 71 59 88 26 22 13 12 89 32 5 10 59 94 38 38 15 27 55 83 58 64 77 8 66 88 47 66 58 90 10 0 59 14 4 22 26 86 72 6 43 56 7 47 92 34 17 14 24 76 57 81 88 56 63 55 42 83 80 66 63 54 67 28 58 29 80 16 81 81 83 47 78 
19 11 35 43 22 65 82 79 75 29 92 56 52 23 26 1 60 28 68 7 13 85 39 41 3 16 6 31 80 3 58 42 43 43 66 54 24 6 89 63 37 21 10 26 72 14 87 68 2 56 42 39 73 42 38 58 77 31 40 61 48 20 87 55 5 98 72 26 75 71 77 11 49 82 39 73 85 61 93 8 43 1 30 63 13 25 26 48 24 43 31 6 19 75 51 61 58 97 0 83 
55 97 85 26 23 35 1 65 90 11 81 35 70 91 56 54 57 26 29 89 31 9 46 49 71 92 61 40 3 90 16 52 0 94 52 63 51 64 51 17 89 78 42 65 25 56 15 91 44 5 24 7 89 24 75 16 76 95 1 84 61 56 24 47 7 1 89 84 44 40 44 44 10 63 47 46 37 15 76 44 7 12 68 15 43 98 41 52 58 11 87 12 18 48 34 67 14 6 99 47 
21 63 20 12 0 39 85 87 26 8 32 97 27 53 3 33 85 60 55 25 75 97 93 60 7 31 31 93 8 29 31 82 11 17 30 5 30 75 14 59 12 89 13 65 27 19 66 62 82 82 68 55 28 96 73 58 92 72 36 38 6 50 87 28 50 51 38 43 83 55 22 75 63 94 0 3 62 55 40 99 24 70 62 80 71 52 9 11 0 73 91 11 83 53 74 73 1 28 55 9 
29 71 97 49 51 48 46 90 31 53 42 68 77 54 74 20 75 34 67 50 99 23 91 67 93 91 60 58 97 26 28 56 58 63 24 43 54 6 65 22 20 63 0 43 72 36 62 24 3 26 53 83 77 96 60 26 51 55 67 64 26 64 44 91 32 66 20 10 26 13 27 36 82 19 87 15 78 92 62 78 23 79 22 0 35 30 44 68 35 28 3 62 85 68 84 62 44 47 59 53 
37 95 38 83 81 89 89 88 56 90 21 1 5 54 42 64 84 71 41 34 83 86 14 92 26 1 31 77 80 33 17 99 56 46 9 6 13 58 9 60 38 89 2 95 53 69 36 50 73 73 83 0 47 75 8 0 77 1 60 51 54 77 66 81 44 68 1 38 85 37 27 81 3 55 64 21 40 25 56 27 25 8 21 34 71 99 17 22 57 59 9 17 37 81 28 45 19 99 59 33 
97 49 99 27 14 91 27 89 42 8 64 98 8 20 65 36 76 3 15 4 8 75 31 49 72 2 6 12 62 9 46 42 71 49 95 74 55 39 3 28 12 77 25 20 94 45 24 59 96 88 44 40 21 94 85 75 73 50 44 40 5 76 25 7 98 19 17 46 42 95 40 69 92 18 23 28 47 92 85 65 22 14 93 35 88 35 26 16 68 55 51 44 90 49 22 15 99 7 7 68 
92 84 0 44 82 95 61 17 90 55 16 51 70 28 93 57 14 79 90 23 34 93 18 64 36 14 71 71 74 47 8 22 11 84 81 9 91 97 74 66 4 41 33 34 63 11 7 75 23 74 90 69 42 30 86 66 46 89 82 7 60 61 3 23 95 83 4 99 77 73 87 50 6 80 72 15 86 20 91 24 22 86 93 21 61 76 99 57 37 62 86 74 31 24 29 13 58 92 63 74 
21 97 31 45 38 36 69 99 96 40 24 2 75 76 41 70 84 43 43 65 90 10 89 87 8 73 79 92 33 48 34 58 63 19 94 18 69 53 35 29 1 98 98 85 17 83 24 20 86 43 86 48 61 68 77 18 63 55 23 95 76 5 94 33 68 26 51 37 12 37 42 1 67 7 28 92 76 58 49 73 50 90 53 81 10 97 5 58 89 71 50 51 15 38 67 19 19 69 15 10 
55 45 68 79 18 98 81 89 2 34 2 17 17 58 40 68 73 14 99 71 5 15 1 75 23 95 35 14 27 91 56 93 6 49 96 34 15 49 69 22 58 32 99 97 0 38 37 72 29 17 50 35 92 21 52 5 9 3 70 79 7 34 43 68 19 97 53 2 85 42 52 66 67 25 10 59 24 42 12 67 97 98 61 64 39 48 26 0 98 27 44 89 34 11 20 37 58 35 97 97 
25 87 84 60 37 67 69 66 6 40 64 41 98 27 71 88 69 53 24 41 67 81 55 8 14 64 93 65 23 39 79 43 15 77 72 28 78 42 51 29 77 90 43 71 77 42 54 93 43 90 55 70 46 7 11 93 82 60 47 58 79 11 18 68 35 14 56 37 40 32 66 66 8 45 82 26 40 65 98 52 57 44 49 65 3 82 30 72 52 89 10 97 98 97 38 77 4 57 71 49 
76 6 48 29 13 97 45 6 85 19 82 5 4 35 53 91 78 2 29 80 5 34 84 73 9 62 87 96 58 23 13 79 78 97 24 98 86 93 62 13 27 1 88 75 93 55 56 55 1 48 82 81 72 59 87 36 50 91 97 60 50 44 46 18 9 17 92 35 70 17 50 60 3 19 63 46 33 71 91 72 56 21 56 18 60 78 80 6 21 66 4 72 14 90 79 29 12 70 44 74 
34 71 37 57 54 63 78 89 46 54 58 56 30 39 59 19 70 22 3 44 48 62 35 60 96 34 62 73 96 83 88 98 80 61 0 89 89 94 53 78 92 52 68 73 86 73 64 67 87 95 63 41 39 20 28 38 17 83 13 39 23 56 29 82 26 32 94 13 93 19 64 86 53 49 12 54 94 45 62 5 58 78 36 47 33 20 56 3 13 67 2 56 17 56 70 14 91 57 29 78 
97 61 37 54 72 69 19 83 6 96 97 15 71 74 49 85 65 9 56 4 20 29 22 90 70 68 84 46 43 78 63 44 46 78 74 3 49 27 84 16 39 43 63 62 19 76 31 68 87 77 90 11 82 64 91 76 79 14 12 85 85 36 89 82 31 89 19 9 32 37 68 74 1 84 70 87 49 65 60 72 30 55 55 72 80 69 95 48 68 26 27 29 18 15 8 60 18 74 63 30 
69 75 16 42 79 60 1 6 47 17 36 30 3 12 78 18 83 57 91 75 57 67 32 11 91 76 63 2 15 94 58 57 14 96 9 93 9 33 25 72 0 91 99 97 11 38 36 92 59 96 24 36 43 97 58 26 30 44 49 67 78 72 4 95 25 26 30 89 58 59 6 88 31 94 15 24 23 44 40 46 6 32 54 36 52 37 45 34 69 81 95 11 19 4 74 60 66 95 17 51 
76 83 65 82 23 34 18 85 93 80 35 90 90 66 75 66 17 1 23 61 89 7 57 50 51 85 52 81 51 84 62 41 96 30 5 55 8 52 17 51 16 56 68 15 63 2 83 3 36 59 17 23 53 71 0 48 33 48 77 74 35 97 33 45 71 65 6 17 95 97 10 14 94 6 62 46 47 76 87 44 98 91 80 50 60 24 66 80 85 59 94 3 50 18 90 92 74 88 30 74 
51 92 78 76 6 14 90 57 29 73 55 70 45 89 32 2 87 0 56 26 83 79 21 8 81 71 6 80 71 59 84 58 13 66 46 57 98 25 18 76 80 98 92 86 47 78 98 71 59 38 56 4 25 72 86 26 28 99 25 33 1 37 69 73 38 78 77 3 64 32 75 62 43 6 63 84 4 11 8 60 4 52 48 91 2 46 67 71 10 28 18 76 89 79 5 86 47 38 86 57 
81 36 22 4 63 96 22 81 57 24 3 79 77 26 3 97 75 22 22 3 94 55 0 82 34 27 88 17 5 25 5 28 28 93 36 20 69 73 61 2 61 50 33 12 25 38 51 20 92 68 56 72 59 6 9 38 96 24 49 65 61 18 17 48 81 71 55 69 45 76 8 24 89 89 15 88 0 41 52 28 42 45 90 27 7 66 46 21 17 77 62 77 74 81 47 97 15 76 31 7 
97 59 66 3 71 18 20 66 28 83 78 87 68 25 53 69 43 2 27 31 64 75 32 23 67 29 22 93 89 54 1 7 22 12 97 80 60 26 52 22 2 60 14 31 39 59 84 92 40 44 39 47 97 64 63 67 55 26 60 72 88 34 6 32 33 76 2 4 6 36 76 97 13 35 39 63 74 69 16 94 11 55 53 65 78 0 77 95 92 0 76 14 44 62 3 45 15 17 96 69 
74 25 79 49 54 97 58 41 2 93 51 69 16 15 90 7 37 41 29 36 98 32 66 6 91 26 61 94 3 37 88 36 78 93 66 85 55 7 98 19 52 83 29 44 22 67 2 67 87 79 75 46 56 52 9 72 94 7 47 49 85 39 95 90 51 80 96 48 47 97 78 43 66 2 55 51 5 40 99 51 4 25 84 61 64 14 53 48 89 66 20 56 26 63 15 87 19 4 14 40 
26 69 3 52 45 62 25 75 55 3 95 46 70 80 21 89 73 94 88 83 64 18 53 72 57 21 57 90 86 70 40 87 77 50 45 8 58 50 15 12 24 90 76 68 70 38 2 17 84 29 11 22 30 5 59 90 96 72 79 52 14 79 41 42 91 53 65 56 12 77 81 71 24 34 98 82 28 49 82 88 71 38 46 18 61 18 51 31 6 22 30 96 10 60 52 41 41 92 34 13 
28 67 59 12 18 15 37 8 42 44 3 55 46 38 70 13 95 30 5 18 27 87 13 72 0 77 90 16 34 43 11 68 9 80 10 73 73 0 61 95 5 40 23 59 22 1 17 63 23 45 68 29 29 77 48 42 67 49 92 4 72 30 37 66 17 67 67 68 47 79 46 54 54 77 80 37 97 49 68 30 6 62 6 70 56 97 23 99 31 43 20 71 48 31 18 27 84 59 30 24 
41 3 76 12 31 54 0 93 72 1 14 82 58 35 64 85 44 60 87 58 41 17 10 21 4 5 80 85 16 73 77 74 14 96 11 13 99 2 69 16 99 57 12 0 54 87 75 95 71 85 74 14 9 64 59 9 9 71 34 73 12 85 70 88 85 64 33 16 23 29 2 10 16 52 95 59 58 31 67 23 80 99 9 35 71 77 49 55 54 0 51 49 17 23 93 24 16 48 27 74 
31 9 68 95 49 77 52 79 28 19 81 42 27 66 60 81 1 36 28 61 88 9 63 61 84 17 91 46 20 24 34 43 94 64 60 86 51 43 81 69 97 70 4 49 45 5 67 62 52 1 80 8 25 82 53 20 25 30 56 22 23 97 50 54 56 85 47 23 43 6 98 58 14 88 60 35 76 13 18 29 18 20 7 77 49 77 8 52 7 62 38 65 70 30 98 19 93 99 55 80 
97 36 94 51 88 26 32 35 51 12 2 60 15 24 97 49 4 22 67 76 11 59 31 41 27 96 66 85 67 42 73 67 62 18 18 66 66 34 12 77 68 44 84 37 41 23 39 99 93 27 49 60 3 85 79 75 38 54 46 7 43 55 80 43 44 18 24 36 96 80 13 95 18 78 73 68 89 6 31 66 66 34 82 85 17 50 41 32 99 28 7 61 39 49 31 84 10 22 53 85 
57 3 56 13 76 91 72 33 84 9 44 59 31 46 46 56 84 0 74 91 5 32 22 87 85 54 72 21 74 30 81 66 80 74 13 12 91 93 74 77 90 23 84 82 61 19 15 13 39 66 3 74 9 70 15 69 44 87 90 32 95 85 8 14 96 77 51 71 17 42 95 87 47 90 2 56 63 95 44 82 82 30 75 9 99 45 16 79 30 64 97 76 72 90 87 5 68 66 0 85 
86 86 25 91 27 6 44 38 20 21 48 76 56 10 67 55 7 63 2 25 6 42 25 77 47 10 30 40 74 89 52 9 57 53 15 65 67 67 7 74 50 25 21 71 66 67 20 59 75 33 14 56 26 29 0 22 9 2 70 97 80 67 19 95 34 36 49 7 75 68 15 54 34 38 53 14 14 94 70 20 61 25 29 12 43 6 14 17 88 88 50 86 46 57 91 50 87 89 44 97 
63 12 69 5 58 21 33 13 99 7 66 92 19 4 91 4 44 12 83 44 55 49 41 38 0 40 17 80 68 48 42 85 5 20 53 84 47 44 96 20 64 60 7 19 70 37 25 32 28 49 57 94 94 84 9 47 37 35 80 3 14 69 21 97 88 15 19 86 24 71 37 20 56 58 95 44 50 33 57 60 19 72 83 72 26 91 17 10 23 67 39 93 85 7 57 45 29 10 22 43 
43 82 17 13 30 34 34 37 57 57 23 64 64 83 4 2 64 83 75 43 28 66 94 12 89 13 51 19 45 46 0 38 55 61 27 84 20 43 29 5 30 50 27 55 96 25 70 53 8 39 36 75 31 51 99 46 31 87 14 32 63 25 51 3 60 33 97 13 21 1 41 87 89 78 64 68 18 15 82 18 43 79 20 86 6 60 67 64 91 48 44 53 28 70 18 86 82 77 8 39 
43 17 79 33 51 99 32 79 16 60 39 88 50 4 13 70 23 38 23 69 70 88 94 32 11 55 94 29 23 32 45 96 24 4 83 59 80 40 81 93 53 1 83 28 19 41 90 30 26 24 85 22 45 17 65 32 58 39 82 84 22 84 4 11 78 74 47 60 99 26 63 12 88 78 19 90 6 78 5 87 53 46 27 92 33 0 65 27 67 49 59 12 60 14 70 92 48 69 1 9 
78 58 24 28 43 98 26 52 69 53 49 40 91 30 82 37 70 90 71 44 90 62 21 33 43 98 70 76 95 69 76 80 75 91 42 88 35 67 28 45 47 65 21 68 61 0 70 90 87 75 46 60 26 99 62 71 19 45 69 16 40 46 66 93 94 69 65 68 66 95 16 47 1 1 61 51 42 42 34 57 2 85 57 73 88 19 60 50 88 69 43 36 91 44 86 20 15 46 10 16 
55 5 38 40 98 71 11 80 6 91 85 33 25 62 88 68 64 21 89 89 37 30 22 3 84 81 7 61 93 60 56 12 7 39 53 85 26 84 80 63 90 95 3 60 11 61 53 97 82 22 72 17 89 89 91 13 86 68 41 56 72 94 54 48 23 56 35 22 70 21 83 54 56 30 58 2 9 80 44 85 55 25 59 46 67 54 93 65 8 77 82 5 48 66 5 77 69 78 84 48 
18 66 19 39 57 17 43 43 61 1 81 53 29 99 33 73 11 8 14 53 28 51 33 80 46 59 64 20 75 64 53 78 38 23 33 98 82 76 1 75 56 66 54 75 79 6 7 54 7 66 87 20 6 25 43 33 5 9 52 68 71 41 41 83 25 2 45 29 66 81 23 9 5 18 62 94 34 66 9 52 52 68 3 46 54 44 81 52 46 13 87 99 83 70 95 0 4 55 22 60 
96 95 36 9 4 2 84 70 26 55 96 40 98 93 52 93 4 32 23 96 98 98 0 85 21 33 80 42 30 21 16 98 47 90 46 19 58 56 34 6 64 22 97 85 2 79 13 80 7 8 5 74 1 42 5 25 65 64 85 62 10 76 42 92 24 86 56 66 43 82 77 89 97 74 7 10 53 92 84 36 92 65 5 48 9 51 91 40 48 10 27 54 37 94 94 8 45 31 53 75 
4 19 85 36 91 94 20 25 39 57 99 33 95 63 27 93 70 19 42 58 65 13 97 52 35 79 60 77 84 14 33 36 41 35 20 75 38 4 77 63 91 12 10 23 78 0 19 60 77 77 43 20 35 31 91 27 43 88 74 5 25 11 53 47 77 63 70 38 90 15 44 18 86 66 69 26 58 83 18 77 97 92 76 5 45 89 11 32 9 0 42 60 38 65 65 80 89 45 68 45 
85 86 64 47 94 86 8 98 20 48 82 9 80 94 17 64 17 52 33 26 83 4 72 22 76 16 73 65 75 98 24 75 71 81 84 57 97 77 20 82 64 5 53 15 12 40 38 31 38 65 82 16 90 24 2 11 4 13 44 64 43 40 66 8 52 80 80 64 84 93 89 94 37 96 56 63 44 41 98 87 98 31 99 84 59 47 38 43 23 15 51 2 64 95 95 67 64 82 5 60 
70 88 7 91 92 65 27 91 55 81 76 50 24 91 14 68 87 54 34 9 46 72 99 33 61 29 40 26 14 83 71 74 53 18 61 13 90 80 85 94 9 52 95 0 97 41 74 59 79 68 47 85 43 37 39 25 90 33 96 23 48 32 44 6 15 84 70 79 7 68 86 56 7 92 74 43 61 71 32 72 10 43 45 22 32 0 82 12 48 23 21 0 27 29 57 82 58 91 16 60 
68 15 80 24 97 79 31 99 69 72 21 29 90 62 37 51 78 33 32 38 10 7 23 14 53 34 43 3 69 90 6 20 57 91 2 57 76 4 47 22 23 7 33 67 34 10 95 40 86 70 73 94 52 78 86 72 91 73 42 92 57 99 55 39 67 34 31 0 84 17 41 10 99 33 57 54 17 80 80 4 59 6 38 26 0 88 67 54 9 56 21 72 55 59 89 64 32 29 51 1 
69 42 72 39 41 81 51 28 5 50 9 90 35 30 35 32 56 26 88 75 62 34 79 68 90 59 24 87 35 89 16 78 28 16 76 95 9 75 96 5 22 38 97 52 82 78 85 30 63 33 27 22 56 53 45 52 1 34 79 96 87 37 35 61 34 4 75 59 31 93 43 30 3 66 73 22 1 55 52 85 17 40 32 75 14 29 45 74 87 48 52 30 40 85 53 32 59 94 11 13 
97 52 62 38 79 64 52 27 22 83 32 89 19 80 12 49 59 93 5 84 5 22 22 80 3 76 67 35 81 74 55 6 77 68 98 29 22 6 25 63 0 70 67 72 0 23 23 65 35 10 97 76 63 9 51 37 28 60 78 57 43 32 62 62 81 86 96 39 98 94 97 11 62 8 81 89 88 31 22 51 0 61 52 28 55 1 95 7 33 91 99 24 61 80 56 25 27 49 72 42 
94 85 67 49 54 49 99 41 44 54 30 26 5 27 0 37 0 54 90 23 71 43 86 95 28 40 39 97 89 26 11 70 71 27 74 27 24 22 74 19 86 92 8 90 40 61 54 80 15 32 89 89 89 62 36 0 48 67 25 0 74 54 77 50 87 14 8 93 67 22 59 97 71 17 1 21 29 2 75 71 32 39 4 86 72 27 61 23 33 33 71 49 21 62 5 63 18 40 15 61 
93 63 78 34 74 73 34 35 14 11 67 11 57 95 6 66 38 99 80 45 8 75 90 65 73 63 9 15 69 63 71 46 97 79 68 83 31 60 18 38 28 92 31 98 4 27 74 11 14 51 47 1 43 10 21 69 72 84 37 58 78 28 3 63 90 4 74 49 74 36 8 56 98 53 45 79 96 17 91 23 49 39 76 32 86 51 37 17 10 91 60 33 21 55 91 21 66 21 98 97 
67 10 29 28 83 33 66 23 88 73 77 76 62 63 95 84 53 61 72 16 54 19 57 12 40 83 38 99 43 34 36 64 84 11 60 82 60 7 75 29 77 19 59 75 25 96 35 50 26 23 15 19 43 0 62 46 85 19 2 78 9 88 76 5 20 80 4 83 50 91 18 7 80 8 37 49 53 12 84 48 42 34 70 81 28 82 37 26 33 57 87 35 40 74 3 26 52 18 27 36 
90 96 93 90 57 32 97 22 86 11 79 81 98 80 25 17 52 33 26 0 29 71 40 10 10 27 87 36 23 25 36 27 98 68 89 80 41 67 19 37 16 98 6 93 22 4 29 32 76 75 80 73 14 28 56 46 52 49 97 99 74 92 42 9 22 3 8 7 17 43 20 20 1 44 11 0 30 79 17 71 21 69 61 97 31 57 19 27 48 20 91 88 57 1 99 49 75 34 29 63 
25 28 96 99 39 34 3 54 90 49 56 24 91 72 45 52 93 37 3 93 38 1 27 46 86 40 63 97 18 63 19 77 52 69 74 19 44 97 18 60 79 10 85 35 46 65 84 42 27 95 76 27 8 80 26 16 3 60 97 0 47 16 14 14 45 28 92 85 68 48 24 63 13 58 86 77 96 3 88 4 67 44 49 81 33 64 99 81 34 36 61 10 30 31 49 56 72 59 62 62 
39 91 27 99 96 14 30 75 38 11 36 71 70 30 93 77 47 93 13 21 69 48 85 23 44 46 71 91 97 58 79 39 52 68 73 8 64 6 58 32 36 96 57 71 58 6 14 8 99 49 5 61 68 96 91 33 41 74 77 26 22 11 61 86 54 51 4 21 87 23 7 44 98 48 60 83 21 20 51 62 49 77 49 36 13 58 31 39 74 59 33 21 93 78 38 53 29 18 42 37 
23 10 42 34 90 9 31 16 87 40 49 48 82 11 88 9 28 12 33 25 46 22 47 23 55 44 83 60 27 13 1 50 13 62 75 85 86 16 0 88 49 27 57 90 86 28 26 45 27 28 55 14 53 88 94 58 88 4 9 66 98 73 81 15 14 7 32 98 41 7 51 46 1 95 51 93 23 85 70 18 83 59 75 6 99 67 15 76 13 98 68 38 57 69 16 16 25 21 96 19 
79 90 39 33 86 42 27 6 8 52 7 42 98 80 31 73 22 55 39 71 34 25 6 48 14 8 59 93 86 91 67 80 65 33 15 66 90 96 6 10 31 48 18 74 70 70 13 42 68 74 40 61 52 29 77 78 6 74 89 53 78 37 93 98 67 12 41 48 2 1 99 43 28 76 46 36 38 4 89 41 71 6 0 22 43 67 43 5 14 95 8 77 9 75 24 52 82 32 20 17 
38 6 27 43 98 92 19 84 37 31 51 42 30 84 76 66 50 89 21 11 27 28 88 10 75 86 94 98 83 30 82 2 23 38 14 15 54 31 24 70 96 67 51 28 35 33 79 32 20 6 50 9 73 61 73 36 74 39 9 35 78 75 58 48 51 19 47 40 34 9 11 4 30 87 24 70 37 9 36 59 76 37 92 19 92 8 85 4 32 42 27 97 38 88 95 48 63 30 67 51 
43 77 31 82 15 28 30 30 94 34 90 33 40 15 67 99 60 42 50 90 16 82 79 84 28 47 70 30 19 85 0 72 98 22 58 11 27 73 3 83 3 91 15 95 82 7 36 29 15 77 18 71 73 98 64 32 18 32 30 84 31 97 64 93 50 81 78 25 31 3 58 91 45 21 28 2 29 7 62 67 2 89 84 26 26 3 22 85 37 78 53 72 16 35 65 85 1 28 67 12 
15 32 8 1 18 24 17 13 28 3 92 94 12 34 32 1 37 60 85 18 76 40 50 57 72 79 58 32 5 3 56 82 98 49 63 51 27 8 93 81 74 4 51 50 90 26 22 93 96 94 8 67 60 97 5 67 68 57 70 99 4 64 76 43 58 64 46 97 4 42 97 58 77 33 24 53 2 76 62 82 36 42 56 90 82 44 42 16 62 7 1 3 30 46 88 54 67 59 39 0 
39 36 51 0 6 6 59 1 44 19 25 32 52 37 6 56 7 42 31 93 3 92 97 58 53 2 36 59 7 24 61 83 76 57 95 17 71 44 8 76 4 8 30 78 65 48 84 28 50 93 47 18 1 64 88 90 3 15 53 99 94 79 14 84 95 7 80 39 65 68 30 48 32 56 11 2 57 53 84 92 98 37 88 0 47 61 55 58 30 95 0 98 58 66 52 94 93 8 23 90 
38 6 8 1 19 48 51 43 30 29 45 68 91 15 38 60 12 85 4 59 58 42 28 89 16 97 10 43 79 15 83 19 94 97 0 84 44 25 83 30 45 5 15 72 52 91 0 66 42 76 17 68 84 74 14 32 26 24 27 13 1 5 48 27 59 68 61 48 38 90 39 9 58 90 76 8 67 80 54 51 54 31 88 76 89 55 83 39 75 57 59 65 52 73 13 84 22 56 8 2 
76 98 62 51 16 31 17 1 74 62 57 79 73 16 98 87 7 17 83 89 34 99 53 12 55 53 73 7 84 47 76 64 46 54 17 35 37 55 22 41 87 34 84 2 8 19 0 50 7 34 66 27 84 45 32 66 5 29 93 15 41 4 47 17 7 39 22 9 96 19 70 78 14 27 87 87 14 47 9 50 85 26 72 16 15 18 56 94 69 0 45 0 63 97 32 55 68 90 82 94 
91 43 85 55 25 38 40 65 24 41 46 79 43 83 43 21 87 93 5 88 64 35 20 28 2 92 44 47 83 70 3 81 73 97 75 3 27 31 60 56 3 11 18 60 94 59 51 52 85 27 13 22 60 61 8 43 71 74 86 83 42 57 81 84 60 9 30 43 97 34 99 39 72 44 88 63 71 55 8 27 8 64 18 63 39 51 23 66 1 55 91 21 18 91 29 82 53 56 10 39 
1 99 46 66 96 40 93 41 52 86 46 12 98 68 73 14 81 93 53 34 66 9 77 30 14 44 48 54 51 53 63 44 90 11 53 18 77 49 25 61 49 18 63 11 43 82 5 60 24 47 65 45 51 71 34 71 64 72 73 60 40 16 60 73 81 72 90 47 91 16 96 93 69 36 16 74 86 58 97 97 77 71 26 64 19 91 63 15 5 16 34 86 60 10 64 96 5 23 30 65 
21 95 95 40 54 92 72 67 62 71 10 6 72 17 82 12 21 61 75 74 23 99 6 59 89 82 88 19 15 38 78 47 59 27 65 97 11 60 26 80 55 8 83 36 99 85 38 28 91 93 49 26 79 19 76 74 86 8 16 79 60 66 65 71 13 18 12 74 76 66 15 67 55 56 83 10 96 73 89 73 64 8 45 0 38 23 55 31 84 45 62 47 10 44 92 23 75 39 6 54 
54 73 3 7 9 14 23 44 44 92 97 10 88 8 31 25 68 17 64 97 0 41 69 7 99 80 8 23 45 83 82 84 88 40 30 56 86 83 14 54 97 20 30 67 4 47 81 40 58 78 56 80 54 16 19 6 24 88 84 11 74 27 45 29 47 65 95 12 85 47 56 68 22 57 45 12 22 2 67 31 23 56 45 34 89 81 50 95 49 39 33 45 78 21 15 59 42 75 52 36 
16 97 84 51 97 85 48 98 51 61 13 63 98 12 73 69 7 77 2 47 87 16 98 82 88 55 50 58 30 72 8 89 47 1 55 1 28 85 50 19 37 49 81 96 69 86 92 16 80 67 43 0 58 14 79 8 65 14 54 43 82 77 48 22 5 28 41 7 24 85 0 94 99 21 54 33 33 41 76 2 47 67 2 34 48 12 25 60 88 28 27 7 76 19 26 48 5 66 6 82 
56 18 71 70 90 46 37 10 10 6 91 11 91 5 2 77 45 6 72 93 6 66 63 13 57 53 40 75 72 66 92 21 94 80 15 0 17 18 18 74 87 88 84 15 94 88 86 22 56 30 52 78 52 6 48 81 3 5 96 30 87 90 98 11 35 3 94 27 10 66 33 33 28 99 48 26 68 29 22 44 83 36 49 61 31 95 30 32 30 40 65 52 25 56 7 7 46 90 92 1 
8 43 32 12 88 52 56 65 0 25 13 19 62 65 31 1 93 24 64 44 77 15 91 59 66 97 80 25 0 83 41 77 89 84 46 69 63 39 94 66 94 3 64 1 49 10 19 19 34 45 80 0 53 67 33 51 27 80 3 83 26 86 63 69 24 34 0 32 16 39 64 93 79 54 66 90 86 12 42 22 31 88 26 61 25 53 33 47 48 40 73 74 16 56 41 7 50 88 14 50 
85 7 18 46 99 52 2 7 47 37 78 23 33 60 64 8 44 42 25 63 37 22 3 32 13 33 90 21 48 56 39 9 2 23 27 90 81 33 53 16 92 20 67 22 8 28 6 65 21 19 13 71 64 74 83 16 31 30 28 16 66 38 84 76 19 15 3 44 43 23 54 36 90 49 68 95 11 75 51 82 0 23 57 93 33 2 36 92 63 83 68 73 37 32 23 22 48 4 58 72 
92 11 90 46 63 37 39 94 5 84 92 47 55 16 57 74 90 14 43 9 26 15 6 24 6 97 5 67 57 3 48 11 50 33 37 32 53 75 51 11 61 43 30 73 81 43 22 25 8 75 41 19 77 0 58 38 97 31 2 77 39 50 86 29 49 38 47 79 82 36 30 42 23 47 79 44 36 6 55 81 69 66 17 93 60 48 84 67 57 89 86 54 36 89 66 14 2 84 0 29 
8 21 16 69 94 32 60 57 98 94 60 80 32 92 78 71 2 67 20 19 3 13 78 74 55 50 91 50 69 3 52 99 76 59 7 86 39 29 42 59 31 58 33 40 15 31 46 23 68 77 56 86 29 48 45 50 32 88 24 69 52 26 57 55 14 50 10 61 32 19 3 39 79 52 44 46 30 71 58 74 12 48 92 98 92 85 72 24 79 33 77 64 72 68 4 66 23 32 37 30 
13 67 45 92 98 87 62 81 58 43 10 25 61 29 21 52 18 50 90 62 34 3 75 46 69 33 14 69 46 82 23 58 54 69 14 23 96 80 46 63 34 49 40 46 1 42 55 23 7 91 44 58 11 63 14 9 21 67 39 15 22 39 12 23 71 84 68 18 39 31 97 61 74 58 17 48 86 38 60 22 21 43 29 34 61 5 90 6 10 17 95 38 45 96 39 43 35 68 40 1 
92 77 67 53 25 72 87 29 79 11 10 91 5 92 59 90 1 49 13 53 43 24 36 89 37 80 30 72 25 62 89 0 93 8 14 89 37 9 35 36 44 95 69 57 19 78 3 78 16 97 55 59 15 15 93 58 41 47 70 63 84 24 87 63 35 99 94 89 83 83 71 64 53 73 12 90 7 90 83 24 65 24 5 13 55 13 28 72 84 17 42 93 69 7 75 52 18 84 7 75 
60 60 76 45 18 89 37 8 1 56 82 89 54 98 63 57 22 57 68 98 16 46 81 73 33 1 16 22 36 59 31 99 24 13 17 43 81 42 79 10 41 86 13 15 84 45 36 20 16 32 41 31 33 70 97 76 80 39 9 8 53 39 52 8 32 44 71 62 44 17 75 47 11 93 66 45 11 13 34 76 80 1 80 28 56 1 60 53 78 5 20 2 8 29 27 49 88 14 89 84 
61 57 26 45 59 4 19 77 25 96 82 96 66 86 60 24 40 96 5 0 18 83 50 38 76 0 18 80 40 11 83 46 38 27 71 21 59 67 74 63 13 81 26 16 95 43 29 49 34 45 4 92 44 95 89 17 37 2 18 29 63 27 78 17 77 50 39 65 38 2 7 70 40 66 4 56 96 16 72 46 2 2 58 77 35 45 8 54 98 7 48 80 54 10 4 81 77 31 48 92 
30 25 68 41 64 37 45 86 23 46 24 60 83 34 50 4 19 68 62 13 18 90 49 56 34 87 79 71 65 73 78 60 32 24 14 46 92 52 27 31 88 2 63 67 58 21 25 32 91 16 36 92 28 36 38 82 38 57 67 87 47 75 81 99 55 20 5 75 98 91 16 90 64 22 50 35 69 10 25 59 75 68 99 78 1 26 14 75 29 8 77 34 64 4 94 66 55 88 43 68 
38 52 11 42 35 53 32 51 89 18 58 23 4 44 51 59 69 87 58 22 59 16 56 76 25 6 99 23 34 35 43 87 30 88 14 99 99 98 71 17 30 71 36 2 80 2 86 60 91 58 10 18 63 82 95 92 10 59 97 63 92 65 94 58 12 33 76 95 8 70 45 49 54 17 65 92 73 60 36 47 11 2 35 31 70 17 35 54 35 85 39 51 23 65 60 81 91 86 81 74 
62 77 27 28 79 16 96 13 4 84 29 5 3 73 4 48 37 96 26 53 98 73 35 13 18 23 90 15 66 98 69 7 87 47 98 70 64 54 97 50 21 37 24 52 9 69 51 13 58 53 34 75 28 99 80 9 62 27 90 23 40 44 36 22 86 48 86 55 83 23 70 93 40 18 15 31 87 39 52 21 30 94 63 98 16 33 73 65 84 77 96 6 72 5 45 99 42 41 47 29 
97 41 51 60 51 23 11 22 46 46 55 82 58 47 67 63 42 50 76 83 43 27 54 36 3 97 63 0 19 79 27 73 16 78 78 46 55 95 41 11 90 14 4 19 8 99 98 92 62 44 46 61 77 46 4 17 1 36 55 74 39 75 66 52 82 23 13 18 76 54 26 62 13 77 5 21 81 86 7 24 7 11 71 46 74 18 38 89 80 67 96 16 15 76 47 47 70 93 16 41 
46 58 10 74 95 94 66 66 42 14 82 48 81 9 73 69 48 80 37 23 24 9 39 55 36 89 52 70 82 66 77 79 45 92 90 54 57 8 26 5 90 69 8 3 40 89 95 60 67 23 53 96 8 81 56 55 91 71 11 33 0 59 17 43 82 32 57 33 64 83 92 60 84 75 90 40 19 54 93 12 41 85 39 1 44 60 92 26 34 34 34 92 70 93 90 8 92 85 85 71 
55 5 39 59 23 98 27 50 49 44 50 45 54 66 67 52 79 16 90 96 17 79 35 65 63 96 16 58 77 40 61 45 99 31 15 8 61 94 47 48 86 42 14 73 50 30 97 5 18 44 42 62 15 45 90 58 85 92 83 47 35 48 74 41 18 76 32 9 96 41 96 43 40 13 5 61 27 63 34 34 0 96 63 2 26 35 42 4 93 74 44 26 0 46 39 50 38 61 84 64 
