100
90 44 14 65 72 43 50 32 85 62 74 64 59 36 21 98 28 52 64 53 91 49 96 12 37 39 45 90 50 31 16 32 53 45 7 46 36 58 75 94 97 73 65 25 1 69 11 47 64 84 85 11 18 26 47 7 3 22 87 49 5 77 68 74 27 47 57 64 54 81 37 57 25 6 81 46 22 19 50 30 91 77 43 50 7 20 98 33 20 41 52 22 52 66 14 13 97 7 29 25 
6 27 46 12 26 57 59 97 43 14 11 95 48 8 22 95 37 75 78 4 99 75 35 38 38 0 18 29 89 22 25 85 22 55 29 32 76 76 85 74 4 54 60 31 42 85 54 88 83 65 2 6 1 9 24 60 32 17 23 11 79 43 64 26 93 2 31 61 91 40 22 47 43 70 84 92 74 45 24 69 75 74 20 22 3 89 99 1 0 17 24 94 75 42 64 24 7 61 69 30 
18 69 98 14 67 72 16 33 22 6 78 49 87 28 54 86 66 73 52 7 58 95 85 29 88 11 51 47 68 66 20 31 29 54 60 49 27 68 12 8 21 84 88 46 99 52 92 71 73 57 91 90 4 75 65 12 65 83 65 95 93 87 87 55 4 57 21 7 62 1 29 79 17 72 84 53 51 11 52 54 31 54 26 12 58 96 43 39 36 98 8 5 97 45 2 60 26 9 1 94 
51 93 3 81 65 53 98 44 96 95 43 95 14 73 65 44 51 52 32 35 28 11 2 55 24 49 77 8 68 20 73 99 61 43 95 36 39 89 91 83 89 82 46 41 94 68 70 69 19 21 38 39 16 71 39 96 10 53 2 35 72 29 67 68 97 64 12 87 6 40 57 81 96 77 68 56 99 88 9 45 26 90 34 72 88 86 10 74 1 42 65 75 48 88 26 67 71 10 29 3 
34 2 34 77 85 39 23 92 58 94 72 37 96 74 65 49 20 71 8 27 15 1 89 10 16 61 11 21 86 67 53 28 85 80 17 13 84 25 88 39 42 60 2 70 45 34 54 83 13 26 54 52 43 93 64 97 34 77 82 23 55 97 31 81 19 68 67 81 48 67 23 61 61 75 91 54 33 97 78 67 35 13 47 64 48 40 40 39 48 37 99 63 4 48 9 16 42 95 96 2 
86 6 83 2 25 38 23 35 90 9 19 72 17 76 35 86 29 92 93 96 27 52 18 50 15 64 82 8 77 92 56 27 75 24 57 83 46 32 99 68 32 34 93 51 32 16 15 74 79 32 13 12 96 37 61 36 38 85 42 26 2 25 91 76 5 62 58 68 29 45 35 61 4 15 90 55 93 90 26 62 69 11 58 25 25 25 83 57 85 37 80 60 82 47 83 49 23 58 10 4 
41 44 0 42 98 80 13 79 18 17 7 0 31 54 18 17 41 76 70 74 96 17 5 73 36 4 95 48 99 96 60 88 86 4 94 93 90 65 97 70 20 27 68 20 35 77 43 9 22 35 39 0 22 56 68 13 56 52 32 59 21 88 83 75 1 86 91 37 74 12 27 3 21 31 92 40 28 10 49 84 50 49 68 59 13 67 11 64 68 59 89 38 86 80 92 21 17 5 32 28 
45 55 40 69 28 82 29 17 77 2 59 24 68 87 90 98 85 5 32 34 54 85 50 65 2 56 11 19 39 41 21 1 58 67 82 70 50 96 52 48 13 52 25 16 21 39 56 23 80 97 57 96 36 33 38 97 33 59 63 24 74 11 18 15 8 63 93 76 31 65 49 88 4 3 14 19 91 6 49 2 41 62 96 2 72 86 71 3 87 98 58 51 71 2 68 24 49 23 65 16 
8 39 22 57 80 63 47 30 80 2 48 34 88 43 68 40 73 55 49 54 30 87 12 12 66 14 83 51 47 48 90 69 17 69 44 20 46 64 3 97 3 74 55 81 50 28 54 84 40 84 75 56 93 7 53 29 83 70 64 43 97 54 73 3 65 58 3 87 26 28 12 69 24 29 71 39 58 89 85 86 47 94 17 38 95 76 68 17 69 29 68 2 49 85 25 95 68 39 86 75 
84 38 43 27 53 8 46 22 71 9 39 97 12 17 90 41 30 16 68 97 35 30 21 31 68 86 17 21 19 4 47 46 37 53 16 12 0 28 12 90 20 95 7 33 2 44 72 5 7 68 70 38 31 1 99 52 36 15 54 67 94 94 1 65 39 93 73 33 50 7 60 99 72 8 56 91 85 37 99 52 66 70 29 28 61 18 3 75 20 78 54 20 29 51 34 87 29 39 88 65 
59 56 99 16 35 80 91 45 88 93 36 59 14 20 24 63 82 98 11 7 75 21 13 99 27 11 49 52 4 18 93 58 25 58 62 14 52 44 33 58 78 23 27 93 55 98 15 36 44 60 20 87 67 2 93 87 17 3 95 71 52 79 32 20 39 13 39 58 73 91 81 9 14 0 47 51 49 21 61 7 50 81 28 33 80 92 10 38 72 18 91 81 51 45 58 1 86 67 93 66 
83 75 9 88 10 85 67 34 41 64 9 95 4 35 85 93 64 59 35 69 29 93 33 36 64 28 83 45 20 41 27 63 59 58 23 46 47 27 99 36 89 21 61 67 40 87 44 76 25 99 55 68 40 70 89 27 51 49 29 18 38 88 68 38 21 52 97 46 92 39 70 67 41 72 25 4 46 30 3 13 63 89 87 46 99 27 62 75 91 91 89 3 93 81 60 82 71 11 32 14 
25 30 11 76 92 41 66 34 23 1 74 16 97 21 41 13 78 45 59 12 12 29 28 5 75 16 47 24 97 32 58 75 98 20 18 64 1 26 77 34 49 43 31 12 6 99 83 35 11 10 96 55 37 10 18 14 58 0 26 98 79 4 33 11 81 11 89 68 28 14 89 50 0 78 20 25 59 4 92 4 86 18 65 58 15 0 71 55 58 88 38 12 5 62 76 67 25 8 73 35 
17 61 52 26 87 49 28 25 0 45 58 29 45 92 15 77 81 43 14 18 77 76 49 63 62 73 69 74 68 36 86 14 40 6 2 61 18 87 6 95 8 8 96 46 22 86 27 56 30 23 39 92 58 94 30 91 37 55 23 97 75 51 8 16 62 74 35 41 92 51 28 97 78 49 69 60 97 76 54 49 49 20 33 22 56 71 0 91 0 53 18 54 86 20 42 43 8 52 51 99 
17 2 75 89 56 57 52 18 86 19 76 67 42 42 11 30 67 31 84 86 84 55 97 63 71 19 0 59 3 81 12 25 11 85 91 27 6 77 78 35 13 1 77 96 84 88 84 48 99 38 28 48 16 85 72 17 98 51 63 76 29 18 46 52 67 71 1 8 68 16 4 99 94 99 2 31 58 55 79 3 19 29 51 58 51 10 90 38 3 93 45 44 66 88 6 75 82 37 26 77 
74 82 15 75 23 31 39 84 91 71 87 71 52 82 37 35 62 45 58 85 53 62 10 15 41 46 2 52 2 72 82 31 8 90 63 83 64 33 81 11 66 26 50 20 38 10 38 16 89 60 26 11 77 9 11 95 86 6 81 44 0 19 95 70 51 17 64 45 49 77 30 55 6 82 52 13 73 26 55 47 10 94 64 27 93 57 36 98 18 32 64 47 13 47 35 18 86 41 67 48 
34 99 8 38 40 47 99 34 63 33 85 82 86 20 52 70 4 4 29 54 11 6 45 91 8 14 77 15 15 71 62 37 94 83 71 23 77 29 85 47 57 20 12 8 76 2 92 52 6 96 40 20 50 74 46 18 16 52 30 19 63 93 11 8 45 17 4 98 47 37 62 63 92 7 85 99 73 53 17 49 47 91 16 97 28 59 29 96 90 43 79 68 35 85 10 26 54 5 63 38 
17 61 96 93 13 82 65 74 7 83 3 52 44 4 7 98 64 29 62 97 94 76 45 27 97 97 68 99 96 39 27 84 4 52 46 86 4 13 49 59 24 35 27 16 39 44 71 11 98 29 34 47 53 5 18 99 86 51 51 33 59 73 47 1 92 1 61 72 19 78 82 65 18 76 69 74 4 61 6 33 36 44 37 84 79 28 47 30 57 80 85 12 51 2 82 61 17 21 37 55 
2 2 47 11 18 7 25 5 6 41 70 19 40 81 97 99 8 83 92 70 41 67 31 30 93 80 37 89 40 70 68 57 54 76 13 76 50 92 22 79 31 70 38 13 66 83 33 6 38 72 3 23 90 74 35 47 18 9 33 24 91 0 12 58 62 88 12 76 75 79 39 73 33 41 92 3 55 10 4 68 36 26 79 68 13 62 24 61 98 59 11 60 66 69 25 43 45 94 42 7 
22 82 34 13 26 40 54 53 77 6 64 48 37 89 51 76 62 87 93 84 88 9 6 27 98 44 81 7 51 20 69 14 37 4 3 26 78 40 25 27 34 77 39 96 8 3 85 13 74 13 31 35 68 95 69 31 27 61 97 30 5 90 8 59 13 30 46 72 3 89 20 49 31 67 70 14 63 63 41 8 42 17 48 78 82 80 42 51 6 89 51 19 43 35 34 37 14 32 15 48 
75 98 23 76 40 57 98 30 65 9 11 89 50 72 14 20 70 4 6 50 97 97 60 6 45 17 75 20 72 82 96 13 95 22 84 41 16 7 33 68 72 88 2 45 50 20 67 48 58 88 44 53 39 80 76 43 51 23 87 40 56 72 75 77 44 19 7 57 49 89 84 58 95 77 95 31 94 11 34 13 77 9 74 36 11 37 74 21 62 83 56 86 22 92 98 17 11 95 96 44 
33 70 40 98 3 54 91 93 38 10 49 11 78 75 57 24 4 74 98 34 32 45 84 53 51 0 21 83 30 67 30 61 61 46 82 32 36 9 89 36 88 67 71 41 59 21 73 41 50 44 20 35 61 49 63 66 62 79 91 3 66 59 73 26 60 0 5 36 86 54 42 92 5 22 34 66 12 45 9 92 12 59 2 62 71 23 48 3 95 27 66 34 12 0 83 83 70 80 17 5 
44 62 59 57 40 64 51 82 65 95 91 23 55 20 15 40 32 3 80 94 35 29 46 71 33 58 30 74 58 88 51 1 74 38 89 38 77 31 81 61 24 80 37 15 55 48 18 4 59 76 66 63 51 80 13 20 76 56 10 44 1 51 6 86 17 59 47 30 33 28 59 73 7 75 4 87 44 34 9 70 38 68 32 46 29 44 81 29 71 9 4 98 83 1 6 28 65 36 8 22 
1 41 90 74 11 72 43 11 79 92 42 21 76 85 67 53 99 42 3 71 0 55 35 14 19 94 73 57 38 16 93 68 79 74 26 44 21 40 64 16 54 26 16 78 28 88 58 33 34 5 89 59 42 77 94 11 93 48 28 54 80 15 92 6 82 9 6 0 5 55 60 63 66 59 37 11 43 35 84 31 27 45 59 83 35 13 76 37 14 22 24 77 11 85 76 24 29 77 96 30 
57 96 93 24 80 52 39 16 75 27 34 86 0 27 50 29 97 80 45 61 42 97 55 61 78 3 84 73 40 41 53 91 18 9 92 48 27 95 9 24 83 19 21 48 3 68 83 74 98 0 61 5 67 23 9 49 63 44 37 15 88 63 54 63 59 5 44 17 68 14 54 43 27 75 27 1 44 53 62 27 15 51 18 33 1 47 95 54 33 95 95 85 45 52 87 38 58 3 73 51 
59 75 60 60 98 7 72 3 45 83 60 55 21 80 10 35 4 59 1 15 84 93 58 99 65 3 48 15 95 61 99 49 66 96 64 75 89 61 78 42 91 90 42 28 87 46 87 14 45 19 93 86 13 78 0 72 91 74 99 46 96 34 34 1 74 95 57 47 83 71 29 69 77 18 43 79 65 92 20 7 21 84 50 82 88 3 77 13 85 45 19 7 63 43 27 79 94 64 29 5 
95 97 46 65 53 50 79 53 57 41 4 63 4 93 91 65 5 59 1 47 47 22 56 50 41 41 80 66 78 53 65 49 99 5 14 84 92 26 61 66 7 4 97 67 42 60 51 2 93 88 47 68 38 68 82 8 18 69 5 88 68 17 75 4 12 40 81 88 30 46 7 44 33 72 84 92 35 40 8 3 48 70 20 83 10 99 19 41 99 7 76 60 91 80 68 91 71 40 25 37 
0 75 32 81 81 72 8 1 2 73 6 68 27 17 43 32 13 86 63 4 66 75 90 32 8 91 82 85 93 23 82 11 71 38 22 44 10 15 36 56 47 16 79 32 17 34 26 1 92 65 36 94 56 74 50 23 62 84 41 49 57 41 39 46 11 37 80 78 38 88 63 53 18 50 8 31 72 67 97 44 0 3 46 17 67 31 79 86 64 31 41 50 35 92 36 18 80 83 97 17 
39 90 28 38 76 92 38 99 32 18 64 42 65 51 42 13 55 23 0 64 69 0 77 70 11 83 34 35 25 75 62 81 2 15 73 98 89 22 87 76 5 48 37 50 97 87 58 19 81 39 48 21 7 77 48 57 85 72 52 57 69 37 43 32 5 68 93 72 58 72 94 62 1 0 47 51 99 55 13 9 53 69 26 50 62 74 25 0 24 8 56 94 71 20 92 88 52 21 16 15 
25 83 59 10 77 29 39 76 11 88 75 33 61 27 37 46 18 87 48 1 67 3 7 17 2 27 99 87 81 21 0 36 61 21 55 9 76 17 48 86 75 58 14 64 1 57 65 85 34 81 55 67 42 69 59 79 93 31 32 83 29 53 91 64 74 74 14 68 96 17 34 39 31 0 39 99 30 62 24 14 13 53 81 92 61 53 4 42 94 99 37 27 60 75 33 10 54 42 55 8 
52 67 70 22 48 47 94 0 82 98 22 34 61 84 92 92 1 38 95 43 74 98 36 55 41 88 30 54 78 85 47 78 81 61 35 99 48 49 51 3 21 80 88 91 76 6 9 1 7 36 17 13 99 59 8 58 51 9 91 31 67 53 77 8 60 59 26 20 52 74 5 19 84 60 96 84 97 97 51 36 29 36 23 22 50 94 71 95 72 27 17 14 6 32 79 0 14 36 13 79 
68 89 48 41 29 10 85 40 93 48 48 81 19 59 37 80 11 57 72 13 69 51 18 38 94 18 81 40 88 62 82 27 61 99 59 78 19 80 46 98 17 39 98 28 81 42 97 98 55 96 83 1 38 38 13 89 8 31 67 92 60 73 9 73 94 39 15 68 82 34 3 21 48 61 89 29 19 63 98 36 95 62 79 56 46 71 84 57 55 55 97 73 12 98 49 36 19 94 0 28 
1 87 99 3 3 68 62 0 81 86 26 7 57 68 59 14 75 49 5 41 26 34 53 31 13 82 13 68 79 36 58 32 32 84 65 79 72 62 62 16 13 44 95 38 1 83 45 32 64 67 20 49 59 57 85 28 86 8 84 97 86 31 45 12 6 85 29 29 16 49 85 72 87 85 50 76 46 27 59 62 74 93 31 79 14 98 27 93 47 1 28 40 4 5 47 47 56 68 37 22 
5 8 32 91 29 45 51 36 1 53 68 8 60 96 69 25 28 3 73 31 59 49 12 0 40 78 61 47 4 54 32 6 33 53 26 73 46 36 19 28 15 60 50 36 13 55 32 98 44 20 87 19 95 10 27 15 93 80 86 98 21 70 41 26 64 85 1 22 10 41 76 55 26 61 89 26 0 27 30 57 16 84 7 27 51 53 17 47 64 61 74 95 76 29 21 57 84 60 29 34 
7 31 90 62 57 91 18 50 64 69 7 85 35 53 50 37 58 8 78 25 89 71 39 95 71 92 20 39 0 10 26 61 87 81 83 73 94 60 69 0 28 54 61 3 47 7 35 32 39 98 73 61 39 55 42 6 40 30 16 81 35 14 13 61 96 23 77 6 60 6 13 52 49 13 83 5 92 5 80 97 21 38 3 72 79 64 87 51 30 55 92 56 9 36 5 25 85 14 16 26 
11 71 71 16 29 9 16 77 93 70 13 71 32 55 54 64 88 15 60 69 16 65 39 14 3 2 76 18 57 58 6 36 28 0 21 77 61 5 55 20 4 70 89 10 35 84 99 55 39 32 3 47 11 30 80 72 27 52 66 37 52 55 55 97 11 42 5 89 86 20 97 4 20 93 0 27 62 69 71 51 69 16 35 24 26 36 3 72 87 79 42 81 65 74 72 78 87 55 52 19 
46 25 26 74 66 38 60 6 80 83 9 62 40 37 93 25 35 75 92 44 29 60 20 74 65 26 37 10 78 98 13 95 60 3 96 54 81 29 68 38 24 94 16 95 19 96 64 61 86 9 68 85 56 46 18 58 67 70 59 64 97 88 5 70 10 83 53 75 51 11 93 36 79 57 39 16 30 6 83 97 19 4 31 1 9 11 69 30 60 78 80 71 18 62 13 99 70 2 4 65 
99 16 26 69 53 96 4 45 74 37 65 6 62 97 72 58 58 72 54 52 32 88 80 30 34 13 91 35 83 37 18 0 72 14 81 3 26 13 87 49 58 38 32 40 82 37 46 56 20 58 66 97 7 4 16 99 90 10 3 72 81 40 86 93 96 36 51 1 16 97 8 3 12 79 63 77 59 67 62 38 96 8 51 73 80 3 79 4 38 60 66 62 7 12 64 91 26 93 97 18 
47 45 40 51 7 59 72 32 35 26 32 61 20 10 36 66 98 0 16 39 41 24 36 26 35 62 7 49 57 88 53 11 22 54 83 27 36 60 35 49 52 64 23 2 64 30 9 79 87 51 39 28 87 5 69 20 7 60 96 45 49 88 99 9 81 59 3 27 41 98 17 64 62 47 14 7 18 56 75 36 29 0 17 4 42 28 92 75 46 77 78 34 21 23 71 61 45 83 67 83 
69 63 97 26 13 79 80 4 41 76 6 20 47 17 74 89 4 90 28 7 95 76 50 89 76 87 40 56 0 39 41 32 84 17 81 8 41 94 65 95 60 59 92 9 18 87 36 48 21 18 85 58 27 21 77 53 13 93 96 45 16 77 78 84 70 42 90 71 31 89 42 62 42 68 26 47 13 25 88 11 70 28 93 83 7 92 58 56 4 75 26 58 97 88 73 29 86 27 89 7 
26 31 15 6 59 19 54 85 74 21 49 98 1 88 41 7 72 4 12 30 99 75 46 61 41 84 25 42 68 82 62 10 8 23 57 45 67 0 9 45 73 93 27 49 48 10 84 82 28 88 27 15 29 73 7 21 21 56 99 48 35 22 80 39 69 42 4 97 78 98 87 89 65 22 17 74 18 84 30 89 24 16 70 18 67 62 80 86 1 94 90 90 11 68 46 62 37 23 33 8 
8 94 50 39 65 79 72 40 80 15 33 25 16 17 71 57 91 53 52 5 95 96 72 87 61 32 82 65 61 55 4 91 53 5 61 75 30 17 84 55 10 35 39 20 80 31 62 11 96 95 75 42 43 69 75 42 90 99 32 76 90 76 42 50 15 51 47 94 98 90 10 20 66 34 7 38 34 57 61 53 45 92 83 91 59 67 20 48 50 96 9 41 7 80 64 94 62 43 26 84 
55 13 81 4 37 13 89 3 7 44 36 70 4 25 19 36 8 64 52 5 90 14 9 82 31 83 83 62 28 0 78 91 36 38 26 71 40 14 73 93 44 2 73 53 37 39 52 96 83 58 86 91 45 32 63 50 67 58 75 9 7 98 47 9 90 83 67 55 86 80 60 25 17 82 71 88 30 83 97 86 14 36 36 69 32 8 1 6 42 65 22 7 96 15 95 23 1 55 34 50 
66 14 98 59 14 57 71 91 84 64 61 41 16 22 43 17 4 90 76 23 29 64 88 80 30 4 91 90 24 18 2 51 63 95 36 99 33 8 70 2 99 88 57 41 53 78 90 15 50 0 15 72 90 93 2 16 31 62 38 81 40 86 60 46 74 75 98 21 74 94 58 64 85 16 2 56 52 10 87 3 38 6 48 93 37 44 79 42 92 90 21 75 2 74 98 14 12 35 99 41 
30 98 96 31 39 23 34 50 67 29 72 99 66 52 64 21 73 22 70 85 53 96 93 23 77 72 53 50 76 64 12 20 68 37 87 48 31 73 74 59 49 11 27 8 81 90 14 72 12 65 95 1 29 92 53 1 44 33 56 22 16 75 68 21 82 7 18 72 6 63 85 83 76 21 85 44 22 37 31 30 30 69 55 22 83 51 0 10 5 26 28 62 89 34 5 49 41 25 18 39 
84 80 22 34 92 6 32 89 13 65 37 70 32 21 33 77 64 24 7 35 85 24 14 18 70 91 22 98 87 14 72 27 99 4 45 21 62 16 58 79 74 81 99 45 20 36 79 71 9 86 34 87 76 74 15 84 52 50 54 76 84 10 80 98 59 30 18 12 83 54 99 6 61 28 60 57 79 12 15 18 50 41 47 64 39 2 25 11 91 71 30 8 2 75 64 46 10 69 60 73 
33 82 71 63 95 9 56 62 55 92 41 38 29 5 86 66 78 10 21 13 47 51 59 52 72 66 66 8 87 78 72 31 22 68 92 91 1 94 31 48 74 36 46 53 70 78 6 62 21 0 57 77 83 16 93 37 7 13 16 97 36 76 56 80 16 90 13 80 2 18 50 43 35 97 78 8 66 42 62 21 74 34 35 78 0 15 40 2 94 63 44 11 60 52 23 70 63 69 61 39 
14 72 2 85 22 32 26 12 23 67 11 13 91 94 93 14 1 70 64 66 95 68 70 40 98 23 1 53 16 91 28 42 12 82 85 80 70 46 1 35 8 51 35 57 51 77 66 62 95 14 76 79 77 70 28 2 6 5 77 98 47 41 20 20 26 68 53 1 44 3 14 84 64 12 94 86 9 78 3 80 17 65 35 46 14 87 1 86 12 68 2 61 67 62 24 8 98 9 37 86 
76 64 98 6 29 47 96 26 5 68 66 52 54 84 9 17 3 80 30 40 5 24 18 29 97 16 72 73 67 55 41 81 69 45 91 32 96 91 73 97 62 27 57 41 50 63 37 64 13 98 3 45 80 94 93 57 50 56 69 50 17 88 95 21 1 83 26 61 95 12 58 20 39 11 93 3 1 0 48 91 48 66 50 68 82 30 60 38 95 4 14 39 62 57 2 24 84 84 57 91 
69 59 3 67 22 56 79 66 50 41 19 20 76 97 7 49 30 76 90 49 64 37 88 1 88 13 7 15 11 34 14 65 3 3 35 15 96 63 86 5 33 81 5 39 58 58 20 77 89 17 10 78 6 27 79 83 93 36 71 55 38 15 34 91 71 3 57 47 9 60 72 70 73 18 18 95 3 44 20 31 31 81 15 93 0 38 96 59 90 17 34 96 16 44 47 78 49 51 92 93 
79 19 35 38 64 12 98 17 67 76 81 27 80 15 39 80 85 6 17 44 87 27 35 3 13 15 70 99 47 38 12 36 20 56 70 71 54 57 18 49 67 82 46 19 57 63 46 56 74 37 54 91 70 89 44 13 44 4 35 96 46 87 83 3 38 76 67 54 33 13 33 87 74 24 29 37 51 0 29 31 33 2 74 74 65 43 45 68 8 23 5 2 78 48 20 79 8 57 60 38 
45 32 51 87 7 99 49 80 40 44 27 71 86 54 41 2 27 89 59 44 65 21 68 93 41 56 36 6 42 70 96 24 24 33 13 43 80 35 63 82 38 85 97 95 56 24 60 36 13 36 80 65 11 49 58 75 82 67 79 57 35 67 0 77 70 64 36 76 39 32 46 43 98 19 60 79 36 91 29 83 11 2 88 90 14 97 30 44 16 22 1 45 92 53 97 98 7 25 98 32 
83 22 74 78 96 68 40 0 94 84 51 23 48 94 26 47 47 66 25 50 23 12 20 19 80 49 2 35 97 93 34 54 62 36 36 31 60 62 16 43 36 3 59 71 24 1 47 5 95 66 88 17 31 0 99 83 28 29 99 39 93 29 42 44 55 17 59 48 66 29 47 44 6 90 37 19 24 16 89 18 2 37 91 4 58 37 49 65 0 49 65 74 65 34 16 59 95 68 17 59 
90 12 47 22 89 59 70 66 58 97 10 59 1 47 16 83 14 62 42 68 88 64 38 33 46 94 11 53 29 96 38 45 24 98 96 97 42 35 34 77 45 78 81 53 97 13 48 45 27 64 59 55 82 10 13 29 68 27 81 73 48 75 1 48 58 48 30 95 39 33 38 37 53 29 60 0 44 41 0 52 58 91 93 62 89 1 84 80 52 73 16 12 31 23 60 90 35 15 18 15 
69 49 17 83 29 21 79 76 59 37 67 34 38 21 72 32 70 31 80 76 25 69 50 74 86 58 65 4 59 49 98 84 69 67 75 62 8 81 23 76 71 13 61 8 89 58 38 32 91 4 45 51 77 75 4 46 99 94 17 68 18 39 5 12 39 77 55 98 95 58 59 53 84 31 63 25 54 48 12 79 4 24 60 36 26 16 5 56 25 79 15 25 37 56 17 92 9 74 53 95 
68 25 27 51 53 61 18 60 36 97 20 20 25 94 62 83 38 47 37 12 10 21 44 79 42 12 65 7 21 35 24 63 72 95 17 31 47 0 34 56 72 72 21 54 53 67 17 64 1 75 35 18 97 10 92 95 49 87 62 59 94 27 90 22 22 42 12 94 20 63 0 87 39 51 4 29 95 19 16 75 14 49 11 73 20 75 5 12 52 42 10 83 6 63 79 35 74 68 4 65 
81 44 69 91 20 52 50 27 69 34 19 80 29 69 36 73 98 40 66 88 46 57 3 87 20 26 51 34 35 38 71 53 86 17 93 89 65 31 69 97 85 62 20 82 28 62 45 20 82 99 58 84 37 74 73 28 8 82 70 8 50 68 60 30 56 61 71 89 50 53 40 27 80 44 16 37 18 85 69 50 78 15 91 51 65 78 68 1 23 24 4 5 50 9 1 2 99 47 91 42 
49 69 84 37 56 44 58 36 52 54 53 26 7 89 43 47 80 55 21 66 2 13 82 38 39 11 55 20 79 5 73 78 81 64 37 59 11 80 29 19 88 23 18 31 90 76 17 60 26 61 58 94 77 91 77 30 95 5 9 83 67 56 94 98 98 2 97 27 57 80 73 17 33 16 36 33 80 5 64 55 72 46 89 7 2 89 52 75 86 89 33 38 77 28 33 3 44 14 45 95 
84 53 19 9 1 51 55 2 31 65 18 49 55 54 83 78 34 77 70 68 43 68 17 41 4 1 42 57 78 33 31 70 61 62 69 3 74 43 69 38 75 82 91 35 34 69 32 81 45 65 23 19 15 95 57 60 19 82 34 66 36 27 32 90 13 54 70 61 36 29 41 59 47 97 31 95 72 87 45 60 96 11 7 93 90 55 88 63 83 8 92 38 26 88 41 73 87 10 67 11 
89 62 87 99 10 26 80 44 2 65 13 66 63 28 6 68 91 55 99 64 70 34 10 89 9 4 21 67 56 76 4 62 28 37 89 24 94 74 74 14 97 28 34 86 42 64 39 1 0 10 31 77 75 26 46 43 74 68 1 99 63 52 99 59 66 56 85 49 62 89 21 90 51 37 77 4 92 40 11 28 32 62 41 15 66 28 77 58 78 1 74 49 33 43 91 37 11 40 5 98 
43 80 93 69 99 90 11 64 65 95 66 92 30 16 24 90 70 10 13 53 6 96 89 38 28 6 73 51 59 47 33 28 98 2 49 20 41 5 81 24 27 86 78 98 36 76 62 71 67 79 55 86 43 42 66 87 63 40 29 33 42 16 95 58 18 94 23 18 50 66 87 30 24 55 38 81 86 70 22 65 37 67 96 64 13 81 50 77 5 13 40 60 37 38 51 86 63 17 33 3 
99 76 37 92 37 81 58 67 18 2 17 74 17 5 35 17 18 11 22 48 82 67 44 49 89 60 13 8 95 93 97 38 32 2 19 74 13 81 98 67 58 66 41 42 59 88 60 14 32 86 78 72 27 26 43 55 98 45 43 77 52 82 94 53 69 5 69 23 0 91 49 29 14 72 92 1 65 54 83 93 76 53 89 6 2 75 13 84 80 18 21 80 74 52 35 12 8 18 2 58 
76 40 34 70 48 34 57 70 64 35 63 81 30 44 35 36 77 90 80 13 24 87 17 85 97 87 68 96 96 26 50 1 1 61 36 79 33 2 22 3 70 26 70 29 18 15 7 47 32 82 17 55 91 15 38 65 25 63 35 12 71 13 83 60 25 68 69 3 12 21 74 26 18 88 3 15 3 71 8 74 43 67 86 70 84 13 81 9 71 22 34 61 21 49 44 83 38 44 93 42 
88 8 10 17 55 94 98 48 8 20 89 42 14 52 44 93 0 77 41 48 63 55 78 79 55 42 73 74 36 11 74 41 40 38 84 21 48 12 20 32 62 83 74 70 63 91 34 18 48 43 16 54 64 56 71 41 11 78 98 47 61 21 59 85 70 79 23 64 29 21 35 32 53 15 30 6 51 43 74 96 32 86 65 55 92 45 84 60 19 24 90 35 4 28 93 26 68 61 41 52 
43 14 11 19 11 3 22 11 53 58 19 87 70 23 75 54 1 88 75 73 86 42 44 74 49 31 21 40 46 45 10 63 57 75 48 86 17 1 47 97 0 98 49 8 68 3 73 69 55 1 29 63 10 57 98 81 0 77 23 35 76 68 69 60 57 9 23 3 83 43 70 60 68 7 47 35 47 32 89 70 58 89 81 24 13 10 59 90 19 72 81 30 4 49 95 67 20 38 6 77 
46 16 16 92 30 7 27 26 44 70 47 71 16 72 33 98 88 32 72 15 60 76 72 14 60 93 20 91 26 69 88 0 35 66 32 13 57 91 90 11 26 84 89 49 79 19 10 21 33 67 79 61 22 53 2 94 2 35 32 67 82 50 74 36 7 26 66 33 5 90 80 92 62 35 15 7 27 55 27 79 34 90 17 56 14 37 30 99 18 58 86 0 17 68 81 2 74 54 57 38 
84 9 29 29 56 11 53 46 9 35 43 74 10 95 94 23 10 68 21 93 72 46 9 9 90 35 0 16 24 75 63 55 70 2 63 52 71 76 13 15 69 40 18 60 26 93 51 98 12 27 6 49 56 0 18 8 12 21 64 35 34 98 79 15 80 39 80 71 83 11 91 31 29 50 44 26 54 97 76 68 7 69 2 83 48 84 47 23 53 64 72 43 7 19 32 43 73 38 3 97 
48 35 6 70 29 81 23 4 49 40 24 38 13 96 85 98 35 51 96 53 13 6 46 33 25 99 40 91 93 66 54 16 25 64 78 40 98 86 56 24 45 6 53 58 28 80 84 4 71 79 74 49 13 73 78 19 51 86 14 91 31 26 25 64 40 20 73 79 76 17 17 17 64 14 4 80 20 17 32 45 52 19 21 63 72 5 90 58 26 26 37 34 72 82 31 57 98 27 77 29 
61 7 91 27 69 14 67 78 26 51 19 44 2 97 52 91 23 12 92 83 40 75 85 91 47 29 11 95 35 53 94 28 69 94 23 19 31 56 33 2 15 62 83 87 49 38 43 52 9 24 88 39 43 94 26 40 27 35 13 95 47 20 9 60 5 0 93 93 78 58 54 6 59 14 56 61 12 42 97 36 27 87 4 23 14 77 76 8 76 67 93 70 45 49 45 78 33 31 31 28 
77 66 84 54 22 34 36 41 97 94 45 71 85 36 68 97 19 17 4 3 20 14 57 84 82 38 92 34 75 59 63 97 44 66 22 23 54 4 80 77 73 37 22 73 95 90 66 38 20 22 38 79 5 78 26 29 28 82 56 41 87 49 77 6 73 68 66 6 40 19 18 57 68 10 5 99 22 12 74 53 41 47 8 11 13 47 14 44 94 98 31 97 71 98 47 92 61 11 49 4 
16 37 67 66 3 58 3 78 62 62 78 12 66 67 3 75 98 19 66 77 56 6 25 73 82 93 18 49 29 14 62 64 45 14 61 7 31 25 78 97 13 6 43 75 83 54 49 64 30 91 78 2 28 94 35 7 10 87 56 71 64 29 33 86 13 24 79 35 11 55 60 60 26 1 27 91 94 61 88 57 30 61 2 55 99 59 52 61 27 78 29 74 70 43 68 54 91 26 96 66 
75 94 16 35 55 18 11 97 42 92 24 66 6 47 81 74 17 18 10 28 98 86 13 11 27 48 64 23 99 94 84 58 51 6 65 12 92 85 92 87 69 1 32 23 3 38 0 14 24 54 75 51 6 32 90 76 90 56 18 81 8 17 22 89 45 11 48 75 9 64 11 50 98 92 41 12 52 0 71 69 87 37 78 96 57 20 32 10 75 37 63 70 45 7 9 49 35 15 98 36 
58 64 75 97 7 22 34 7 30 92 66 34 38 16 18 70 32 89 99 55 47 11 89 11 96 11 12 17 14 54 8 6 16 47 62 55 87 19 37 57 15 83 70 43 43 35 63 64 99 15 96 50 46 4 14 64 26 64 33 55 28 10 61 73 96 63 38 37 38 4 40 0 18 87 91 71 93 30 87 61 51 84 32 50 44 95 30 36 78 6 28 94 15 11 92 72 20 93 19 79 
23 3 9 85 13 47 4 83 88 7 87 12 98 0 89 22 72 66 61 47 89 26 39 59 71 76 59 94 60 96 78 34 99 24 57 8 65 72 58 76 83 96 8 89 66 36 47 70 62 70 17 26 7 63 66 17 24 19 21 73 67 58 96 96 63 63 50 95 36 15 63 40 93 40 4 13 69 73 57 45 64 49 21 99 20 78 73 51 84 4 45 69 74 83 27 0 94 8 8 28 
67 85 24 17 84 16 48 81 98 58 48 96 55 41 43 44 0 6 4 41 1 59 25 77 29 67 83 11 33 7 51 40 76 71 77 51 42 33 68 20 25 21 61 72 27 1 59 23 14 13 7 20 83 18 13 79 98 18 83 84 69 66 77 12 90 62 20 31 60 76 17 68 18 97 86 4 67 39 25 12 39 7 40 60 38 12 19 8 76 85 64 38 42 66 41 53 76 29 52 45 
79 11 41 90 40 40 37 54 29 21 16 11 16 54 18 36 69 57 35 83 63 67 93 77 31 98 37 48 40 13 85 97 27 0 56 59 59 22 22 26 37 74 31 99 33 9 44 62 78 55 5 22 9 86 80 78 64 40 70 28 54 38 42 18 5 60 16 55 42 42 62 87 83 61 25 39 10 95 13 8 0 84 81 93 84 51 97 29 78 90 25 74 99 90 67 84 15 79 94 36 
8 8 17 12 31 51 76 92 29 1 63 38 8 68 0 68 5 12 39 21 33 62 0 2 14 34 83 55 78 55 57 51 47 77 99 35 48 93 45 65 46 69 78 43 71 69 15 56 80 61 93 79 73 51 13 42 79 76 38 53 30 31 74 62 38 9 65 94 41 49 93 61 61 49 57 1 62 9 43 51 83 14 90 58 96 37 36 83 96 36 57 35 39 96 2 91 23 54 61 17 
20 58 39 72 34 88 96 89 11 78 80 90 52 47 61 62 92 39 33 17 84 9 66 4 46 69 30 50 29 67 52 82 74 76 86 93 27 31 83 12 51 89 14 65 84 50 88 68 45 82 10 40 20 57 41 73 52 43 9 81 93 30 17 3 42 15 47 25 36 45 28 40 6 92 45 99 80 80 91 64 4 99 67 67 72 40 65 87 97 19 25 41 34 77 44 93 18 82 77 75 
98 22 76 15 10 42 25 86 84 83 11 42 36 69 46 17 27 59 41 8 70 29 72 4 49 54 29 73 8 88 56 62 50 18 21 58 42 69 57 54 19 3 66 0 89 38 20 17 17 30 11 20 27 79 2 50 12 54 9 18 79 61 96 89 58 19 86 44 87 41 21 46 94 37 34 58 59 70 10 2 65 45 46 59 41 67 43 88 42 32 63 2 92 62 40 19 39 1 72 35 
60 69 64 77 20 17 55 13 89 53 49 36 31 80 90 19 91 1 10 53 0 48 49 51 61 41 41 23 83 82 81 28 66 98 66 34 2 30 5 36 58 55 77 84 74 74 50 73 83 34 4 98 70 15 93 29 51 34 85 18 3 44 44 27 4 43 9 38 83 97 37 77 11 31 94 97 51 99 68 52 26 70 61 37 7 27 60 2 66 15 18 72 57 81 69 71 68 42 17 44 
67 49 30 6 38 25 49 34 2 54 67 74 85 54 83 90 17 10 45 85 89 5 91 3 19 8 99 83 44 85 99 24 28 7 44 23 79 64 85 95 60 96 77 43 77 44 28 6 10 26 65 62 13 0 97 13 74 17 39 15 39 50 84 39 6 96 5 16 62 19 46 9 96 80 45 59 57 3 38 60 89 95 82 95 23 52 99 28 53 59 24 45 9 63 56 5 69 16 73 46 
41 9 42 22 19 6 19 11 26 17 17 13 99 41 28 76 83 84 80 31 67 79 16 51 7 42 8 64 52 24 2 23 26 50 26 89 2 47 70 49 91 20 95 86 9 89 91 16 82 92 77 37 61 19 63 45 1 69 35 93 93 5 5 28 92 24 56 0 6 75 65 32 93 88 50 20 42 77 16 19 94 12 49 22 25 35 44 42 12 12 50 21 48 58 74 77 81 69 59 71 
10 42 12 52 44 77 9 20 17 17 35 6 90 93 54 98 51 29 87 78 36 76 23 57 44 83 7 99 49 6 91 8 87 29 86 95 26 55 98 90 19 7 49 85 1 40 94 51 16 1 62 92 40 16 61 53 38 9 56 14 72 9 74 27 0 93 71 72 36 98 64 70 59 41 47 10 67 53 22 58 17 80 17 83 34 44 30 79 5 43 23 66 47 62 45 84 38 69 79 25 
76 56 8 11 33 64 37 62 53 29 62 82 69 1 1 7 46 22 0 48 97 86 11 79 6 16 31 91 69 65 65 38 81 6 57 11 51 75 86 45 6 23 30 53 88 24 41 26 12 69 84 31 64 3 94 93 50 95 34 92 71 28 49 73 74 49 91 99 66 42 69 54 15 77 51 97 25 54 36 41 82 61 8 34 18 44 84 29 83 23 19 57 66 6 24 67 11 54 27 2 
96 26 0 30 49 45 48 78 81 42 75 34 49 52 63 26 32 81 3 26 62 28 81 77 51 17 84 59 76 43 40 75 15 29 76 3 70 22 63 84 24 97 57 56 7 85 26 73 30 12 42 95 25 30 36 63 93 17 89 94 26 5 78 53 90 11 63 49 83 83 58 38 78 83 1 53 6 2 84 11 17 55 22 12 74 52 69 7 39 89 50 85 35 97 15 31 69 86 16 97 
51 56 16 92 37 68 38 34 68 88 92 27 37 98 3 65 10 62 1 0 29 86 81 22 34 76 69 86 76 81 57 57 30 60 78 43 14 2 66 61 15 45 64 69 60 11 70 89 52 38 14 60 44 69 90 38 82 68 25 9 94 62 6 77 47 91 43 63 53 12 20 82 29 52 39 46 43 81 8 9 61 80 50 21 5 22 23 21 24 82 66 69 9 55 61 81 72 74 98 99 
63 67 2 8 67 1 84 42 78 80 71 68 37 63 67 5 51 33 39 55 29 70 4 53 74 41 93 33 38 22 33 92 54 80 51 47 75 14 38 29 19 45 78 85 84 53 19 49 75 23 73 87 1 20 99 42 34 0 28 90 87 70 28 94 80 46 88 95 91 11 1 41 33 68 56 82 75 28 89 31 6 4 89 1 43 0 67 19 82 77 47 50 27 88 97 99 49 99 37 56 
83 45 12 56 75 25 34 56 74 62 31 81 23 8 42 78 26 84 75 39 91 53 20 18 50 83 35 17 81 58 75 0 91 7 66 3 37 87 73 50 15 0 29 18 60 69 21 0 80 72 43 56 94 68 11 95 55 49 17 32 54 41 21 89 80 78 60 21 8 79 27 15 99 4 89 78 79 21 58 51 55 88 1 63 30 29 97 56 63 66 90 97 84 58 53 59 3 90 99 8 
44 69 31 32 50 62 12 79 67 65 79 4 3 38 22 46 51 97 28 9 21 84 3 22 72 32 58 97 56 10 76 60 83 15 87 52 73 60 53 45 11 32 0 88 77 56 1 31 96 8 92 36 20 60 31 44 2 61 73 85 4 2 18 85 53 46 53 26 0 66 1 74 54 55 59 79 65 62 27 62 62 83 70 85 86 62 34 51 91 80 23 26 79 60 88 93 3 65 90 51 
29 23 93 15 61 35 37 74 17 14 8 13 45 33 45 62 61 64 28 78 28 17 89 2 87 34 36 30 29 19 30 45 45 37 22 88 36 73 85 84 62 17 40 74 46 87 50 54 37 43 16 25 27 70 52 18 90 16 86 49 52 79 70 4 79 41 84 31 61 77 0 66 73 4 72 97 70 4 40 41 79 69 89 91 86 64 5 93 17 63 54 51 10 31 95 13 81 6 95 29 
36 28 30 25 92 29 32 46 95 2 32 55 57 16 50 86 51 65 43 60 34 17 4 71 16 36 69 45 51 39 91 51 10 0 12 60 56 86 27 75 27 68 26 25 80 6 29 6 45 87 59 26 87 3 13 57 66 55 96 92 73 46 17 14 39 51 53 26 20 80 71 63 34 53 3 4 1 59 33 66 93 95 33 61 77 41 6 41 37 6 4 57 87 90 16 41 32 40 19 52 
37 7 42 58 84 78 41 64 33 92 24 69 6 36 26 92 59 16 29 80 61 81 58 15 29 47 49 95 57 43 58 27 55 0 29 88 38 16 23 7 21 45 69 36 41 7 24 30 48 69 78 10 6 85 15 5 63 57 10 41 96 43 14 73 76 81 28 33 43 19 45 64 36 23 84 17 54 27 73 5 93 85 71 47 30 40 77 5 22 87 12 8 53 55 69 6 7 15 84 11 
37 0 33 17 9 52 72 50 18 11 85 96 95 19 56 72 17 50 72 28 58 11 97 17 40 39 45 94 75 77 36 67 11 39 56 43 81 51 24 55 77 99 63 90 79 31 41 55 94 59 6 84 60 28 18 68 26 40 90 35 18 74 20 35 76 30 68 11 30 36 85 84 34 95 51 40 32 6 17 79 88 47 22 97 30 43 24 74 54 85 35 99 31 72 61 69 99 27 99 16 
35 46 82 19 60 41 35 20 46 95 50 70 20 9 0 51 42 90 92 19 70 15 96 59 14 80 96 47 64 63 52 30 62 6 21 80 42 88 66 23 44 38 20 29 23 9 51 44 4 70 95 50 52 70 18 27 59 45 22 94 58 20 41 25 41 50 91 42 9 75 35 72 35 51 54 86 19 51 48 19 35 25 37 38 97 9 46 43 55 68 63 86 87 55 96 73 13 92 36 72 
51 95 63 7 39 93 36 31 22 43 81 81 97 89 3 6 65 13 22 52 86 71 58 83 74 42 34 47 57 94 49 14 76 25 90 83 21 31 12 9 16 29 0 4 49 41 45 4 74 6 20 3 7 0 12 70 47 89 76 64 58 6 99 31 33 96 64 8 66 11 15 21 19 51 94 64 66 83 13 23 75 56 63 2 50 47 73 53 2 53 74 52 82 60 8 5 90 67 99 49 
69 60 44 65 67 79 28 83 20 20 98 0 56 83 52 37 32 18 27 18 47 26 76 96 19 48 22 62 60 66 54 25 38 90 5 99 21 0 51 30 35 80 74 10 11 87 54 88 62 61 10 31 48 13 79 10 96 16 99 64 8 50 92 55 87 31 38 47 85 74 34 19 63 12 72 17 82 85 62 60 14 95 98 30 16 10 51 55 27 50 55 65 86 43 49 62 25 88 53 58 
43 75 12 92 20 57 61 95 93 9 70 70 11 19 24 61 8 11 24 45 35 4 1 68 24 88 13 43 98 81 54 33 5 96 85 59 72 4 86 79 23 27 22 43 72 92 22 17 45 58 15 8 88 58 27 69 9 77 96 79 43 59 18 54 47 55 90 7 74 49 92 76 41 51 58 53 92 86 4 92 70 80 53 44 20 34 38 48 32 24 81 76 24 53 8 35 18 88 16 15 
60 45 47 92 39 75 98 70 70 44 61 28 83 9 65 73 54 43 1 7 21 27 20 26 27 96 4 81 95 10 54 38 80 92 80 56 85 6 30 26 23 11 59 52 41 20 20 24 88 90 61 3 19 81 19 47 48 54 7 20 26 98 40 94 34 42 72 31 89 66 47 40 35 28 26 18 43 14 12 30 94 19 87 3 98 7 50 77 94 39 4 60 93 68 84 88 46 95 55 8 
13 81 19 25 8 62 94 51 55 63 7 53 75 91 38 35 26 60 65 50 68 43 20 78 45 45 17 39 94 59 52 73 91 86 68 86 37 88 64 20 71 35 64 12 21 15 72 56 28 99 24 43 9 4 48 85 53 63 29 86 33 71 85 49 70 2 35 8 4 87 11 48 99 72 44 87 79 5 42 93 14 2 24 65 40 13 13 32 27 43 57 21 36 92 53 48 56 95 19 28 
1 36 94 1 9 92 92 67 54 55 85 94 98 66 6 88 36 61 68 33 77 91 14 16 79 95 31 50 98 56 66 79 36 48 30 66 55 71 83 98 88 11 65 52 66 49 14 54 42 33 31 58 10 73 40 73 81 35 28 51 32 83 52 0 85 56 79 62 28 59 46 75 17 70 86 64 44 13 24 82 6 57 3 57 81 74 46 32 1 42 84 0 46 49 44 73 91 7 47 99 
