100
27 18 51 70 78 74 15 42 45 26 2 29 51 10 97 57 39 27 72 94 86 35 59 19 42 69 63 92 27 39 12 48 4 94 89 66 20 84 70 5 66 75 52 91 37 81 15 46 27 95 33 26 14 27 19 62 42 84 20 64 95 37 19 41 28 90 17 28 27 81 98 70 89 5 0 82 32 44 32 67 30 7 79 96 45 45 96 36 88 70 71 7 30 89 16 46 7 41 72 21 
77 94 51 33 9 63 5 21 80 63 47 45 89 95 40 2 37 35 67 30 89 86 39 85 14 85 23 30 2 4 53 70 30 42 35 5 4 68 25 84 96 25 44 40 97 30 67 50 30 82 31 45 94 44 74 80 85 61 36 36 21 69 37 96 28 13 18 61 84 24 60 48 50 86 27 43 96 8 55 36 75 43 98 75 31 44 53 30 9 84 74 57 64 87 41 84 8 4 1 92 
33 74 41 50 74 38 94 92 84 50 83 51 9 57 29 73 92 26 69 67 28 82 79 73 28 80 29 89 50 24 82 57 98 95 71 42 10 24 75 62 29 3 96 50 67 83 39 79 17 75 52 67 90 45 11 81 9 47 6 38 79 5 65 16 36 43 49 53 25 23 40 31 11 66 50 98 11 79 99 71 53 73 40 93 81 96 30 56 11 55 79 71 39 50 48 82 79 46 74 51 
51 14 3 27 72 68 68 23 40 74 84 30 28 71 42 58 58 92 82 69 15 88 8 32 27 12 89 27 67 41 7 56 22 92 74 21 17 6 11 71 11 86 54 77 4 72 17 37 25 47 94 13 17 30 59 58 37 52 77 15 3 44 30 35 27 18 7 18 97 34 11 67 54 70 69 6 79 47 76 5 48 89 42 54 76 54 57 20 60 45 87 96 68 38 93 87 4 61 10 92 
81 13 20 72 77 86 82 30 34 3 48 92 21 70 43 86 74 43 9 93 9 38 28 33 53 3 20 6 97 97 5 55 14 35 81 64 67 49 29 94 38 35 55 48 15 65 76 44 94 94 86 19 63 87 28 99 23 69 67 5 31 29 19 34 24 16 76 66 73 43 72 53 0 58 72 92 94 98 74 94 42 18 19 62 89 4 59 66 46 24 23 4 8 16 75 77 42 31 78 86 
59 38 72 61 26 48 48 75 42 46 49 84 55 81 18 50 9 91 87 87 21 91 90 59 13 16 88 30 73 68 48 35 83 15 85 38 32 82 85 4 35 55 83 74 60 86 37 39 61 65 21 71 13 27 0 38 26 79 97 42 62 0 74 41 11 29 42 23 78 95 97 19 41 39 90 40 42 25 68 50 33 34 26 25 3 43 8 69 75 37 86 48 69 24 41 96 13 2 96 72 
69 77 49 8 26 57 36 12 55 25 24 26 53 79 61 20 92 3 11 94 74 34 16 41 88 91 24 3 16 72 75 97 99 36 52 66 8 11 93 91 91 3 51 57 96 33 80 36 0 99 46 66 64 29 23 57 16 66 71 11 88 10 48 26 85 37 27 66 28 66 25 85 55 13 33 9 72 34 73 27 11 26 0 7 65 98 85 42 36 46 1 63 19 61 94 92 98 45 23 4 
8 68 41 24 0 2 79 34 7 2 56 59 86 67 74 62 41 53 40 81 20 22 66 80 61 42 70 98 91 75 51 98 51 39 48 54 27 20 15 29 89 6 12 14 18 84 14 40 58 94 36 80 18 46 39 58 70 70 51 27 22 15 24 89 5 13 68 16 50 93 17 37 21 34 52 74 75 73 49 31 23 89 57 99 23 83 73 81 82 13 53 55 81 41 68 53 3 29 59 84 
12 5 8 78 51 32 7 78 73 82 77 35 10 47 29 83 3 54 48 98 55 64 82 88 66 72 47 42 58 21 13 32 94 82 74 87 93 83 86 34 94 52 42 87 54 62 67 79 65 14 69 20 50 83 59 19 11 92 59 53 46 52 71 65 31 56 48 54 95 41 16 40 25 5 54 26 76 22 26 2 9 68 40 78 34 46 70 86 63 3 81 97 65 26 36 64 78 81 55 99 
88 23 2 57 34 26 89 63 28 7 5 7 14 1 91 93 8 35 75 33 10 48 86 40 39 40 83 2 20 31 1 98 90 64 2 26 79 72 38 28 47 91 40 48 85 49 77 65 3 32 10 73 48 5 14 26 46 76 3 3 39 6 6 39 94 84 78 62 55 29 42 23 14 31 36 55 31 76 63 46 94 14 82 95 6 87 13 88 73 10 41 0 55 77 74 37 95 64 75 39 
55 69 26 7 55 68 79 80 13 65 56 20 88 50 60 54 23 24 5 97 34 17 99 6 45 47 80 7 93 49 60 65 11 45 87 11 65 91 67 68 71 5 88 27 35 32 89 28 9 91 78 45 80 98 59 43 94 41 18 25 17 42 53 34 12 83 11 17 43 4 7 56 95 0 52 94 26 81 50 76 24 76 50 74 5 87 13 99 82 24 43 40 55 74 98 28 66 17 55 66 
59 60 51 13 42 80 89 21 50 35 6 37 12 61 13 94 15 83 16 96 79 14 20 7 89 1 45 0 62 23 42 41 9 87 52 75 11 58 86 78 69 24 19 87 73 9 10 66 47 7 76 98 23 39 23 7 48 35 31 74 76 86 3 19 65 71 26 73 63 62 59 32 49 85 14 38 47 6 95 64 56 79 28 25 52 80 21 35 76 11 15 15 61 36 45 60 30 8 21 23 
3 93 94 21 82 28 39 23 43 86 74 88 13 98 15 26 67 54 88 17 68 11 5 16 2 11 89 26 70 32 76 17 21 52 74 86 73 78 53 28 13 2 66 35 72 13 46 97 43 74 27 85 95 93 55 45 4 27 34 3 51 14 76 49 10 30 15 80 31 8 18 16 0 80 42 75 3 51 57 82 79 15 70 97 83 92 75 4 88 42 76 86 13 61 17 73 82 66 28 60 
98 25 35 21 12 50 73 14 20 2 60 33 43 59 10 13 49 15 61 79 8 39 47 23 12 36 15 48 54 19 39 78 60 96 80 39 55 98 39 11 2 88 91 21 82 39 55 60 74 87 35 68 10 97 2 61 96 29 96 65 96 74 97 60 97 72 79 19 35 72 60 89 48 91 54 62 76 81 86 8 12 16 6 85 25 79 74 29 11 10 98 58 95 59 90 72 50 77 5 28 
30 59 58 67 99 1 94 27 66 0 3 7 65 83 76 3 45 24 84 22 51 64 94 20 4 86 33 43 27 44 88 35 6 13 82 95 2 5 18 12 71 48 18 58 81 99 98 31 57 1 31 69 6 69 6 74 1 77 59 48 8 2 17 30 16 28 20 63 82 20 14 94 28 68 1 63 3 65 3 60 85 86 12 13 44 94 24 66 25 80 32 99 50 94 90 65 3 27 88 79 
14 40 79 52 14 48 87 92 95 23 66 9 93 23 32 72 71 83 69 0 99 83 36 41 46 40 33 3 3 42 44 67 76 96 1 30 25 73 91 60 32 81 9 6 94 13 32 87 88 90 27 5 87 9 92 0 87 20 7 26 0 68 17 43 41 48 3 13 7 63 26 85 50 22 45 99 19 17 66 99 30 67 89 84 2 33 53 78 96 98 1 48 42 38 8 27 35 40 44 3 
49 28 66 39 71 50 36 93 91 67 0 17 52 96 66 93 77 5 76 25 99 40 28 36 74 40 18 51 38 69 26 61 45 60 90 80 34 10 12 21 88 84 8 21 9 55 54 52 66 84 57 5 56 10 31 9 18 9 38 19 40 88 9 32 23 54 34 69 19 49 42 27 65 32 25 38 32 32 62 13 16 79 67 9 17 36 28 24 56 37 31 75 75 0 30 65 11 68 60 49 
29 76 69 26 97 75 47 38 53 25 87 70 16 93 86 20 24 17 54 10 43 15 89 85 91 28 18 74 88 28 85 83 28 39 19 67 92 44 51 30 25 90 79 17 97 40 85 98 14 40 15 36 65 17 26 53 9 83 37 69 72 90 79 22 30 8 90 79 72 83 47 74 97 58 30 81 24 27 37 85 28 74 87 4 51 33 51 76 42 52 99 25 26 0 30 98 52 49 43 40 
48 98 3 30 36 40 62 37 55 47 58 5 16 18 70 17 41 79 55 21 98 32 58 20 21 67 16 67 94 85 49 74 53 85 72 10 11 99 22 96 30 95 4 14 58 14 76 5 74 91 59 90 67 70 13 54 2 24 39 44 3 38 10 2 65 70 55 75 15 26 84 62 15 27 54 77 45 10 26 9 16 92 22 24 91 48 78 16 89 44 34 43 34 18 51 1 20 84 44 65 
67 24 44 28 27 52 47 69 55 48 27 12 6 82 29 76 94 30 66 55 55 89 90 45 32 60 28 79 10 9 46 31 37 5 50 68 11 68 42 51 89 82 56 76 26 18 65 46 2 2 92 23 83 56 17 29 89 62 44 12 34 62 44 46 87 52 20 67 98 0 83 38 51 63 97 38 10 62 70 4 57 63 42 42 54 22 85 96 86 74 87 72 16 52 45 86 20 51 51 96 
32 35 16 64 14 85 90 50 45 36 3 81 32 25 96 42 20 28 10 13 3 51 20 44 8 22 92 49 1 3 47 43 45 40 8 47 73 41 34 56 88 58 14 1 9 50 8 47 79 91 13 86 35 70 48 8 52 85 1 95 86 12 19 55 88 71 57 43 2 9 3 14 35 78 64 69 8 93 30 28 41 59 75 2 61 27 38 79 76 33 99 33 84 90 63 92 63 20 81 77 
70 96 89 21 43 13 72 55 73 79 6 76 30 74 41 20 70 56 2 9 66 58 0 69 44 63 74 6 89 99 62 84 12 62 97 71 88 83 29 2 63 69 39 23 87 55 21 0 0 34 15 14 19 94 95 40 12 24 60 69 32 89 30 34 51 46 42 5 29 58 5 31 96 27 42 3 0 62 13 56 2 36 55 22 28 49 73 56 22 18 84 69 77 5 7 95 64 47 27 10 
60 99 17 87 48 20 66 3 81 34 60 81 5 49 69 50 66 0 18 35 79 73 41 61 11 65 31 97 79 40 51 19 65 4 27 74 3 77 19 83 37 73 59 12 90 36 43 58 71 66 74 20 78 59 34 17 71 53 97 25 58 11 89 60 83 45 39 26 67 54 86 31 57 48 51 74 3 93 89 46 88 92 84 20 15 90 37 10 65 1 22 38 40 78 75 22 7 4 90 90 
58 76 77 89 45 2 78 48 2 69 95 82 91 10 63 67 15 46 3 80 73 39 94 81 62 87 35 23 90 19 98 47 94 63 22 15 28 47 53 31 84 87 21 46 61 0 54 44 39 80 58 79 49 82 94 16 32 3 3 82 68 72 12 5 74 23 55 24 93 51 63 8 56 25 5 90 63 21 24 86 78 93 20 25 7 93 51 72 30 19 8 38 49 9 32 78 62 56 59 27 
3 62 24 15 39 82 54 84 51 14 38 99 47 14 28 30 89 38 27 57 5 60 46 49 61 32 58 63 1 77 78 75 58 32 50 38 52 35 12 98 17 66 46 95 1 1 36 35 9 99 53 66 63 38 43 55 33 82 84 54 31 74 47 42 72 9 87 0 49 48 38 63 96 39 94 55 55 43 24 74 36 48 54 67 78 69 86 80 80 60 79 27 80 32 41 90 45 53 7 29 
65 58 14 31 7 62 30 52 57 76 63 73 64 97 4 76 16 41 7 40 78 44 40 42 10 16 99 88 67 51 91 75 73 78 85 89 92 51 83 15 15 98 33 15 49 11 13 81 16 42 31 83 68 71 89 77 28 92 18 27 63 55 58 87 42 48 5 47 75 14 12 3 83 89 78 60 59 63 36 9 26 11 37 10 16 22 17 62 71 93 42 99 92 2 21 14 83 73 64 15 
86 22 18 93 69 7 35 42 29 87 72 64 80 63 89 73 86 98 29 77 93 3 26 82 60 11 19 26 74 38 77 57 93 6 26 42 59 90 94 54 95 44 29 63 3 67 18 96 84 39 1 19 5 3 72 1 90 61 47 76 86 81 45 2 47 79 9 78 11 84 66 24 95 95 72 60 72 90 77 57 79 46 89 30 95 57 53 67 78 60 51 96 5 87 99 63 46 29 16 98 
5 16 46 93 24 66 97 83 43 93 36 2 33 58 3 83 36 13 8 73 61 28 91 90 43 0 81 8 23 9 48 22 93 1 97 69 76 17 61 28 31 7 97 25 41 94 13 19 93 77 64 74 28 65 23 26 50 83 87 60 24 22 99 73 70 75 14 64 21 41 60 60 84 87 7 48 80 32 50 16 90 45 74 45 40 56 6 31 94 94 77 95 75 19 5 82 92 77 34 22 
18 25 50 27 40 16 55 19 56 36 29 56 52 73 59 10 96 81 35 47 62 22 20 86 56 6 81 12 67 61 73 42 68 18 7 85 59 97 89 57 59 68 10 4 76 80 28 26 15 67 89 57 40 13 55 97 70 64 50 55 33 42 65 58 15 13 39 33 96 36 81 6 13 98 12 30 1 27 98 96 72 37 64 62 15 39 99 51 55 35 49 82 25 32 70 94 16 91 89 80 
10 40 18 31 16 49 67 88 17 7 93 75 16 45 5 3 48 46 33 77 44 4 99 75 6 15 29 88 29 56 10 68 86 1 18 33 57 63 72 5 52 65 84 75 48 77 2 66 61 16 70 81 31 13 15 74 8 43 55 16 13 93 18 78 19 73 34 49 98 25 27 43 87 9 14 71 94 35 61 84 66 95 56 12 41 18 84 61 58 33 21 86 49 42 70 79 53 47 7 64 
76 91 44 26 63 64 80 24 60 56 92 64 33 64 15 19 78 3 27 42 89 36 11 42 35 49 85 38 99 1 60 18 75 14 96 86 77 83 64 1 53 81 34 23 78 18 55 36 12 71 77 19 56 81 82 61 18 69 76 8 93 58 59 90 66 50 18 1 48 80 36 58 36 32 30 10 12 21 2 87 67 38 50 95 99 16 86 71 66 20 10 90 42 50 61 58 84 92 49 58 
70 52 8 39 84 27 93 78 58 94 58 74 35 94 73 32 46 35 68 28 43 65 96 81 32 99 42 26 90 6 91 29 31 93 2 90 41 12 0 90 52 79 85 67 56 16 73 88 34 49 16 99 40 32 49 43 15 93 29 28 61 46 35 78 87 3 99 29 79 95 80 79 67 68 6 60 98 68 34 1 78 95 13 19 30 62 7 86 47 5 35 85 39 90 38 39 48 49 37 26 
18 99 53 2 63 16 78 40 91 89 13 79 15 93 0 83 51 70 57 81 41 65 67 54 38 20 21 59 46 51 28 54 24 46 47 19 24 38 21 70 90 6 56 40 73 81 55 66 23 20 8 18 72 81 68 88 26 91 13 38 65 92 43 9 97 45 54 11 2 91 79 53 68 54 8 7 31 61 74 8 91 53 49 96 51 30 69 88 54 86 21 9 18 26 47 43 45 91 27 62 
25 71 67 32 14 2 64 11 40 39 27 99 8 74 14 53 72 3 80 75 82 87 78 4 69 33 86 28 56 93 22 58 36 91 61 91 31 9 87 35 9 31 80 20 34 8 59 22 39 61 25 81 23 28 1 35 32 23 67 79 29 62 57 43 4 0 75 51 98 35 39 12 56 3 47 51 24 61 80 89 1 14 74 11 61 73 94 60 65 53 87 31 97 87 0 36 61 56 65 58 
91 50 26 82 80 82 54 22 30 66 71 5 94 35 97 60 32 84 56 53 84 26 89 4 93 82 38 48 8 34 97 75 80 97 46 39 12 83 39 10 81 99 54 36 67 86 25 4 30 30 69 19 91 60 9 75 87 96 66 85 53 80 77 20 95 45 96 93 99 21 48 80 62 77 42 3 42 20 75 53 81 35 18 65 24 81 34 63 50 54 14 24 98 30 95 49 44 58 18 30 
41 9 22 46 8 0 39 45 87 62 78 27 12 27 35 43 3 40 50 40 31 96 61 17 90 92 98 64 4 34 38 79 71 51 44 37 10 72 13 59 83 65 23 13 31 30 88 79 63 60 81 38 83 92 9 78 48 27 52 36 23 51 43 21 93 64 1 49 78 78 36 51 9 57 21 56 4 35 30 24 0 68 42 90 32 32 68 26 2 93 74 96 36 41 69 77 83 94 49 98 
83 71 63 59 8 34 84 64 34 29 97 52 44 26 58 5 5 32 57 51 69 49 89 69 8 69 9 25 93 52 90 66 50 28 59 83 10 92 56 13 41 93 33 84 73 75 79 5 45 2 98 54 43 59 35 58 6 3 73 74 86 26 37 25 1 20 72 54 61 45 64 27 14 52 75 50 25 91 2 28 11 49 41 92 2 74 76 0 80 33 77 51 52 36 84 56 81 58 65 23 
56 81 64 67 23 11 52 93 93 88 0 30 92 14 62 21 12 44 62 13 61 0 8 31 63 21 0 15 7 58 31 2 27 71 15 23 59 56 29 19 60 78 36 42 37 25 87 94 27 48 9 39 57 77 16 77 40 22 57 98 52 26 27 63 70 23 82 48 38 7 10 8 52 89 92 36 67 66 91 25 50 38 87 21 45 40 4 67 2 9 96 32 17 76 40 84 4 77 14 32 
23 58 54 18 27 62 96 0 13 8 4 45 3 5 26 93 39 52 32 57 25 19 37 86 97 75 53 58 61 43 44 14 36 44 22 90 95 19 90 12 75 65 0 65 68 78 81 91 70 26 42 97 81 73 18 6 2 62 73 95 65 25 73 40 61 9 97 91 17 32 61 95 76 10 31 35 13 90 46 38 75 1 43 17 77 54 43 71 36 9 21 59 86 32 67 60 66 70 6 23 
93 84 49 10 16 91 88 14 80 8 78 78 96 10 84 45 86 51 44 43 14 44 49 64 88 73 35 97 1 63 45 72 60 6 21 63 26 66 35 99 9 58 15 31 87 57 77 97 52 50 2 66 96 95 78 80 61 9 92 16 57 86 96 78 36 41 76 74 6 85 0 87 8 41 57 57 39 45 81 32 63 7 70 37 43 79 23 16 18 16 25 90 59 75 86 91 21 49 69 22 
39 88 63 33 9 57 19 84 3 35 82 1 7 33 18 89 89 69 15 37 57 4 26 90 7 6 61 96 31 75 19 81 89 49 6 91 14 60 38 49 31 17 32 17 40 78 32 74 45 1 23 61 24 7 10 37 39 45 45 37 79 7 22 41 87 91 11 68 29 57 70 74 73 76 72 0 85 10 25 60 85 41 43 78 6 47 26 88 35 62 36 13 43 25 2 47 99 90 87 94 
15 94 97 88 41 43 89 96 13 67 79 1 6 80 51 14 97 34 2 6 93 49 67 54 15 32 68 92 84 77 82 84 63 52 54 83 69 35 74 1 29 30 57 50 31 5 7 22 0 89 74 55 76 55 84 96 20 77 97 75 55 90 7 65 86 31 35 56 88 74 81 46 85 73 27 71 65 35 63 41 27 56 75 13 26 47 14 2 35 74 65 44 18 51 10 23 33 68 5 30 
5 53 87 3 5 35 11 18 5 52 62 33 82 17 23 57 96 11 69 7 24 30 85 51 25 27 45 55 37 56 99 64 20 22 42 47 55 71 12 68 10 77 34 80 47 50 5 81 9 66 24 96 53 0 60 61 18 45 51 12 46 98 54 72 52 54 55 11 42 84 26 97 78 44 14 21 68 72 65 15 19 16 91 25 90 89 32 88 95 26 0 48 36 66 99 78 55 77 7 42 
31 4 92 74 98 5 80 53 55 66 38 96 5 53 54 8 53 45 1 66 52 12 68 13 54 74 59 32 19 3 11 8 69 25 38 28 21 12 6 65 58 89 94 58 4 57 99 94 39 28 42 33 34 83 90 70 98 80 57 99 5 99 65 49 98 7 19 30 4 56 55 35 76 72 15 39 44 48 23 32 51 67 77 80 42 98 38 64 19 10 31 31 58 24 31 66 68 35 56 57 
37 51 99 2 85 8 30 27 78 24 92 39 69 81 50 91 19 84 97 38 79 96 77 76 1 4 58 1 21 21 35 33 44 76 40 61 32 24 51 81 10 52 8 93 20 68 7 0 94 45 54 95 21 41 46 51 96 86 14 10 90 72 39 22 57 21 1 87 84 88 22 21 6 13 72 64 90 72 5 66 56 17 68 95 83 26 98 56 93 56 45 72 41 30 45 39 13 39 36 13 
54 54 43 21 15 77 57 15 79 25 28 76 3 28 75 26 23 97 1 87 15 85 41 54 86 63 89 91 87 50 97 10 12 44 37 82 17 33 79 18 60 55 59 90 0 36 58 76 71 51 67 21 39 92 79 71 56 95 81 95 44 3 73 88 33 15 56 44 12 94 31 71 3 76 9 36 78 38 72 63 22 57 79 78 7 73 6 37 59 58 89 22 97 34 6 54 74 83 57 40 
49 19 81 5 35 5 90 43 75 46 59 50 81 87 76 74 31 87 24 72 52 59 21 30 41 39 13 25 26 60 93 16 73 44 72 6 75 45 60 38 68 1 16 33 32 76 20 37 54 63 46 6 94 7 61 4 53 11 78 15 51 17 12 6 99 1 29 12 41 1 75 62 88 8 35 42 26 6 41 16 7 27 78 54 22 36 86 52 57 58 1 15 85 33 88 11 2 52 69 19 
51 68 52 90 15 26 28 80 39 38 36 34 72 18 5 75 2 95 13 14 70 28 72 65 10 16 84 64 31 54 17 49 72 85 97 39 46 6 59 56 13 92 60 2 11 67 12 46 70 26 72 85 23 31 54 63 50 66 76 48 31 60 66 60 83 98 86 97 66 28 86 26 36 2 11 85 46 45 70 38 44 5 9 3 21 77 6 23 18 74 29 49 34 2 66 71 80 88 95 63 
79 28 46 86 16 46 31 25 20 0 57 96 48 95 40 87 42 24 62 91 12 50 15 86 58 80 49 92 24 33 95 72 44 42 68 69 20 28 99 11 75 54 55 34 46 8 50 69 10 13 59 50 57 67 20 23 43 47 66 10 25 90 74 19 21 83 41 46 77 67 10 82 31 37 70 52 33 29 68 90 64 61 42 7 66 64 84 3 53 19 22 77 85 95 58 7 32 69 62 15 
40 68 22 27 74 93 12 60 25 82 4 96 58 37 23 35 60 19 98 94 26 36 90 62 11 41 89 73 30 66 71 93 0 25 30 17 57 17 62 75 62 51 22 9 64 68 56 1 68 40 65 16 88 42 85 69 5 90 51 29 15 40 3 86 70 76 57 64 3 48 19 37 27 41 44 82 14 79 9 50 80 66 66 24 15 30 31 98 13 57 55 38 50 61 56 69 67 2 89 41 
27 12 19 15 96 97 90 24 77 59 52 23 78 48 4 78 49 29 17 36 10 3 74 65 25 6 80 52 65 52 19 17 49 61 76 45 18 66 4 27 71 5 31 77 3 35 26 67 6 2 27 4 6 54 48 69 32 37 72 61 70 28 64 35 72 6 99 46 39 37 52 22 89 94 97 39 75 83 56 64 75 52 64 39 28 73 51 92 63 94 85 98 63 58 32 5 14 46 34 13 
99 82 18 64 83 58 43 97 60 15 6 96 96 8 72 26 36 56 38 40 23 69 82 13 5 73 21 9 16 12 18 13 45 7 88 40 92 61 67 83 10 84 6 85 88 59 65 34 16 69 42 66 73 43 2 20 26 1 96 87 54 65 39 14 77 21 36 74 41 39 39 37 26 14 93 45 14 50 91 13 20 60 4 56 59 99 62 39 96 90 7 8 62 77 22 36 89 30 7 93 
5 89 19 32 25 68 53 70 73 22 79 45 34 35 55 29 59 34 53 49 90 64 35 56 88 88 96 4 63 99 18 79 43 58 52 62 34 64 46 49 18 45 25 50 11 12 46 1 40 42 4 88 23 69 91 80 97 60 12 49 83 81 99 83 72 56 3 66 7 15 20 8 76 97 30 4 38 79 37 30 84 43 93 15 60 80 41 80 70 92 4 25 90 95 20 78 68 93 85 9 
99 32 42 8 41 46 54 55 17 52 74 73 95 68 87 15 17 17 36 86 63 20 28 50 39 96 62 92 12 9 2 83 47 47 69 52 59 22 86 66 94 19 91 41 71 66 39 66 61 19 91 74 25 77 5 39 84 12 29 39 43 84 54 47 73 66 81 22 80 59 96 52 66 57 94 84 73 99 75 77 59 48 79 68 30 93 15 53 35 28 77 80 67 13 93 27 73 61 68 87 
58 47 62 57 44 79 91 48 25 38 35 13 65 58 51 74 64 12 45 16 70 9 92 43 84 35 95 81 2 98 17 93 7 21 65 3 80 99 42 56 79 61 70 46 21 74 99 60 17 66 7 85 47 33 67 68 25 13 44 11 76 42 99 86 0 78 49 2 75 57 52 99 39 97 1 98 21 4 83 44 9 0 81 99 67 78 52 69 91 58 56 89 68 20 36 72 18 48 31 57 
45 81 18 80 31 47 77 88 3 77 59 5 77 67 65 80 7 9 64 94 27 59 64 62 11 59 2 16 26 29 82 64 43 33 48 35 90 34 70 79 47 27 39 43 49 34 34 98 25 88 96 54 95 26 70 76 40 24 88 30 79 59 46 36 24 21 13 62 50 62 58 30 78 76 19 14 2 23 10 36 71 35 97 87 46 98 18 91 41 6 28 8 57 77 27 95 63 15 28 48 
89 98 43 73 49 10 77 55 24 50 17 74 46 26 49 31 22 32 59 8 91 79 35 62 32 73 26 22 45 25 94 96 85 45 63 33 1 26 78 88 36 71 22 57 37 55 34 55 71 11 53 10 2 85 67 31 54 76 15 48 29 25 70 53 63 23 53 58 36 78 78 56 53 86 39 46 78 32 4 72 11 9 24 69 61 78 94 20 80 1 68 71 64 53 16 31 81 36 81 61 
35 5 35 92 7 27 17 74 92 70 41 63 22 8 69 9 64 65 93 62 87 30 23 86 95 34 13 37 8 65 41 52 52 65 71 89 64 37 66 97 62 46 82 2 24 92 19 56 36 14 69 49 5 40 82 26 50 75 27 69 16 46 9 94 64 78 30 92 33 50 34 29 12 60 37 16 77 11 51 17 65 70 80 22 64 7 68 84 11 37 69 57 34 90 54 18 73 57 61 62 
95 90 42 81 18 75 33 84 28 44 1 33 16 73 56 2 54 20 59 11 63 77 25 44 16 24 12 28 2 17 63 52 47 41 36 81 99 37 80 31 81 84 27 75 39 9 62 57 30 38 80 26 75 95 7 19 84 85 16 87 27 6 99 35 69 98 98 57 55 82 26 31 46 46 23 18 69 1 55 41 68 36 33 41 11 78 39 96 91 53 15 47 82 44 20 47 59 15 93 95 
43 51 14 4 81 36 72 19 33 7 86 51 51 7 5 90 37 69 55 50 26 62 90 39 2 78 38 33 44 21 35 35 87 44 68 49 65 82 96 29 48 49 49 90 64 92 90 87 36 14 66 98 34 69 32 21 63 73 49 89 34 31 26 83 36 4 46 89 69 79 42 54 25 98 89 96 3 20 58 1 73 41 49 27 50 31 48 84 60 33 72 9 67 96 46 24 72 91 59 45 
3 91 82 52 80 72 5 43 54 56 21 65 80 85 37 24 30 42 70 24 18 26 13 70 51 14 53 24 75 90 92 31 12 9 95 79 96 23 74 33 67 95 87 34 95 16 52 24 25 25 13 14 26 8 28 43 52 89 94 12 73 33 71 13 70 79 96 1 77 50 59 55 23 93 58 11 67 7 40 38 51 13 55 51 32 60 94 95 63 85 57 71 79 39 21 15 3 39 79 15 
95 92 64 85 4 20 5 88 55 67 33 92 65 50 84 67 37 78 98 74 82 72 81 64 4 5 1 90 44 77 22 40 99 86 51 84 37 54 29 76 1 82 57 79 99 70 97 69 19 86 98 85 76 62 57 16 9 35 51 94 41 64 72 27 93 75 25 56 75 1 27 58 24 38 90 17 14 87 92 39 83 92 15 8 27 98 27 6 89 22 1 57 78 58 70 47 13 27 56 95 
91 17 13 78 48 93 61 73 73 76 0 29 79 37 16 38 46 10 1 15 63 51 29 61 89 13 88 32 44 46 28 42 86 14 84 26 72 34 35 16 8 58 53 33 56 76 79 93 92 5 52 18 80 71 90 83 86 20 27 47 78 88 24 14 53 14 76 20 55 1 97 68 73 99 40 93 14 75 1 89 57 3 12 71 13 30 97 2 15 71 47 87 62 1 96 87 74 79 81 84 
95 87 7 78 65 47 1 26 84 0 21 12 98 44 77 63 77 32 0 7 67 85 16 28 95 71 20 38 15 46 98 85 6 75 41 31 28 79 20 44 86 28 22 27 49 41 58 42 73 12 36 1 49 41 3 94 94 1 58 53 42 80 65 34 70 91 50 21 64 52 48 42 67 46 48 53 54 58 16 20 3 55 14 59 13 50 41 2 55 82 68 29 82 69 13 78 5 8 98 18 
9 50 68 59 30 32 51 14 51 69 64 41 5 87 41 71 77 7 38 39 42 72 86 92 64 73 66 85 64 25 90 73 63 24 68 0 48 34 96 10 41 69 79 82 68 76 78 17 55 20 83 9 16 68 27 59 55 18 96 18 98 52 15 70 36 39 5 47 36 73 62 2 78 56 6 37 62 16 36 73 77 3 30 98 81 42 62 21 4 37 62 3 75 92 46 95 6 86 86 69 
7 21 10 99 26 41 57 53 87 15 68 30 31 69 81 17 80 31 9 97 23 96 41 74 82 72 49 33 19 59 14 4 10 13 43 91 10 97 12 94 55 78 96 89 32 52 59 28 61 68 48 92 41 22 76 72 93 9 91 8 58 30 81 8 35 34 16 7 1 67 94 51 49 35 5 4 35 35 27 69 4 73 25 36 29 74 35 23 53 72 42 85 90 49 27 68 68 42 37 48 
6 71 95 54 63 24 58 20 80 89 38 64 98 14 11 47 54 25 5 18 5 8 27 19 53 88 55 47 67 52 28 12 37 32 37 44 30 94 33 17 95 53 47 55 49 49 27 46 21 55 55 76 72 95 77 88 43 94 15 30 23 34 16 27 33 19 58 87 87 24 25 37 13 82 82 90 75 94 89 58 19 71 38 44 23 11 67 52 60 11 88 12 75 21 53 35 58 93 79 3 
3 9 9 8 13 76 51 25 56 28 27 74 0 30 97 25 49 23 95 72 59 8 43 92 62 96 3 7 50 49 28 84 14 91 11 7 58 43 65 52 36 31 10 30 98 24 76 90 52 19 39 65 22 51 90 88 41 5 31 42 5 46 23 46 45 99 34 82 46 78 37 17 95 37 2 62 93 22 8 86 86 35 33 70 15 46 80 88 89 19 18 29 31 99 86 58 26 0 49 45 
88 94 60 42 9 74 32 95 15 58 9 16 70 85 4 9 47 88 16 25 71 84 3 6 29 11 42 11 50 76 76 25 26 40 98 91 88 61 82 0 77 36 92 47 45 13 14 84 19 44 7 19 68 56 5 0 8 97 43 79 90 20 25 53 96 46 63 78 81 62 42 57 35 62 1 8 15 38 50 17 20 47 77 8 86 71 38 4 45 46 51 29 86 83 36 20 36 59 85 71 
40 96 99 28 34 72 60 3 87 43 54 66 83 55 59 74 72 24 5 35 88 4 31 95 93 36 0 95 50 28 72 85 99 59 11 84 21 77 72 96 39 56 78 12 87 19 85 90 10 10 75 21 36 80 99 19 45 5 11 61 81 27 9 93 56 70 6 94 34 67 95 66 45 67 43 8 45 70 39 87 74 70 18 40 33 48 37 71 66 49 7 59 7 54 31 84 83 98 46 19 
39 82 24 53 90 23 56 18 70 80 34 11 17 40 49 3 70 50 30 35 27 74 39 70 67 81 33 50 94 77 29 55 43 80 21 29 72 5 21 29 77 44 48 52 94 92 99 69 0 56 52 68 78 54 87 10 38 12 60 99 87 59 47 58 17 77 21 97 49 46 46 39 57 9 89 39 75 98 90 63 48 21 66 13 70 78 99 40 3 57 82 38 36 40 6 91 46 34 77 68 
71 31 43 56 3 17 17 81 42 84 49 20 54 58 58 1 6 92 59 72 56 7 88 52 71 47 79 73 64 66 96 89 95 55 67 27 79 25 64 86 54 86 41 26 72 14 43 31 26 56 74 32 36 34 69 39 83 62 1 37 85 24 44 69 15 51 48 31 65 82 74 67 27 8 81 7 33 93 98 83 90 39 58 66 16 29 73 29 20 65 50 68 19 3 2 41 11 30 63 64 
78 8 20 72 1 98 84 99 52 98 76 48 49 25 59 68 57 18 11 38 89 29 93 26 60 74 3 37 71 65 2 91 69 1 13 55 12 33 93 81 96 32 19 35 6 37 31 13 39 40 71 42 2 78 10 50 66 61 88 68 55 69 97 74 86 48 18 25 1 16 51 13 92 70 18 75 2 34 91 34 20 61 9 2 24 35 26 81 6 57 14 16 61 3 50 56 7 95 34 58 
59 1 60 19 22 76 5 50 45 75 66 17 98 76 71 6 61 35 77 82 42 94 47 42 33 66 67 0 8 68 67 31 44 7 81 43 87 29 95 15 94 73 11 43 90 50 26 20 17 98 64 18 58 60 59 36 92 46 60 56 14 6 55 96 18 77 62 46 55 95 63 39 24 42 36 6 32 74 95 41 69 82 29 49 8 4 31 78 25 54 25 54 77 50 27 42 80 56 39 53 
31 6 25 28 64 66 71 75 36 69 2 53 90 39 22 52 33 5 2 14 70 99 80 95 60 56 96 65 49 79 51 8 77 17 6 80 57 0 42 73 98 51 0 14 9 64 70 49 29 79 2 31 46 6 66 47 56 77 21 32 27 94 52 5 88 74 41 80 53 54 35 7 20 0 33 8 56 42 99 88 74 89 1 72 67 66 36 17 95 91 25 40 39 10 16 79 2 28 65 40 
96 22 3 81 22 19 14 1 25 80 56 77 26 70 6 93 40 90 51 14 41 63 78 97 55 61 9 91 59 43 4 79 74 2 93 87 87 5 96 50 64 2 46 2 69 8 80 64 41 98 21 47 85 16 23 54 44 19 27 99 91 67 36 15 54 36 90 45 26 17 86 91 45 21 47 62 94 34 0 56 20 40 98 75 24 17 9 8 48 88 55 21 5 4 31 41 16 31 66 25 
45 92 22 24 92 23 33 43 67 93 25 42 86 87 14 36 24 46 30 71 24 82 66 60 89 96 68 73 55 67 82 77 17 85 66 89 8 78 89 48 6 61 23 3 15 94 93 76 89 44 75 86 91 68 57 56 17 85 93 14 88 3 75 13 68 40 1 73 32 77 99 53 41 46 18 97 37 93 21 75 61 60 44 94 39 68 78 17 46 91 28 24 36 48 11 29 84 43 17 55 
41 10 34 8 2 68 56 31 87 93 31 70 10 69 78 10 77 58 19 14 56 52 47 44 20 38 66 10 82 16 61 92 64 35 79 66 58 83 61 9 49 68 57 46 86 71 50 30 37 76 63 2 1 17 42 75 15 28 21 50 52 1 90 94 66 23 6 32 56 7 18 22 97 32 41 36 47 35 72 53 35 1 89 88 37 66 50 60 71 54 0 19 71 28 79 19 37 13 97 84 
27 54 79 59 79 88 35 76 93 8 27 69 46 44 95 58 99 42 96 50 79 89 17 50 71 60 82 11 59 75 86 24 52 36 96 83 54 99 19 27 39 42 97 13 8 65 59 75 22 34 77 1 50 39 8 20 40 87 55 36 98 14 32 63 62 60 32 26 81 82 55 0 73 76 66 28 4 74 18 32 69 62 87 57 93 97 68 78 80 34 92 70 93 90 63 8 55 78 62 37 
71 3 0 77 91 9 82 24 96 4 90 21 3 15 28 23 19 96 36 31 36 24 79 79 75 55 87 54 29 82 16 29 28 57 47 21 61 16 64 41 6 29 36 52 88 37 85 40 58 75 68 47 67 7 91 35 58 79 52 56 99 66 19 61 62 29 47 84 76 91 65 71 28 22 87 22 69 2 84 7 36 74 30 76 61 79 68 49 59 72 98 40 16 7 9 93 34 34 98 46 
35 84 67 27 21 17 62 41 68 81 71 18 5 1 64 12 82 67 3 14 54 62 96 77 93 49 4 88 54 34 17 39 39 13 85 28 49 21 45 16 44 26 6 29 56 90 1 7 98 7 24 87 97 32 46 44 99 71 15 31 37 9 8 88 17 52 60 98 7 27 10 47 10 80 54 14 40 52 8 51 85 48 86 21 70 77 96 10 79 62 68 36 52 83 65 25 51 86 61 19 
7 88 22 55 34 3 1 48 13 43 73 9 2 93 80 57 94 6 21 66 35 78 89 16 75 18 51 11 32 96 1 60 66 28 87 89 63 86 93 15 35 64 30 63 2 8 30 47 18 98 80 77 23 19 28 6 25 18 7 72 48 3 32 11 76 61 44 68 70 76 43 36 66 26 58 26 19 61 28 8 12 69 80 33 1 60 53 36 22 60 49 81 59 99 19 71 41 62 24 9 
49 16 54 5 94 72 83 97 38 79 57 45 7 97 16 57 62 67 47 80 8 64 75 2 76 86 6 34 69 99 34 47 23 2 14 32 13 47 90 74 34 55 61 76 5 40 36 39 50 85 57 98 76 29 0 64 98 41 81 9 79 71 27 70 65 2 17 61 76 11 85 45 57 75 89 91 16 9 25 95 29 2 92 15 36 56 51 10 34 69 2 1 14 81 26 39 59 19 9 37 
72 63 83 92 17 10 77 11 30 86 7 27 78 41 88 82 45 40 75 79 28 12 95 56 41 20 60 78 17 85 51 44 78 49 66 66 63 93 62 88 1 8 77 78 37 22 77 85 23 74 85 21 69 43 6 90 3 63 74 96 79 35 43 91 77 68 31 30 82 86 9 52 21 66 92 47 72 24 69 9 4 56 72 44 29 48 27 81 94 72 10 73 26 77 42 20 9 39 69 87 
89 99 22 17 49 52 24 81 99 62 40 25 60 25 85 76 74 58 89 42 71 50 58 96 35 83 91 62 58 77 92 78 13 82 74 75 11 96 30 36 3 94 65 63 64 70 63 30 55 71 28 44 6 86 54 16 32 93 78 0 18 9 19 29 45 66 15 56 38 26 20 38 68 15 64 69 79 14 40 5 50 8 82 65 53 47 81 50 7 71 97 25 16 40 9 35 3 40 24 5 
11 77 45 84 54 15 50 37 4 98 51 36 2 80 16 33 64 35 99 97 67 76 17 94 40 53 12 91 91 24 73 83 52 67 44 62 11 93 70 96 84 32 35 35 72 36 44 11 57 5 27 23 69 46 94 49 38 20 10 15 29 25 36 86 18 69 31 59 98 44 97 9 37 41 64 64 20 37 84 9 51 99 5 71 5 21 50 84 19 48 66 4 5 49 80 17 24 33 13 24 
71 50 69 70 7 95 46 42 19 41 42 92 62 70 57 99 12 21 34 72 78 35 96 97 67 11 84 97 22 95 99 93 11 46 6 3 87 95 23 83 43 26 4 87 44 27 88 24 50 95 46 34 42 23 19 11 15 18 63 7 85 10 26 59 37 95 14 45 21 52 67 11 66 32 84 68 59 46 76 52 33 0 93 11 9 19 43 41 28 32 55 22 68 13 42 20 19 5 81 69 
34 87 76 74 78 85 89 46 39 56 26 26 92 98 82 74 69 71 20 21 39 88 66 93 5 85 63 44 21 66 5 52 92 67 13 10 90 69 19 28 76 49 7 43 94 29 45 17 80 28 44 26 80 62 65 55 19 33 92 99 53 39 14 74 89 6 67 70 1 32 50 82 74 58 19 16 45 84 11 70 6 3 61 98 15 13 1 29 57 28 80 11 94 70 12 68 10 89 61 97 
2 68 69 56 80 94 19 44 64 75 89 24 93 50 96 38 85 97 52 57 80 30 9 36 23 33 67 50 60 27 38 5 38 92 15 83 29 98 78 54 6 5 14 99 87 14 22 14 10 10 74 96 84 38 28 6 90 21 60 79 95 10 49 67 87 31 93 72 23 87 78 18 79 53 94 89 63 93 29 72 68 57 50 41 95 33 97 44 98 82 88 22 82 0 57 32 87 66 70 23 
10 55 74 34 32 45 78 82 34 31 6 5 98 82 60 76 49 93 31 49 68 95 48 99 9 32 75 56 81 56 30 47 36 35 59 45 53 66 9 19 87 94 31 70 55 59 53 59 71 54 51 89 14 83 31 60 88 68 87 50 7 21 65 61 82 62 46 92 38 91 95 6 71 51 51 46 46 36 66 34 41 18 84 1 48 32 0 35 4 66 43 68 72 16 15 29 17 0 67 42 
44 66 72 48 79 70 47 5 29 15 53 91 90 59 27 31 11 50 58 5 20 13 59 98 76 87 89 2 95 35 72 4 8 11 65 98 28 6 86 31 19 3 26 36 77 20 64 3 64 74 45 31 86 47 53 75 23 48 70 17 84 89 51 29 16 89 94 7 80 58 74 6 10 43 5 79 26 67 90 92 68 81 31 86 3 43 0 68 24 11 8 88 71 52 19 7 41 6 53 69 
65 58 35 67 76 19 49 64 92 2 37 33 55 57 14 92 99 8 99 46 87 38 56 56 71 8 44 37 60 51 92 43 56 92 78 38 65 35 65 21 65 27 56 1 6 91 53 16 82 73 21 13 79 76 54 1 25 88 92 10 11 61 49 46 87 56 77 19 7 46 29 87 71 13 34 50 4 47 88 94 50 98 40 37 15 3 33 74 40 53 99 7 52 88 55 69 2 44 87 58 
59 13 84 71 66 58 39 81 77 9 49 11 53 63 17 52 19 47 91 44 12 90 93 63 7 33 58 69 90 55 61 0 49 59 87 79 21 46 63 31 28 77 23 40 40 24 73 24 37 54 48 69 22 72 60 5 59 18 80 17 35 80 95 48 47 47 49 13 41 73 48 81 5 38 54 29 10 73 19 28 12 53 53 44 86 27 16 3 23 15 70 42 95 24 71 95 81 64 66 82 
71 4 39 12 52 30 35 53 29 79 48 30 54 77 61 88 64 99 95 28 43 95 67 53 6 84 26 95 14 9 8 22 62 22 16 74 74 13 70 25 97 48 26 99 64 19 89 64 55 71 50 2 91 34 57 7 38 28 47 94 41 65 12 27 64 87 60 67 76 43 10 28 98 51 8 82 5 92 86 73 29 80 36 64 43 19 0 61 56 58 35 66 35 77 17 48 72 12 64 92 
40 29 14 17 31 37 85 23 10 18 36 3 42 97 63 38 42 79 52 36 0 70 92 33 11 81 92 22 36 88 70 95 28 61 23 36 77 24 7 35 93 35 10 91 96 3 79 87 10 23 89 46 69 44 55 26 14 32 65 62 47 84 94 28 12 86 8 51 15 92 60 22 29 92 98 41 35 81 24 87 3 93 63 91 41 43 46 4 16 24 6 44 90 0 65 37 63 55 99 2 
64 78 53 53 9 51 49 61 55 85 41 29 17 70 76 14 63 82 5 90 40 4 10 25 72 60 30 87 19 10 11 82 67 61 32 24 19 86 41 4 8 58 51 13 68 51 91 72 98 10 78 99 76 26 95 85 47 85 69 70 94 6 68 60 20 54 56 39 43 62 20 49 72 69 78 59 35 25 86 70 27 61 0 11 91 51 48 43 34 9 60 18 54 11 19 75 68 93 47 16 
64 42 52 33 42 80 87 96 4 55 81 78 64 98 48 74 25 37 69 36 74 23 66 65 15 41 46 62 28 12 62 99 85 74 62 87 13 25 27 90 19 3 14 73 96 50 95 20 74 66 20 45 26 83 6 76 14 23 82 78 40 37 64 80 35 45 82 21 35 8 78 32 27 1 29 65 10 58 58 67 66 43 98 15 8 3 28 40 63 73 61 64 76 69 26 61 53 27 11 98 
93 66 41 25 90 95 11 72 44 73 40 9 7 90 51 26 21 92 99 48 67 57 4 55 45 66 93 37 62 41 53 28 38 97 58 14 86 37 50 68 68 95 49 22 66 26 24 17 40 13 48 58 19 25 87 62 52 3 22 5 13 16 72 65 31 39 75 37 79 54 15 59 49 38 7 70 38 4 66 95 86 39 73 16 89 16 3 12 99 71 19 89 40 21 75 58 80 20 88 45 
94 42 90 70 15 14 24 46 44 0 7 77 43 83 3 33 34 29 33 75 59 3 23 63 77 51 96 21 0 58 74 65 68 42 19 15 45 53 74 61 72 73 81 93 26 98 57 3 53 52 12 86 80 40 95 61 96 30 61 44 35 61 22 4 20 55 15 78 68 32 23 53 39 35 43 32 2 70 40 50 88 40 25 12 40 89 47 94 74 31 63 34 44 30 83 90 3 29 97 59 
0 18 4 45 61 57 65 41 30 20 30 98 37 58 11 91 70 58 72 99 18 99 95 18 48 37 10 60 40 25 16 39 64 68 62 45 44 11 46 30 51 35 50 4 55 22 9 96 27 70 92 92 7 77 6 97 63 61 30 59 53 58 60 30 9 13 34 93 33 12 30 78 3 8 21 59 88 20 28 54 71 18 14 9 39 54 15 33 7 5 37 44 1 64 8 63 69 97 7 3 
