100
70 72 51 2 43 14 93 62 82 91 33 99 69 75 23 12 84 43 52 22 6 24 31 61 11 99 0 84 57 67 19 5 53 80 83 63 95 71 23 30 70 85 34 57 76 67 25 38 76 80 77 58 89 83 34 17 97 46 55 8 54 89 74 57 42 31 42 68 29 62 94 31 81 25 31 80 54 95 95 13 32 6 5 83 42 95 62 2 16 90 54 33 6 30 84 37 93 97 38 21 
30 1 41 62 36 69 45 30 74 77 72 38 59 59 44 20 22 31 98 90 52 93 54 74 3 79 79 32 48 71 10 79 89 47 46 66 14 95 73 47 97 47 39 0 21 13 95 47 10 78 92 87 96 89 64 58 97 66 9 73 86 78 24 14 57 39 80 91 84 96 78 63 21 14 30 90 76 11 60 46 84 82 74 42 34 0 67 1 88 34 81 36 65 94 8 70 44 22 50 57 
60 52 11 93 22 35 70 21 87 21 75 87 23 58 4 0 20 10 13 15 14 66 65 45 59 97 68 88 57 11 64 47 1 32 29 11 90 36 97 77 63 6 57 72 14 83 99 86 44 23 15 1 52 3 57 89 83 50 52 49 22 10 32 95 77 74 49 84 60 60 48 41 89 72 3 75 76 14 41 54 80 65 66 89 73 99 93 10 74 29 90 92 92 86 12 17 95 56 32 9 
87 74 59 28 38 40 75 35 19 52 64 84 42 94 76 74 54 63 95 7 12 39 21 94 14 13 13 31 79 9 78 32 53 13 85 20 13 51 88 89 92 35 32 39 20 2 91 2 99 93 41 81 88 0 17 99 78 17 32 46 68 46 42 0 53 58 50 95 18 91 22 12 48 66 19 57 94 47 90 20 83 16 98 0 55 53 42 43 25 94 20 68 60 74 56 34 93 85 50 94 
76 72 86 50 62 18 81 1 92 17 19 64 44 17 28 33 75 98 79 54 69 80 68 43 37 19 0 21 14 15 78 75 96 92 52 80 55 9 76 76 41 39 77 17 79 10 78 73 91 58 49 76 71 47 66 96 78 71 17 57 10 11 24 51 94 63 57 33 16 54 92 59 8 65 71 10 90 70 85 90 28 56 55 76 34 62 23 87 48 23 66 34 50 53 29 3 71 64 23 78 
25 58 67 63 35 57 9 75 68 44 28 14 41 53 78 29 43 75 13 51 58 45 1 24 20 24 60 90 85 12 77 90 1 89 51 71 62 59 1 20 57 53 53 64 38 25 70 84 56 96 10 73 38 19 76 34 23 55 28 32 5 78 99 42 7 69 80 26 74 45 40 14 5 68 31 78 56 76 44 84 90 61 66 48 80 62 49 3 8 74 69 35 15 75 34 76 57 65 18 38 
91 33 84 45 51 34 50 67 28 38 2 53 48 92 50 44 82 0 60 55 10 21 93 0 79 86 47 47 88 19 86 58 38 87 84 84 36 58 14 94 23 67 87 55 88 37 5 33 40 50 33 68 83 42 93 81 77 63 47 94 79 57 87 93 22 41 15 8 55 10 70 53 72 16 62 64 11 23 48 5 43 73 88 16 8 75 38 19 20 82 61 65 41 21 3 68 43 61 24 31 
27 31 67 1 25 45 62 62 4 77 68 63 70 10 77 90 30 92 20 92 34 27 98 26 29 9 18 32 1 96 45 7 46 45 35 71 87 47 83 87 88 5 53 4 63 54 20 31 44 71 23 4 81 57 1 99 94 43 36 35 34 32 64 25 51 77 87 79 4 94 31 71 71 29 89 91 99 22 38 64 60 75 3 72 65 29 2 65 5 47 0 87 55 92 14 57 51 66 0 54 
74 56 24 93 44 75 88 35 60 83 65 8 1 4 22 75 84 96 59 80 27 39 56 63 96 88 49 22 49 32 97 82 73 56 66 53 2 50 33 50 85 94 30 74 87 1 8 93 0 1 7 42 84 41 31 17 11 53 73 33 52 58 20 78 17 37 62 36 74 22 27 36 61 76 82 59 78 59 12 45 27 78 9 81 10 87 8 56 17 55 85 13 72 39 54 94 29 11 59 94 
34 4 92 37 65 89 3 29 14 97 95 44 14 92 43 19 70 28 78 81 48 50 57 32 50 64 18 64 34 71 94 22 54 55 6 63 17 37 0 64 66 47 6 27 73 14 72 1 67 82 14 58 68 71 72 84 60 90 28 88 39 35 87 89 98 49 9 75 14 39 9 49 22 16 16 16 0 21 24 59 41 72 28 1 24 53 51 9 77 62 77 66 4 65 93 97 68 30 73 29 
34 43 46 32 32 13 55 63 79 52 59 81 17 6 52 69 53 51 27 70 15 75 15 40 71 72 2 85 27 65 33 30 79 98 61 60 17 64 6 71 75 49 50 86 49 48 19 59 73 94 44 41 82 75 86 16 79 3 65 28 16 11 38 84 89 57 13 9 42 91 0 40 5 56 11 23 90 50 36 89 87 35 22 8 24 49 8 66 18 48 61 6 70 75 10 57 27 3 41 78 
88 4 56 0 96 54 72 72 7 54 39 62 51 57 13 88 42 72 42 44 89 16 88 71 75 79 56 84 94 4 85 40 55 82 81 85 51 74 70 57 55 65 29 65 18 72 91 30 55 32 59 90 1 61 30 52 38 79 34 83 99 95 92 67 46 36 58 44 45 2 70 15 71 2 17 5 99 2 79 26 88 38 7 72 25 78 51 87 0 54 47 88 45 54 67 7 81 8 62 64 
5 45 95 7 63 82 49 7 13 58 8 71 26 36 27 75 17 80 50 52 96 2 31 38 85 44 41 79 36 58 37 66 5 33 4 43 20 90 93 75 55 4 8 60 47 3 44 8 67 69 98 35 53 88 21 2 62 36 51 97 89 58 67 84 26 18 65 69 68 7 61 38 59 11 85 79 31 42 3 22 17 67 23 8 36 73 4 85 88 74 63 42 78 22 75 84 85 95 68 96 
34 28 67 18 66 29 30 38 42 3 98 84 25 50 56 14 99 27 90 40 26 89 98 85 70 9 30 72 67 92 84 16 85 5 37 18 25 66 22 93 5 70 89 88 26 40 68 66 75 82 97 27 35 25 18 54 23 23 6 25 65 93 80 51 66 52 90 79 12 38 55 72 38 65 80 76 55 9 67 33 92 85 44 66 87 5 67 62 64 95 36 26 1 23 83 36 84 38 21 0 
99 76 78 33 20 21 76 30 94 8 86 45 38 42 88 21 92 37 8 98 89 45 69 92 80 61 2 3 30 44 49 73 46 89 1 22 51 22 48 5 48 17 65 88 20 33 58 61 49 85 10 96 32 13 62 71 40 70 62 80 91 24 89 35 20 51 50 87 99 14 4 29 55 88 14 76 99 84 86 99 94 84 99 76 48 15 53 93 90 79 3 2 50 29 32 62 99 58 27 44 
24 16 38 5 33 97 22 4 23 34 92 50 62 31 94 90 52 72 38 75 49 2 6 33 43 57 6 17 36 13 58 16 74 86 61 43 25 34 85 67 49 74 72 29 4 63 79 59 94 51 25 41 70 28 3 72 13 1 82 85 40 49 76 65 89 19 67 6 69 46 50 8 54 21 36 9 32 27 98 26 15 79 33 73 6 34 8 56 15 25 82 74 60 93 35 7 3 47 17 14 
15 44 97 47 90 3 62 47 35 3 6 21 56 75 90 89 44 81 75 61 41 94 85 20 37 98 85 66 10 13 8 91 0 89 86 64 30 62 26 92 48 92 31 82 73 32 57 8 53 35 83 43 75 4 92 48 73 87 24 97 18 89 81 83 98 22 17 42 7 97 97 97 65 52 83 23 44 64 13 72 28 24 93 42 91 40 71 94 80 71 63 83 50 49 35 18 3 50 7 46 
54 34 75 99 88 33 88 23 50 70 23 38 68 7 94 99 33 24 41 75 40 56 71 44 39 78 35 24 73 3 13 70 91 25 18 90 70 18 65 84 70 47 77 86 82 86 91 89 91 34 99 90 58 97 72 78 21 84 97 65 50 81 26 74 4 83 52 6 4 32 59 81 88 50 99 77 13 41 97 11 89 48 25 58 76 55 36 33 89 2 94 93 12 17 57 7 79 99 40 40 
69 4 61 48 79 84 90 15 61 92 68 1 67 14 40 89 67 57 46 5 21 41 32 43 25 80 52 78 70 49 58 57 42 46 22 60 52 23 34 84 48 66 70 10 78 8 9 28 36 44 78 88 46 48 30 2 36 76 83 15 10 51 93 78 94 32 11 13 66 7 19 89 69 34 66 46 47 27 70 40 50 58 73 60 78 39 75 17 12 98 68 77 3 78 2 94 75 77 57 35 
10 82 67 34 42 9 58 43 83 45 71 68 44 93 56 30 21 28 89 53 33 75 42 2 33 65 42 73 10 55 49 41 69 79 28 45 92 78 70 44 47 37 95 3 68 79 37 70 39 89 20 2 47 13 8 33 87 29 87 10 43 19 2 26 92 94 45 44 41 57 20 48 20 89 94 51 34 42 14 59 62 26 38 96 18 78 99 81 75 8 41 83 56 94 83 32 44 91 81 22 
59 26 69 60 79 84 38 47 99 0 3 52 44 56 41 9 57 91 17 81 11 57 82 98 31 31 23 1 54 4 87 24 70 7 42 26 35 62 85 10 79 58 19 87 57 4 6 12 63 99 54 0 37 61 54 24 14 94 24 4 87 90 49 20 34 38 76 38 21 53 78 36 0 24 43 35 45 55 57 1 70 60 94 32 97 55 47 40 62 81 79 35 9 22 83 2 89 44 56 85 
1 8 12 78 51 71 72 97 33 81 91 86 41 31 0 17 21 62 13 48 75 57 29 36 94 44 90 56 45 90 30 8 72 42 24 91 41 44 96 38 42 87 88 15 37 74 84 4 85 59 61 87 70 32 55 75 42 55 40 9 66 67 87 56 3 66 40 60 35 45 87 80 95 22 51 83 43 19 27 45 98 49 7 87 8 17 20 98 72 44 28 51 33 58 93 36 12 75 40 50 
80 56 89 21 6 10 2 0 84 81 58 28 35 10 30 21 74 23 68 18 25 21 75 92 60 97 97 92 35 94 27 15 60 25 50 60 35 79 39 83 98 13 32 51 14 72 1 92 21 36 59 9 91 43 70 58 29 50 62 65 76 30 58 69 20 83 40 84 52 8 46 51 55 55 25 39 1 46 0 40 0 24 73 84 74 71 18 92 16 92 49 66 22 22 47 8 11 2 8 40 
58 88 98 45 5 45 22 67 66 39 35 11 19 36 66 73 12 43 97 90 6 92 62 79 41 71 41 86 55 29 6 12 9 82 89 77 12 65 34 21 75 96 2 64 71 23 84 80 41 97 60 96 44 12 92 41 76 7 28 74 67 49 86 57 59 54 33 13 23 45 42 35 65 22 41 93 51 4 85 64 20 13 53 45 56 65 78 90 25 88 95 87 64 89 30 99 11 78 71 87 
16 35 24 15 45 8 96 63 91 78 85 84 21 0 42 51 66 27 77 28 96 52 31 86 40 25 47 49 98 8 6 17 17 56 42 55 47 2 62 10 48 81 96 10 60 15 30 74 54 20 83 78 61 94 86 26 91 12 85 44 52 20 67 4 86 48 47 91 40 3 45 44 65 79 22 18 93 52 56 63 65 90 79 8 69 39 22 6 37 2 96 7 4 2 28 98 19 68 8 13 
5 99 76 66 98 98 75 8 84 56 45 74 14 60 9 25 13 1 39 23 83 17 35 89 72 73 54 54 89 89 11 82 32 70 96 66 24 83 26 1 26 26 50 94 79 0 75 34 87 72 86 77 3 53 24 52 70 91 1 27 54 67 76 45 95 49 40 62 13 49 7 50 47 31 55 25 18 13 67 36 82 80 66 45 86 99 67 16 66 98 14 35 99 52 55 77 93 0 98 15 
9 51 30 62 17 8 19 53 11 19 23 97 32 62 83 93 57 35 69 33 55 48 19 28 66 17 32 82 59 59 92 16 5 89 29 68 38 97 79 88 46 25 63 91 56 84 93 74 28 34 53 98 96 16 16 5 70 13 14 30 41 11 74 40 23 89 12 68 41 77 9 91 88 62 47 90 84 38 72 98 56 73 79 92 45 51 64 63 29 34 8 66 6 67 28 3 95 96 98 14 
65 72 18 85 51 9 75 56 65 26 93 69 43 81 68 36 81 51 32 96 22 13 31 8 50 19 64 24 48 17 31 6 72 40 89 66 9 51 8 59 9 54 90 11 26 77 72 36 47 90 18 56 77 93 6 20 87 13 23 98 32 44 47 1 37 88 96 53 18 19 28 22 79 49 11 41 39 24 80 99 58 95 40 45 44 38 40 9 85 15 97 88 16 87 46 46 80 46 31 52 
52 23 45 78 7 12 26 46 87 27 91 72 40 59 83 32 67 97 90 60 46 58 48 79 49 92 46 60 62 44 80 1 7 57 87 50 39 7 58 75 48 24 81 8 32 55 77 85 88 90 95 45 33 54 30 16 75 49 36 12 34 70 21 43 9 96 98 83 62 55 87 36 32 56 20 9 57 40 82 6 9 72 48 95 75 24 65 16 33 10 2 53 74 59 80 11 10 46 66 56 
9 69 1 5 49 60 62 71 26 27 33 35 75 11 0 62 63 30 4 1 52 37 93 95 40 58 10 26 32 59 1 15 61 9 8 20 66 30 17 95 77 39 48 51 25 37 92 81 1 54 46 31 91 54 96 44 80 53 18 3 21 76 79 5 1 58 83 50 79 20 6 21 4 21 40 58 7 41 64 42 29 10 68 84 94 89 30 62 6 92 97 80 80 12 44 14 62 2 21 91 
65 63 60 45 57 57 31 59 77 83 57 65 34 77 55 70 1 27 84 0 18 33 82 72 95 79 10 9 30 72 5 78 11 83 8 56 60 7 33 30 33 45 17 42 94 19 89 5 21 43 9 69 86 59 36 19 4 77 70 62 46 28 89 77 79 80 6 31 95 13 23 61 5 2 79 6 90 3 43 93 76 48 57 42 49 29 92 14 82 75 16 62 91 24 46 40 35 39 20 2 
38 47 90 10 22 86 14 8 73 64 77 8 61 90 75 59 48 96 61 5 23 6 24 46 7 77 10 18 48 24 48 28 12 42 97 5 34 36 42 2 7 18 46 84 27 98 95 36 25 92 83 69 57 41 38 91 39 80 54 58 94 85 0 46 48 37 46 74 17 80 46 24 48 73 85 5 66 65 73 79 56 2 38 57 14 82 41 11 70 35 56 2 15 57 39 31 29 82 77 75 
37 21 61 34 42 25 61 30 59 59 67 83 88 80 34 75 67 66 47 53 33 86 54 43 40 37 97 43 4 54 48 85 44 82 28 50 63 29 87 4 74 4 71 2 65 31 12 88 2 80 77 96 81 38 9 65 61 79 71 45 49 81 74 71 51 36 46 68 68 15 37 44 79 88 6 62 35 42 36 54 30 4 82 55 24 7 61 65 72 60 97 14 63 17 29 2 93 91 29 13 
14 36 0 88 13 24 18 58 54 99 86 70 67 57 26 66 92 2 20 87 77 83 7 2 12 19 84 1 24 73 70 50 94 64 4 21 37 47 40 52 17 13 61 3 6 14 61 57 55 34 32 41 58 64 34 50 98 74 87 22 85 54 51 72 18 89 24 61 60 41 48 74 81 43 61 16 6 94 81 78 59 57 22 57 63 48 84 46 76 18 74 55 38 88 91 38 78 76 66 56 
69 13 1 48 8 91 34 27 12 58 43 79 54 62 46 80 16 13 77 51 21 18 5 58 18 50 54 56 17 50 45 21 15 38 57 55 53 67 79 1 82 69 85 46 12 21 71 90 35 23 72 16 28 7 80 57 70 39 76 7 52 88 27 81 12 17 83 66 46 11 65 92 38 43 4 33 54 22 72 37 99 50 20 15 76 15 85 94 72 78 21 14 62 7 29 49 46 55 61 88 
86 85 67 38 99 8 93 12 45 79 13 88 85 63 48 33 67 39 29 73 75 16 6 14 52 92 84 48 31 31 18 61 93 72 86 43 33 68 66 91 69 36 43 97 57 13 27 80 14 23 14 54 24 28 71 97 46 75 19 41 38 89 50 92 23 55 22 74 21 9 26 41 32 64 89 64 87 48 50 22 51 38 13 44 54 6 87 24 73 44 88 60 53 91 27 54 61 75 75 25 
94 55 12 42 86 73 80 21 89 76 48 90 41 50 52 97 40 44 89 33 82 61 78 81 5 36 80 60 29 92 20 46 8 28 42 96 61 97 85 57 92 10 98 13 21 81 22 51 18 76 96 14 23 78 30 34 32 50 0 51 81 48 2 47 83 70 75 98 46 67 30 8 85 2 22 6 60 32 57 82 88 93 41 11 54 69 87 38 52 51 82 20 63 75 0 23 67 84 22 31 
53 60 95 56 29 13 31 33 35 87 17 1 88 75 61 14 96 91 64 84 88 95 90 57 13 95 69 4 66 37 21 11 99 49 80 56 60 16 70 6 92 11 69 21 55 83 43 0 76 82 65 83 91 47 64 74 89 82 85 50 92 5 56 15 43 53 58 67 45 37 17 44 4 54 89 53 76 31 60 91 76 0 78 14 25 47 22 67 10 52 83 84 85 11 86 70 97 84 73 12 
15 1 40 64 80 3 61 10 9 78 69 81 96 29 0 34 97 46 71 7 24 33 99 26 40 82 32 48 41 46 28 25 32 32 26 12 63 92 84 12 38 6 79 17 22 50 39 50 84 53 43 30 14 19 28 9 99 88 66 16 92 43 19 69 84 54 75 38 24 7 63 40 57 86 86 98 36 73 73 94 3 60 82 64 92 74 48 12 70 83 69 70 63 17 16 57 67 60 51 33 
27 22 75 16 7 32 24 82 86 47 27 14 8 43 19 17 29 31 43 78 81 41 10 99 85 76 93 69 70 59 77 84 34 15 13 1 27 86 70 71 31 91 35 65 94 99 74 66 72 0 25 91 14 31 71 52 79 29 57 19 84 76 38 47 62 76 56 25 71 91 71 12 38 11 64 57 90 2 29 52 25 83 87 14 41 35 16 57 81 63 36 83 52 82 8 77 67 34 1 24 
40 50 21 76 75 60 14 14 39 53 97 66 31 74 51 42 44 71 0 48 75 54 29 33 89 56 32 66 34 61 92 79 77 15 13 32 22 87 75 80 81 9 23 85 43 18 9 14 47 97 43 73 74 93 11 36 98 44 22 20 15 84 83 54 58 61 75 21 10 29 60 42 33 63 59 38 15 47 23 22 14 64 21 53 92 23 60 44 62 1 77 62 66 52 83 4 55 28 98 24 
97 99 55 77 36 15 42 22 74 18 31 31 53 60 1 10 22 47 42 15 11 27 60 78 34 61 34 86 74 43 12 25 17 11 17 23 30 83 13 54 61 52 65 95 73 13 43 31 78 96 59 47 65 22 95 69 10 99 39 62 17 7 16 60 97 35 50 99 23 15 72 27 43 67 52 11 49 21 90 91 9 3 0 53 77 61 92 64 99 44 26 15 34 15 95 77 93 19 13 40 
4 23 97 5 18 0 52 98 35 57 43 37 27 23 1 6 81 43 82 80 30 74 79 30 38 77 66 35 22 38 68 54 58 84 50 26 8 48 3 78 81 78 61 70 88 28 37 71 96 18 66 19 92 44 29 96 38 50 63 53 59 76 31 62 59 64 57 81 34 21 59 97 61 33 53 56 85 41 11 75 94 70 51 87 35 57 29 92 55 14 59 14 11 90 2 28 14 38 92 0 
60 14 17 76 30 96 20 38 98 87 57 45 34 74 85 43 12 76 87 18 82 72 14 84 57 79 34 17 52 88 57 30 63 98 41 41 55 77 51 43 16 49 66 91 13 89 61 75 1 4 21 82 80 96 16 85 84 26 38 14 21 90 95 28 23 47 94 82 34 4 18 74 60 79 4 11 73 9 49 19 64 91 92 62 42 33 8 53 90 12 15 78 65 44 72 64 70 39 26 83 
38 44 43 23 70 81 89 87 7 8 32 64 72 24 42 6 89 98 18 19 37 36 6 15 76 40 65 54 45 92 39 70 72 76 87 66 35 16 6 86 52 67 32 28 73 15 18 21 80 24 42 38 75 32 47 79 23 82 22 56 89 74 74 9 91 68 83 62 8 12 24 51 37 78 41 15 16 64 57 17 28 3 73 18 8 98 67 20 46 19 14 76 42 55 35 13 91 16 66 76 
66 67 38 17 89 39 74 54 16 46 84 85 52 38 5 32 8 52 52 25 52 75 71 79 26 8 37 11 57 64 19 68 69 7 37 39 31 57 67 76 93 5 20 53 84 94 3 57 55 26 35 98 46 31 96 40 22 99 31 37 38 9 42 93 35 85 8 56 34 91 53 63 43 43 18 4 54 31 55 20 61 7 87 37 70 29 54 29 67 93 55 38 80 86 41 15 10 76 78 65 
63 60 49 53 10 95 44 54 71 82 80 51 53 91 39 27 43 12 52 86 32 83 30 30 27 77 40 50 9 84 54 14 64 73 69 30 59 48 30 53 34 42 65 11 79 95 75 74 34 91 88 30 22 27 20 32 7 59 27 56 92 29 12 35 86 12 63 37 82 8 58 51 7 54 50 85 22 20 2 68 20 22 97 93 37 85 79 14 64 90 16 34 45 17 50 59 97 14 87 25 
47 59 3 1 65 32 64 50 91 70 29 28 68 75 56 62 4 10 69 96 4 53 62 84 19 52 36 71 18 18 34 94 9 8 85 29 54 1 82 42 22 86 61 60 57 72 12 15 31 57 96 18 87 14 89 33 0 59 90 19 86 36 73 55 83 22 92 23 84 83 48 88 78 11 63 90 31 61 7 66 84 73 61 11 28 30 21 92 99 47 43 10 84 86 57 58 75 72 37 36 
45 62 64 53 26 5 39 84 88 69 18 97 84 46 1 95 46 84 65 43 61 84 40 44 63 2 75 92 40 11 33 28 76 3 74 21 47 0 51 86 18 13 41 43 62 30 2 52 0 95 52 28 8 48 83 44 78 18 55 27 45 31 66 68 91 19 72 43 22 42 3 89 63 89 94 36 63 60 99 17 74 23 91 74 90 73 37 30 0 99 35 14 43 36 90 14 63 23 0 89 
9 4 18 14 12 55 74 80 58 10 64 62 26 11 14 2 39 24 50 16 35 84 91 61 18 69 24 49 38 92 72 48 27 57 86 5 29 8 76 94 57 59 21 18 74 5 94 49 37 12 21 18 38 19 96 20 52 84 30 83 51 70 79 91 86 81 85 82 74 44 61 38 83 90 81 55 93 48 74 10 11 2 3 13 54 10 4 11 51 68 53 75 91 17 38 53 77 72 69 68 
99 29 11 61 83 83 24 82 83 78 11 74 31 17 55 57 69 0 90 79 69 18 4 44 87 41 92 21 42 89 56 85 90 2 62 60 65 74 29 13 93 75 1 76 4 76 2 84 96 71 29 54 72 26 58 44 14 72 39 86 25 54 56 58 36 57 15 32 14 17 11 25 36 10 30 83 10 71 26 40 38 55 84 75 60 82 41 32 56 49 32 76 35 86 10 41 80 66 57 44 
56 57 82 36 98 55 95 32 14 35 18 0 15 22 80 65 4 60 16 80 82 20 56 94 49 87 93 32 92 28 16 59 74 39 98 87 91 35 71 9 34 87 64 80 34 74 53 66 11 54 54 11 10 4 15 97 81 58 56 50 41 47 33 1 12 6 28 69 11 7 4 88 6 81 25 95 84 63 97 98 1 25 96 88 76 45 39 70 52 70 30 31 57 13 97 55 4 84 88 89 
31 91 98 32 60 65 75 90 59 80 15 62 31 80 92 94 83 49 34 19 57 82 35 50 84 77 74 93 12 37 60 68 71 56 18 36 17 84 83 71 25 57 17 3 20 54 38 0 88 75 72 98 73 79 13 23 19 50 93 61 75 59 96 36 88 21 61 55 42 30 90 7 57 3 14 59 84 77 14 65 89 31 20 9 66 69 93 54 16 67 40 56 5 95 49 47 3 13 35 95 
37 6 91 24 12 8 92 80 39 36 70 90 78 41 13 44 18 64 21 68 18 91 48 80 21 36 72 20 61 38 41 85 86 70 16 81 88 54 62 19 16 74 78 74 16 30 27 88 93 61 69 42 50 55 91 84 81 40 96 32 23 31 29 1 9 85 46 18 17 47 44 25 36 57 32 39 36 96 12 7 2 55 32 94 41 99 20 78 53 99 95 53 47 47 94 82 73 94 37 60 
13 12 61 29 54 2 50 23 44 34 83 46 7 64 0 18 45 96 73 25 5 40 78 18 70 8 95 98 60 18 5 56 52 16 39 24 26 39 64 31 18 3 83 20 38 57 94 18 53 76 3 41 29 21 90 89 12 99 29 29 84 12 58 72 57 54 36 45 57 26 7 99 44 18 78 17 85 44 84 75 35 76 47 95 32 10 29 72 32 48 92 42 60 67 11 67 5 2 76 43 
73 32 56 71 41 54 18 41 42 90 92 64 40 80 32 72 65 13 51 57 34 33 91 26 33 90 9 52 52 44 10 70 53 8 22 81 36 26 33 40 87 99 45 51 89 89 10 96 38 93 3 20 0 99 70 21 74 43 86 94 14 77 54 5 25 71 33 2 29 2 0 45 1 79 6 89 43 66 24 56 36 74 10 86 65 20 10 48 96 9 69 83 82 85 58 43 74 56 68 99 
11 84 23 77 25 57 47 28 10 45 29 73 81 23 93 13 96 8 88 40 44 89 30 23 83 27 8 90 64 60 50 51 8 19 86 10 88 65 19 90 53 36 54 32 9 75 32 4 25 82 46 16 6 67 74 14 83 10 23 47 84 67 5 53 66 34 92 20 43 89 15 86 89 25 62 52 83 8 56 20 56 99 17 94 16 72 20 82 50 44 8 52 10 94 1 76 21 88 82 91 
15 20 20 60 61 39 89 76 87 7 85 2 93 51 22 52 71 62 0 66 74 90 11 82 62 60 70 20 1 33 51 2 78 18 66 69 83 96 12 78 49 5 36 29 80 31 73 55 77 15 39 54 49 29 55 15 71 84 38 60 31 13 86 38 99 95 95 89 42 72 76 5 59 9 40 77 87 65 30 20 96 86 13 63 74 75 21 14 1 93 40 22 75 17 48 60 57 98 52 2 
74 39 20 38 46 62 64 54 32 49 55 4 68 30 1 73 23 68 38 42 18 12 74 78 96 35 95 17 22 82 41 25 6 9 1 13 67 62 8 64 67 92 26 28 77 46 18 49 83 12 32 63 99 62 31 25 16 65 0 81 83 50 1 76 38 51 30 74 86 14 68 12 16 4 51 95 60 14 58 26 18 56 46 97 66 73 4 53 22 9 32 74 55 60 60 32 76 11 52 32 
34 27 83 62 18 53 32 93 3 29 40 73 37 0 69 23 2 55 54 12 33 58 13 30 68 96 8 58 17 66 38 3 66 58 96 23 29 13 51 23 82 51 19 61 53 72 83 65 4 99 42 15 60 72 21 24 63 22 9 84 15 24 72 21 60 71 8 54 9 97 88 11 17 34 47 79 61 52 55 17 99 21 81 47 35 4 98 10 60 26 54 64 60 36 34 84 80 45 56 92 
49 30 97 10 96 91 84 9 29 27 18 66 86 6 5 78 82 96 24 59 64 10 77 34 16 98 28 71 88 70 95 7 30 91 7 16 12 77 16 10 29 37 52 3 32 92 69 26 8 94 42 26 41 23 71 74 86 30 68 17 64 88 19 49 33 36 85 75 14 61 16 54 36 35 25 72 72 27 85 32 56 47 67 7 45 21 60 72 63 48 55 59 46 43 21 17 31 15 68 12 
4 25 20 70 81 23 46 80 32 85 3 72 81 7 93 93 24 6 80 29 23 27 32 75 64 43 96 82 6 39 5 96 0 74 78 6 20 21 6 72 3 47 33 78 83 2 10 77 70 90 98 5 86 55 31 56 88 42 67 19 95 71 0 70 28 88 2 95 0 90 33 10 54 15 90 51 64 66 37 40 33 12 6 86 15 55 4 86 90 40 11 41 82 52 56 74 40 6 19 78 
38 84 80 52 64 42 68 47 32 16 81 33 53 76 81 87 60 89 95 82 61 83 95 41 56 51 61 3 98 58 94 44 98 63 84 38 81 40 51 41 59 72 67 57 46 48 40 56 27 8 43 35 76 11 69 79 57 60 7 20 20 56 84 19 9 62 12 98 99 39 45 17 10 25 58 95 69 10 89 55 30 54 54 88 32 44 60 12 78 66 63 82 11 62 75 89 46 60 5 92 
17 79 54 13 24 43 96 89 99 25 17 34 48 3 61 84 59 33 97 8 75 92 5 9 30 40 74 6 22 38 75 82 55 77 46 33 44 2 76 76 87 0 43 34 48 98 65 18 29 93 35 52 89 80 1 91 71 63 91 14 50 75 44 94 64 26 12 45 14 8 77 80 96 92 20 3 73 72 68 74 66 33 49 33 57 17 41 64 16 77 69 46 82 33 52 75 59 15 11 80 
8 72 51 74 46 57 49 67 61 19 39 90 98 56 15 50 94 36 89 57 48 20 47 14 95 91 3 38 13 70 20 50 66 7 19 68 51 73 31 49 34 15 77 44 25 18 91 83 1 39 92 52 68 48 38 35 94 10 32 0 8 37 26 20 94 24 91 85 90 5 11 24 60 39 12 0 74 44 14 21 0 1 67 76 22 20 80 28 41 58 3 35 3 81 17 22 46 89 61 67 
10 88 46 81 10 71 57 96 7 75 67 84 88 43 92 95 27 56 12 90 73 48 60 48 4 71 14 36 50 17 22 22 39 87 68 70 22 88 51 51 86 93 66 28 99 94 21 22 76 65 99 72 11 32 92 48 7 39 9 42 89 21 20 63 40 51 88 56 85 21 58 19 2 49 51 78 50 32 35 10 18 2 72 97 49 25 85 48 80 98 69 10 33 73 85 2 3 61 13 18 
43 75 32 34 95 66 15 93 18 31 78 86 74 79 39 89 12 94 33 96 8 2 55 80 15 72 47 41 41 66 15 62 75 15 6 64 11 51 31 1 62 37 59 43 17 28 80 79 26 59 33 42 84 51 68 50 91 6 29 7 9 92 7 65 86 8 70 69 77 67 24 2 17 23 17 7 34 24 82 18 73 87 53 99 44 93 64 91 36 81 98 77 66 35 9 86 75 87 32 69 
23 13 0 56 14 38 21 73 95 66 67 3 45 96 28 86 33 20 1 12 31 40 83 80 49 76 62 73 66 22 11 53 61 68 3 76 35 25 90 23 37 90 77 51 51 45 58 15 45 4 72 55 61 56 34 72 20 0 38 34 69 91 99 67 59 63 50 78 80 89 15 2 46 22 74 62 58 90 43 96 76 19 96 9 55 34 88 85 35 41 80 74 76 15 65 89 42 22 56 24 
62 10 14 11 4 66 29 56 53 42 4 1 1 41 43 94 21 66 21 44 73 74 37 81 97 38 42 23 93 21 8 82 99 79 66 21 45 42 84 59 5 22 99 1 25 51 77 61 29 39 80 66 49 3 74 14 49 88 29 95 71 37 96 61 81 20 21 98 82 14 20 53 19 67 50 28 35 65 66 37 1 88 31 49 4 34 95 72 68 77 22 30 99 5 92 99 50 74 98 95 
65 24 27 3 4 9 56 60 71 72 4 71 22 17 54 37 5 45 35 17 14 12 3 16 28 42 19 6 49 95 75 80 9 24 4 21 44 52 36 74 67 27 63 78 42 99 30 90 81 36 1 55 63 13 16 73 71 99 80 84 40 87 19 12 22 85 79 18 79 1 56 50 35 74 86 12 86 61 90 2 73 29 96 63 13 26 41 50 76 97 99 36 1 35 24 63 85 3 57 7 
93 45 75 51 50 64 37 53 62 24 51 67 37 35 75 69 68 59 85 16 97 12 25 55 60 65 32 49 52 96 21 26 33 51 88 40 91 40 84 8 56 9 85 41 11 57 12 99 67 75 46 66 95 75 24 33 10 52 87 14 63 67 52 82 23 52 74 8 90 59 52 15 85 10 7 17 2 77 99 50 96 5 62 39 66 84 94 26 76 91 77 82 61 7 36 49 47 50 45 51 
57 15 12 38 50 81 43 35 10 72 91 5 34 34 34 72 39 82 46 23 27 5 47 31 77 80 92 0 35 34 84 36 6 56 4 25 43 5 66 94 29 70 55 91 79 73 3 90 48 96 67 64 28 78 1 22 85 59 53 42 48 6 90 9 14 16 92 51 39 4 70 1 65 95 32 24 69 19 19 0 92 12 60 8 38 88 94 15 76 19 91 63 85 17 13 21 67 30 34 26 
38 10 29 92 19 38 2 23 44 18 31 1 92 94 8 28 25 58 89 94 16 20 68 97 19 67 70 2 13 68 56 6 17 30 66 0 49 47 82 68 15 30 44 13 71 79 45 91 84 9 40 31 56 93 7 59 31 22 69 77 13 81 54 8 76 21 64 60 34 18 48 33 82 52 3 24 93 70 43 81 30 5 22 23 63 29 33 77 2 54 49 17 55 7 29 82 20 79 89 31 
96 24 94 47 38 73 9 81 95 5 1 15 35 36 65 16 60 20 61 62 17 54 49 33 17 75 99 7 97 53 46 25 43 29 72 41 57 90 36 98 98 72 94 42 82 5 4 65 19 43 33 77 40 62 28 69 96 89 63 23 93 84 36 9 40 6 35 50 2 10 31 20 9 47 82 56 80 31 78 4 19 32 83 80 9 12 74 91 9 58 99 23 63 0 31 58 90 29 93 36 
40 18 58 38 4 70 46 0 96 69 18 21 57 4 10 34 47 21 28 17 5 48 51 46 52 17 56 89 37 50 99 47 53 20 21 45 1 45 45 71 18 90 44 51 69 50 80 18 54 29 4 18 17 7 83 55 2 14 12 59 23 79 28 9 24 66 17 1 11 84 86 29 38 35 53 70 59 23 77 48 70 71 36 86 51 23 62 1 72 56 59 18 58 92 33 31 3 28 57 54 
60 44 95 57 8 39 83 41 88 12 73 94 12 89 78 81 26 8 6 57 8 85 68 34 35 96 87 49 4 14 85 84 58 9 71 27 38 57 77 50 25 79 99 8 79 77 25 42 41 89 28 2 19 40 30 18 29 38 27 51 31 18 78 86 17 71 38 65 88 44 48 3 24 44 90 69 97 29 96 85 74 46 3 90 64 8 9 86 14 19 28 48 75 41 5 77 13 60 34 53 
24 40 33 77 25 19 66 87 99 7 88 94 96 81 69 9 14 67 86 3 82 38 90 42 40 43 60 0 0 97 42 16 21 70 48 86 71 16 46 1 19 4 6 48 67 33 25 97 17 44 51 73 59 47 14 50 8 52 26 88 73 56 93 33 64 5 51 72 30 74 22 56 79 34 11 72 1 35 86 58 32 66 95 11 52 95 36 71 87 86 41 89 17 2 71 78 96 55 26 58 
82 70 6 8 51 77 78 24 73 32 33 92 36 78 82 50 96 32 63 6 61 3 57 64 84 80 53 21 88 69 11 9 43 20 64 67 88 38 27 77 36 62 23 82 80 12 33 84 69 90 82 46 60 28 87 49 28 39 86 30 32 30 96 35 65 43 96 35 19 61 22 11 56 93 79 12 35 18 96 34 10 7 93 70 38 45 61 29 57 99 76 86 72 56 28 29 77 78 84 61 
0 80 61 63 57 33 69 61 32 99 14 5 12 74 5 39 53 28 14 43 99 27 91 7 47 12 76 4 5 38 25 1 60 46 88 75 3 86 73 61 23 64 0 39 1 28 93 59 11 26 42 22 16 69 2 25 50 42 81 60 65 55 77 53 58 25 80 24 24 11 85 55 74 73 69 53 33 57 35 94 58 43 55 35 77 77 14 72 44 24 45 94 21 99 98 49 1 61 26 15 
73 56 48 11 98 16 7 43 33 68 91 78 11 19 89 35 98 67 45 97 13 85 22 65 72 43 23 67 25 92 94 16 5 96 20 41 29 7 30 47 29 7 27 15 92 8 14 64 13 36 39 78 53 0 25 17 18 44 91 37 47 50 81 93 73 97 95 84 17 43 33 64 65 27 22 8 84 47 69 98 49 75 2 77 1 20 36 38 31 42 29 3 76 81 12 52 22 6 14 37 
27 7 71 70 76 66 3 57 53 51 84 84 46 8 38 13 61 91 57 34 22 18 96 73 37 38 33 35 32 72 77 91 41 72 83 70 61 57 36 15 85 72 79 79 69 27 48 55 8 90 81 91 69 40 84 35 43 81 26 33 86 14 88 65 89 52 53 66 16 10 35 11 75 47 43 95 31 24 69 0 17 25 83 63 14 67 49 23 14 3 53 98 24 73 3 21 52 18 3 61 
48 82 16 87 74 62 39 38 39 76 13 46 70 53 28 6 67 14 54 31 9 90 82 31 51 92 98 7 0 82 66 83 10 41 77 38 18 54 52 58 59 15 38 76 22 64 51 95 45 45 69 54 76 39 14 59 3 55 59 24 1 86 45 39 9 28 5 86 61 1 42 33 69 58 54 15 25 67 54 54 99 65 85 2 41 74 82 87 99 11 55 24 95 57 22 8 35 31 19 80 
1 40 4 42 26 0 94 0 39 86 6 16 93 17 79 53 99 25 2 80 50 63 23 0 27 29 33 35 38 79 46 55 15 7 35 77 59 10 0 45 57 53 66 47 86 97 2 34 21 62 0 41 71 60 27 38 71 20 93 86 16 16 85 74 82 17 21 55 20 0 74 52 29 62 50 77 8 42 74 64 26 32 66 64 58 24 84 11 69 60 46 62 21 62 27 5 43 40 33 26 
56 34 49 99 0 67 72 12 83 80 63 71 73 42 47 60 5 63 26 18 58 93 81 27 55 71 53 11 75 7 77 82 38 59 93 10 20 69 1 54 44 1 14 67 63 60 83 15 62 81 55 19 75 5 69 68 61 58 75 52 56 46 76 20 8 31 41 0 1 47 70 8 29 19 50 68 83 37 17 5 94 85 57 16 40 1 43 46 24 12 54 52 94 22 49 2 5 11 70 35 
7 21 56 27 65 0 14 50 8 79 49 3 74 94 68 9 15 97 31 58 6 35 70 40 37 1 64 72 51 38 61 9 94 28 39 10 94 31 0 97 79 32 99 31 93 41 79 13 17 93 38 6 1 96 74 88 6 81 3 38 52 17 22 3 7 11 68 88 21 25 93 89 81 41 2 14 40 58 37 44 34 29 31 16 79 2 89 14 64 15 7 85 25 58 34 28 84 5 61 51 
18 37 71 26 24 35 92 96 55 85 55 45 19 42 91 14 64 55 89 51 79 64 83 41 12 90 53 28 90 34 38 21 75 52 24 12 86 71 8 90 12 63 0 52 57 41 66 37 58 31 61 48 15 91 48 11 21 17 97 2 56 23 53 58 5 71 4 62 54 79 97 70 82 47 63 50 50 17 52 84 26 59 44 58 57 77 57 56 69 95 55 93 15 53 65 6 51 18 54 26 
90 32 20 43 89 64 60 11 9 32 28 50 76 86 67 52 42 4 78 61 46 67 87 84 45 9 4 23 74 52 6 13 99 37 42 96 95 50 80 90 6 97 54 94 33 68 65 17 78 76 86 46 68 65 52 72 44 84 70 27 7 49 28 24 86 74 61 17 66 98 5 42 90 96 21 59 93 10 28 8 6 8 75 65 33 79 65 81 83 45 41 96 20 85 40 6 11 62 69 3 
86 41 26 13 55 19 63 85 77 45 70 55 27 39 66 56 44 40 47 55 68 42 76 90 5 96 94 53 70 51 16 22 20 60 74 76 80 10 82 79 34 60 50 78 19 1 40 44 68 80 76 13 92 2 75 9 41 87 69 39 66 4 49 93 45 74 89 85 9 35 49 93 76 27 12 46 73 37 5 97 66 27 83 51 28 54 32 71 58 90 71 99 9 91 49 55 85 7 84 25 
78 44 44 71 21 59 12 50 57 53 62 82 82 11 67 34 21 17 65 88 37 57 9 36 98 53 34 27 82 34 75 63 15 31 29 29 2 5 38 5 38 21 14 36 93 47 8 10 13 70 36 63 33 13 53 51 41 94 80 79 67 3 49 3 38 90 33 41 3 2 39 66 83 34 49 29 78 72 42 65 99 15 2 94 91 61 83 96 54 94 39 59 11 43 13 18 46 42 0 21 
22 19 15 57 68 14 46 59 95 83 82 52 22 65 58 3 58 3 50 76 73 95 47 48 27 19 46 25 84 23 77 59 6 77 5 59 31 27 25 75 58 30 26 30 98 4 51 74 83 9 75 50 99 92 78 90 84 54 87 98 2 8 88 10 63 62 4 71 11 2 4 67 46 58 62 64 79 65 90 71 57 57 30 68 11 25 14 29 15 82 5 39 17 34 39 24 61 31 93 21 
96 51 69 52 55 82 12 54 46 53 45 57 88 99 65 89 99 85 25 68 8 81 34 20 33 64 52 58 95 44 7 78 63 12 87 55 73 68 24 56 86 32 26 41 43 71 18 25 30 23 83 54 3 44 46 38 49 48 82 29 29 98 73 90 88 39 78 9 18 51 93 78 21 85 80 30 97 39 79 80 24 67 68 59 53 9 38 23 88 24 62 99 14 76 91 35 82 93 65 95 
69 10 99 72 10 96 22 71 37 59 12 73 76 65 35 35 24 75 95 29 65 21 40 86 16 10 90 18 13 39 0 22 71 67 29 28 40 43 36 85 77 1 17 48 99 43 41 35 5 67 86 2 32 22 95 9 27 1 56 11 51 20 93 16 60 73 35 78 11 42 97 73 56 24 17 70 52 84 3 9 36 8 34 72 84 54 76 94 24 47 43 69 2 16 64 28 53 3 62 61 
1 93 45 86 87 21 28 14 98 51 5 72 44 51 92 50 22 86 78 85 16 49 4 64 40 74 26 78 17 76 32 35 48 53 79 39 54 60 54 71 72 12 40 32 5 27 12 88 31 7 34 61 21 35 18 53 94 69 34 40 87 33 43 50 94 93 26 10 73 64 70 26 2 48 85 80 69 85 33 47 78 15 41 41 30 65 98 51 74 60 68 26 15 47 9 6 33 15 42 12 
73 44 39 53 82 48 69 9 92 50 84 21 67 32 78 74 6 97 54 28 21 83 96 78 11 95 12 38 53 89 5 70 84 15 70 96 53 33 43 84 94 63 30 54 0 28 39 23 16 33 49 83 74 91 24 90 32 82 94 83 13 3 51 52 43 1 5 27 48 55 34 59 52 0 41 78 36 37 83 16 27 33 71 58 5 82 38 63 27 9 42 9 91 59 36 53 76 33 40 49 
39 17 0 91 79 30 3 29 97 87 77 91 57 34 39 24 90 43 41 93 25 29 65 28 37 17 8 16 96 50 14 4 23 14 64 41 93 49 20 24 77 12 26 62 42 37 54 43 85 18 31 9 88 92 43 48 15 52 41 92 45 60 85 62 6 52 63 53 93 89 1 72 53 21 66 14 68 39 34 54 85 58 66 88 34 96 98 28 90 78 61 17 46 44 37 38 60 2 55 72 
99 60 29 16 81 79 19 23 28 16 19 42 67 84 70 70 1 91 23 81 40 85 82 58 27 71 20 76 89 84 5 12 81 1 12 20 91 12 9 10 48 34 87 78 36 52 92 61 89 72 11 47 84 85 2 28 67 52 68 84 56 89 13 66 22 70 64 11 32 34 18 98 54 35 25 34 49 7 53 40 13 22 14 64 70 43 79 23 72 14 34 69 33 18 17 40 31 2 33 96 
2 56 34 7 13 72 14 79 32 58 81 85 23 31 59 22 66 13 7 26 39 52 36 66 73 13 9 56 38 57 28 61 26 21 38 25 0 56 35 7 66 45 58 46 36 34 50 76 9 78 35 23 92 6 90 57 65 93 2 38 33 61 43 19 33 10 25 43 7 80 84 26 42 20 16 51 65 77 26 42 69 36 56 84 88 35 47 48 16 94 50 8 8 42 21 71 30 6 50 43 
23 68 81 43 72 40 80 91 27 3 57 15 83 77 29 78 65 85 26 68 57 32 57 16 99 51 83 0 89 33 13 83 87 27 23 50 57 38 18 23 5 3 79 11 58 15 90 27 38 55 70 45 72 97 34 45 56 45 95 37 49 15 57 35 43 49 55 69 85 61 71 60 37 27 18 15 89 62 30 96 39 33 57 34 3 55 19 39 32 15 44 1 78 74 62 6 57 29 59 10 
84 79 37 97 4 81 15 32 71 49 8 8 20 62 11 30 3 69 99 27 83 92 79 16 19 37 73 4 74 52 80 29 83 15 13 4 43 78 19 96 99 19 31 16 5 76 77 33 58 10 0 53 77 10 50 91 31 17 1 49 80 38 26 6 99 83 91 95 64 35 66 63 25 23 21 26 84 46 26 78 93 55 63 53 24 11 40 2 71 88 31 54 37 71 0 98 53 56 77 33 
67 64 6 82 54 89 67 66 86 4 70 22 72 20 50 70 49 37 28 65 52 87 92 37 33 50 94 4 73 11 40 20 2 86 32 35 10 28 82 82 23 94 65 14 91 62 16 49 49 10 23 71 4 0 68 84 7 23 72 29 84 73 80 0 26 90 81 72 2 61 37 98 70 6 94 57 26 96 95 12 7 40 76 98 5 65 13 72 26 4 14 28 49 78 46 6 76 15 82 88 
