100
227621 222803 253625 222236 242531 249259 252074 239307 276931 271055 254389 277508 248429 247320 256710 257286 255223 253289 249644 260364 221780 258348 261469 268820 237401 280988 247786 234840 247549 268957 234546 230561 239449 253322 241003 236394 215628 257361 249344 290302 262307 239460 256824 248337 257540 234119 251958 243312 254957 304981 273502 260149 298467 235298 252925 248449 263978 276434 260086 247806 274091 269585 300270 253978 262733 271755 270917 277638 218531 226643 237607 242920 259084 224750 245671 248085 283395 230642 270766 243972 263435 234800 268844 280245 235707 250844 262891 265885 271000 297160 276165 258694 231946 272263 225107 225499 275432 232603 257825 238192 
214152 225825 244996 232488 236848 235031 258146 245384 282631 263403 256796 263395 257706 239555 246611 246248 248536 252556 249861 251958 226585 260493 262195 243021 235886 293789 244762 222155 236471 255907 223280 234178 232722 252300 263986 224347 229085 243595 227355 264336 256720 230785 247327 236646 263056 231211 246635 250289 227927 273019 255797 242191 260259 221738 243246 250011 264639 268924 255673 230760 273433 267139 280228 245524 262261 255670 257667 267637 205689 217011 227496 240352 240297 229743 255412 255922 289835 228735 275742 252421 252899 236680 266480 276963 229635 244330 248743 253464 268321 257325 254652 249151 249830 260746 227540 217529 265335 231374 257799 237810 
243107 236832 250372 243488 257009 238363 259692 254557 285678 287356 266176 283084 267649 261095 250497 266107 256595 254898 272373 264534 233451 258197 274007 255978 257529 295521 270719 226654 246865 269136 241923 237818 255507 246153 249477 237662 231348 258578 247567 288060 273469 233814 257563 237697 265850 236768 254948 262202 246584 287885 251887 261228 300132 245772 249643 273183 268240 278477 272503 246878 267236 276761 299478 259328 261467 262127 272924 293377 216616 215689 239369 251356 262626 218704 244626 244453 296924 233374 282395 248134 275993 251957 273300 282557 242190 242244 264106 262106 266356 276884 263802 264236 252601 277557 233142 239745 274669 229300 252888 245776 
223118 212064 236119 211135 230041 224943 241783 231000 249686 247771 249172 262347 241709 240063 229917 238680 236044 248969 241616 244713 204076 245723 256423 252010 226936 259671 247608 227583 225027 245454 212988 212022 233282 242955 248457 231023 222216 239574 235810 255604 252323 227615 253417 226229 239725 226671 240797 257818 230590 280342 246805 236898 265114 190983 242047 243933 247773 253083 226209 218219 259347 250959 277543 235698 249183 243819 254307 261955 193318 206147 224859 225785 228184 222288 218052 247848 268197 216288 269003 245810 248264 217331 264007 274960 232701 239535 248049 248206 243128 269850 249147 256628 229080 251936 216133 208969 249628 223185 236685 238463 
243015 242535 271114 225293 265196 244166 266059 235079 274570 264613 264847 291714 249677 256556 249115 263863 254686 262330 278428 255872 228276 256279 275819 269054 239699 295857 250852 240671 245802 264251 233714 221700 250409 240935 264923 243896 237331 261015 257881 291245 279108 237855 261001 242928 260053 224067 264903 267315 252627 277857 260489 243734 290948 222059 249785 268758 280135 282623 253653 241211 263945 257633 275796 258885 289325 279909 271642 292845 206136 221480 238817 240469 243494 231395 253216 246895 315463 220529 286121 262283 264885 236840 265432 299701 250721 249728 258701 246351 267277 289337 270101 275523 241595 282632 226806 233634 274682 253373 259064 249539 
217002 208823 233748 205926 229324 223587 230007 226884 258933 227610 240276 254821 230009 220671 222288 222994 233268 246217 249631 238367 207653 240235 254370 237845 220784 274460 208835 203064 236508 244589 210576 208277 240161 233095 228537 220823 217139 222698 210478 244501 258547 206553 233806 214571 231381 203175 245786 250652 223484 254315 226172 225054 279429 206174 231729 242103 239502 258049 225435 225051 239274 233984 261555 227013 249651 253784 248748 254530 210754 199512 209462 209321 207185 195103 217330 221225 271285 207771 249875 225748 242575 203613 255367 269842 205429 231927 249479 217614 237019 270050 254140 239299 217091 239319 191593 204515 253653 209479 235782 216771 
217162 205149 229464 210892 207342 196712 215853 204957 245215 226581 211178 223598 225676 229196 225673 234425 233174 217367 233564 219737 183286 232172 236450 225167 208666 259098 228676 203409 206606 219500 198010 216488 206887 211125 235432 204361 197535 211072 204646 257773 231087 204491 230614 221994 236821 192668 197079 222154 204488 256127 235990 236083 256316 210460 209910 222656 229937 244823 222708 216970 224096 227314 257117 231707 239770 217300 213388 247134 174854 172910 196424 209707 232114 207859 215454 216195 248333 196077 252277 222694 219232 199752 236370 247666 209447 210995 228245 225983 229592 228725 235940 225719 206141 236494 198530 198590 252362 212971 219920 220167 
233040 237631 259253 246534 250310 237786 267908 253142 302624 263173 261009 269083 257896 262041 247725 260525 262065 258351 271486 257196 227365 278304 271059 265118 249863 293603 265902 225902 251900 242128 228198 244967 255870 247012 268774 231752 243779 241526 248105 288006 260397 233707 265811 231890 268962 227753 257819 271450 236937 279361 263043 252284 271651 242538 251974 262805 271861 276854 268267 234013 272309 263196 299019 240999 273207 268746 273741 275068 226013 213114 229129 244991 249959 234951 249423 241955 312358 240552 277107 257257 264189 235737 279049 280308 248073 255725 260806 250428 253777 273437 267152 261679 259253 269100 225037 228501 276856 242106 261664 259236 
226431 215840 248186 226493 205833 230598 243218 241874 265662 235121 239239 243079 237394 227199 231643 234498 239287 239788 239192 245375 210599 250341 249584 236500 235250 281228 235590 190428 233531 226155 221050 204102 235153 236749 239909 210130 210638 230332 222504 253615 259097 211956 237307 214508 258165 223611 237388 238111 229918 249256 238885 250846 267592 229623 221529 238726 230369 256544 243036 241076 275527 241604 266665 244568 241169 249206 241819 262950 212846 189652 234223 219137 233493 204129 225650 225505 285746 203680 255188 236035 261010 213721 253425 256650 220117 232670 245227 237943 236538 263550 254052 236787 225487 227741 201585 209969 258990 223099 241390 228162 
235970 224210 259349 235798 240050 254425 266508 264897 282673 262797 267503 283196 248407 240379 257852 255918 249545 258015 262997 270089 248286 265499 271561 269164 252186 297211 258135 217751 259598 270789 238023 242089 253059 255047 257396 250737 223196 252623 253510 273083 270592 247460 261249 251211 276604 238524 247803 268394 247261 292072 260190 261714 289014 242859 256305 257861 271876 274503 266343 258650 265565 263198 299554 248329 270566 269640 262222 290653 210009 204422 225143 234624 257496 239718 240977 255042 299460 232312 289817 247872 249341 243539 265603 296583 240290 254127 253054 269656 257100 286799 274553 271178 252105 267284 233509 246968 266083 232290 262812 256421 
219085 212420 219139 221823 210502 213564 243306 240379 254843 248549 252889 274919 245352 228882 224226 228053 244672 236332 246324 232439 192610 251865 246908 235273 205955 257993 222513 215810 223664 241705 210672 196929 225322 224180 237232 225020 218002 226223 221369 280159 256491 220250 242963 215773 248237 226350 227617 259975 235929 269869 239321 222148 266063 222202 239561 234028 264470 234070 244007 219173 233112 237975 262115 221792 247694 266576 262502 265156 196355 214664 221063 221444 235794 226944 219419 229372 264606 220838 265019 215322 237545 218212 250035 278361 221455 254037 244365 228188 250472 258139 258437 248035 227397 258517 213588 209474 262250 232972 238432 245867 
249274 251287 264566 252030 257659 252359 281279 260537 287254 273702 286574 303736 255944 272490 261071 263361 266320 255761 280333 256684 240748 267884 283034 270551 259957 306195 256304 240947 256355 270672 242572 231441 265045 250290 268145 240691 244922 272530 258831 299349 291850 248634 284606 255218 275780 242747 261890 283009 255043 303000 259999 255058 289367 255338 250887 264886 293932 283310 256846 248906 273412 262463 295111 261017 282969 284201 283031 296234 231424 209576 245718 230969 256594 253486 251331 270662 320492 226406 293048 257802 287060 248853 285433 304858 268723 259045 284399 249623 281209 292758 285034 285956 261112 275062 228525 246583 295063 253252 269833 245801 
240961 223955 250513 227992 222545 242732 248239 242379 278638 261167 233423 261405 255407 244082 239425 243706 235415 254867 261942 247210 234112 255920 263451 263646 233697 271053 265702 224908 257108 258810 223125 220201 236588 240038 245204 228772 248442 251797 252261 270020 262990 225773 262653 241864 241345 252213 259221 258905 240568 290828 254118 251023 284486 231965 247685 256944 261593 262835 263167 229580 265249 260285 285149 231680 242063 260025 263761 275484 209307 218100 240161 243685 275006 226659 216423 247397 287413 227125 271462 244930 256050 237162 271435 279117 245813 252075 258908 266278 262649 261874 262425 272853 236998 269012 225412 218813 267795 241515 242098 245088 
228946 230779 252333 236287 229607 225335 244561 258106 276428 249300 256624 269553 247743 254622 243036 243362 253580 261701 253791 256403 222022 274744 278401 255864 236488 290526 241437 214833 248537 253625 235888 228253 251671 246084 247471 241349 227511 233412 231044 272158 266587 232685 250477 240670 263715 223338 253727 262048 252417 285075 248534 259007 300035 244671 242180 251675 261882 261626 261040 235341 243692 252222 293011 248335 253997 267356 252934 261229 212920 208501 237199 233195 248460 224479 223242 240606 283131 231224 274293 250810 243926 224355 270077 276295 234912 252550 242446 250391 237047 270577 266883 270394 235197 260299 222377 212921 267083 222143 247470 243896 
243629 211637 249397 226193 239591 239534 252820 229159 266067 255571 257097 253737 243704 240275 235886 245530 240261 246153 245805 255893 231385 258876 265419 272282 235861 290487 240132 211053 249600 252264 222778 212806 252402 236818 257476 226188 233484 245714 248400 255569 265441 224114 244920 245827 253252 223307 242163 255692 232544 283352 243596 243483 275791 233510 232420 241487 265276 288158 247970 239241 258196 255495 289567 249799 249998 249422 244454 275058 208054 200322 228644 221615 242374 226104 221864 251029 292750 226132 269987 241764 252723 222288 257515 277586 256697 241545 257688 244174 247107 294514 270654 255615 245955 231454 232871 239391 272102 230937 253263 237524 
209789 199201 229126 227131 226343 218579 234802 234607 246801 253590 258663 250823 248051 231435 237456 224344 236570 242268 236442 245616 196432 246731 262800 241454 221458 265959 234692 206682 220009 229469 217609 208050 215486 235764 230847 219347 213352 217187 220266 253316 239461 234960 241297 225024 266068 214454 216903 239038 219172 271433 235623 221348 252792 225074 230131 238262 245228 250218 239031 225199 241257 241888 273913 222642 245692 238534 250865 258947 181393 188600 230063 227865 241606 215862 222234 239640 272150 214992 263891 231607 234997 227292 244101 275947 240084 231291 240865 235412 247949 251921 247320 251315 223659 242198 209304 206320 244165 211793 219724 226628 
240698 231527 264396 241906 242559 246369 261425 247177 290544 277080 259652 270876 270047 264597 248684 252417 256929 255542 278227 243726 245656 269885 286567 264535 238393 301424 264244 228341 260139 267899 241277 237767 245411 237072 234171 234741 238847 267127 256648 285842 287409 221454 267181 247522 275277 267389 255805 262622 243878 295499 263841 264139 291968 239801 260302 272122 267782 286882 261350 243016 274873 283137 287073 241759 254685 273283 273755 293700 212608 212712 248893 238294 254066 230985 247134 262731 290831 233107 282234 253358 273081 234136 282205 286028 257887 241398 273698 248582 278747 299256 283847 272128 248716 253948 239769 229727 288614 244447 264123 244196 
232855 227759 262526 212244 234018 219285 242517 228742 271379 263092 246090 254686 237901 251271 227970 242219 232639 250544 256744 247145 214286 245337 267062 250081 231089 282938 233463 216852 247626 241971 224235 220157 237627 222843 236373 222542 221533 243787 235242 260651 262885 220956 255576 246679 258383 239542 239420 248793 230990 303716 253774 248375 269757 234436 228963 255894 271547 263358 258042 231186 248544 252516 277297 218332 255823 243765 263905 270469 196849 186784 207776 222056 241036 236681 230443 231985 286998 219511 269567 247757 261014 219763 264551 255325 241206 230662 257529 249886 264435 271090 271097 249754 239620 249611 225999 231270 272422 244438 242561 233012 
217967 210577 241199 225464 231929 223998 237318 229630 264431 237858 244805 260717 240625 239313 213988 244535 230734 245755 248735 249692 220177 239230 249819 253158 234723 265606 246892 219412 223142 230625 218125 219926 225159 224716 215650 220052 210220 233080 240632 254368 250105 214444 235169 221763 253966 208781 235399 228884 230244 274760 251316 239137 273211 213229 239274 234142 240441 255500 236135 212353 253606 242860 268214 248149 257532 247015 252895 271208 206609 200131 224152 223403 232185 195758 214960 234659 279904 207568 243261 235952 248186 224520 244712 270126 235628 225351 243481 252218 249773 267000 257015 245968 225557 251676 222439 212193 253907 217059 226067 222123 
234025 242383 256462 250706 233685 233692 264614 249212 298114 264305 257282 266054 252364 261702 254777 255238 255800 264299 251502 273510 229353 272280 294958 257084 249154 290890 254455 217525 270956 240421 237953 241712 250388 236166 255097 238053 243547 252884 241601 293826 275105 239851 274921 269470 276991 246766 257722 265427 251035 287926 255632 245646 290464 241916 276136 273414 278035 276734 268290 247266 267572 248877 294195 245170 253767 274478 268882 276453 222782 231274 241388 247101 242409 235437 267662 260204 306297 230075 277462 266659 278075 256541 277318 299637 243633 264564 258563 263811 279861 281829 281677 265247 257629 267801 227944 233352 285151 243305 263345 248316 
225341 210537 244794 237557 225585 244161 246763 244376 268012 273962 255512 248462 252175 244329 222201 242767 228715 256343 260250 252750 221183 259305 270468 255014 239043 295277 239211 205741 238392 252686 209423 218367 259724 234111 235082 234182 240362 235167 236360 262395 263806 233461 260444 233869 262169 229190 246979 255400 239763 277290 253510 243903 277849 241938 250658 246671 269891 261777 267812 221257 239386 238780 283195 233553 256657 246485 253596 265344 209985 195531 223388 239407 240207 221109 236445 244065 275675 221832 258160 238300 250452 233982 256840 274847 236155 250010 250746 251709 255759 259164 257150 259943 254135 244016 229373 246099 263014 253177 258300 249515 
231649 216940 230833 238808 234503 228898 245283 237064 264512 231172 237856 267877 256705 239727 232770 243416 231511 246788 255166 248243 211570 247827 251219 245448 238559 269315 248271 210457 234476 248694 204864 229537 254302 225712 252214 234900 230100 231378 234543 252989 252631 211905 259182 228420 245217 220942 230498 254982 230595 279358 241546 232341 282184 233400 232202 244045 256030 262271 237989 228049 243131 252011 255510 241401 248098 252998 251889 254847 212472 214421 203528 229722 234448 218541 218217 223715 269206 205027 266690 224836 247063 223031 265391 280015 226214 249055 259579 240904 254428 266419 259772 246831 247840 249516 211036 218004 257365 229569 245309 246783 
242489 233415 260396 247548 226888 257142 240582 249257 284153 271213 252174 279956 259033 241988 249619 249496 240691 261250 266543 260297 215515 265962 263677 261133 247345 286379 250813 216287 249282 275077 219057 232493 251389 234181 261478 220539 229223 251235 239245 265127 278566 223597 267485 240018 258505 239419 240646 248604 232583 297894 256861 246706 283694 239624 242297 250676 263002 270120 248272 251302 287068 259749 278265 241493 260849 269237 259599 280077 222870 211018 238574 243218 244023 224284 256701 254272 293661 227820 279205 251543 277168 232938 276774 290654 241023 257016 267909 253572 275404 283952 267949 249100 245923 252306 222740 239552 281179 225994 248888 262954 
204019 194055 215878 199745 206965 221225 223491 202152 245305 232713 216013 229870 220338 210863 214981 215246 200876 222284 234130 202908 196003 214096 212399 223221 189435 251379 215970 187834 207974 218375 191190 198947 213913 207623 219505 203744 205851 217101 197360 220118 247496 196499 209587 211977 215409 201850 214694 230363 194509 253078 227271 219935 249957 210271 211870 226547 223248 223673 225145 191056 218048 223486 240260 203200 220019 215795 216027 236407 173979 181170 202540 187746 213282 189570 186017 214798 234501 191954 236402 191821 224877 195339 229941 223654 204206 213404 229926 202425 223725 224792 239154 229321 202538 227445 187863 194399 235012 197197 211442 216776 
267898 248762 257090 256573 267867 264639 283507 263303 293848 269152 262243 290798 287672 266997 261892 277441 272774 278567 262317 266098 252246 280583 295542 285721 267568 307963 269697 244529 278093 270447 242255 243720 261108 247942 275776 255355 257844 260629 278180 307269 280453 251297 273893 270671 269649 261884 275674 280523 283342 314692 287311 293030 300301 237282 269768 273191 273080 303343 268558 271347 291056 285489 317796 273504 278798 283043 298201 287915 231540 237222 256738 251313 280522 246222 267022 283107 307639 244201 308774 255399 281161 240961 310258 302252 271342 287247 282894 265269 286935 311548 290361 296520 259833 286325 243070 239088 310657 272637 267382 269156 
235657 220916 245405 242008 237917 253537 250790 255073 285973 269718 266439 280423 257004 268413 234506 248737 243706 254287 267469 250731 220751 274221 279304 268641 237482 297684 263650 232707 247785 249228 224930 224959 252453 233743 250912 228727 224079 246636 260461 278419 270346 243875 252118 238799 260321 223282 256474 260210 244324 283518 260343 238234 279820 233221 268701 262548 262379 267289 253936 227157 265427 273504 284969 245335 260979 258267 271051 287140 211065 222836 231503 240031 249082 225488 239279 244069 292638 232870 274461 242719 255711 231609 270797 279487 251538 248015 258437 253427 270007 286978 270026 271942 253881 266118 235764 243074 268840 237640 266556 272629 
237988 220830 260241 241460 255543 237554 274471 255727 281798 263355 260284 282180 266904 261921 230584 254967 252856 263878 267835 260238 227711 261897 289839 265641 237660 296156 258350 208496 250251 255537 228981 233460 271870 241487 263071 241229 237168 251877 243662 282853 269128 237161 253892 246572 262580 228899 255574 269992 246499 287469 262850 242821 290675 249044 242999 267130 283924 282018 256346 249742 253733 270054 280604 246253 272563 257549 244726 289580 208498 221526 231685 234923 251489 233529 238139 254531 295655 235895 287808 241277 258519 236236 280339 296995 250638 260430 262140 253893 262498 292326 277308 270710 249281 266970 238604 228867 291434 254932 269097 252929 
233329 209186 244785 225622 225049 228628 241338 214696 248843 239011 250111 266969 239139 231766 237310 227852 225282 246006 245640 235677 199574 249068 246581 234520 212302 273982 237646 201606 220753 231523 214446 207123 232199 225831 240908 211369 204947 224225 235703 251169 256929 204635 242408 205162 244163 220175 227358 236770 217287 268714 246338 234764 261926 208282 225725 238445 232204 264479 225669 227447 253822 234593 250990 234402 231385 243187 244192 267349 196775 187830 232748 221502 222492 205014 220783 235548 273281 207912 262949 220282 243314 211203 249187 257756 224587 215660 243409 222281 250896 250644 257171 235577 221064 232066 204083 209184 254517 219868 226680 231547 
229893 203794 218399 220856 225196 228016 254964 233905 260682 262427 250406 270117 244616 235778 235930 242310 244705 222190 245252 237762 222582 247782 247277 249202 215056 254271 237322 203985 231586 243404 213453 211295 233840 231215 249034 230643 226058 241634 243452 261203 249968 225368 261836 222705 236959 226053 231662 256434 240883 281942 252414 233270 271160 231720 223646 231170 264820 252891 245109 225939 250030 247193 263679 216645 240917 253319 266952 264773 197431 201695 227532 217872 241971 218271 212479 235976 279736 224816 261016 233288 250809 220323 257926 270929 235602 242028 243619 230830 252055 263808 252770 248046 230504 254331 212648 213098 266312 226843 248411 235545 
230235 230925 261346 230098 240653 236153 239757 246222 282725 243403 250029 268270 247280 254849 229746 239839 253491 253351 259673 256806 212500 255410 250631 252723 234405 272324 242560 222956 236390 256505 225154 223405 245124 229074 244337 223803 225876 251183 225805 245882 251140 225871 271101 218745 258793 229509 236297 243777 242873 285872 246128 254551 272760 226387 241409 238164 256423 273723 234425 225915 267350 253693 267977 251810 276450 260401 261005 273370 217961 204254 231073 221097 229175 209783 234382 232083 287117 212991 275516 249522 264953 235636 255941 280966 232404 246348 259067 233989 259570 267261 263678 238089 220163 257796 219460 236506 267561 243556 235186 229622 
213439 209990 239414 225978 231962 226200 242660 225065 280292 253286 246684 250924 257797 243716 227111 240898 246594 247161 245760 250637 220928 256146 261712 254582 222244 284289 249533 221685 238691 239966 210760 208046 235356 235603 247360 228416 224789 236688 233038 261595 243765 221771 252942 230557 246672 223703 247562 258086 237598 276476 259646 242551 272568 221059 243955 236501 265711 261584 251512 231526 257396 260640 282853 236091 253100 261414 265545 260431 195953 202348 219615 236301 238324 230822 244251 248250 267278 221574 254654 248690 252162 231476 266811 266869 246583 244583 238833 254296 260682 262385 278974 260509 229366 243886 229304 214209 268415 243633 249824 227706 
228256 215211 227853 234834 215263 229300 231364 231392 259987 257858 248561 245456 249746 225165 233291 235352 236186 250578 233910 256858 209415 251524 245760 232599 226573 273625 241142 198260 222178 242277 225709 208850 232339 234701 231546 214856 210231 223786 221692 266677 257908 214996 233940 228333 251188 232683 222313 252978 210558 263326 230581 238918 250077 218111 221444 239786 237048 248747 245700 218233 253668 246866 262940 238024 239367 246480 256676 261826 195010 195397 230894 233562 232562 221660 227092 234610 281664 218315 265016 238200 256622 223960 244331 280051 225771 227159 241655 241009 244693 243513 242609 240897 227122 255294 211735 202391 255901 209728 239502 229237 
239729 229936 242821 231979 220576 222760 230658 218636 255804 235964 241580 257753 242186 236327 223410 234481 226419 244468 245778 239251 201373 242503 259339 253543 218804 262949 227468 210538 226449 223824 208611 200913 231804 209533 237628 215534 209804 238833 233969 257642 260807 210048 240070 223624 236679 219659 223009 232739 226977 276740 235754 229218 255271 207269 250521 239961 250106 253660 224949 209924 243223 221076 254595 231661 253675 256443 252445 253516 200549 208337 227970 213938 225182 202772 219662 224213 275695 211803 273579 230920 240313 211083 249165 283342 243390 239636 232677 242053 228697 267897 252042 242903 228211 255970 207312 206353 251279 223647 224134 230499 
216811 214546 241026 230636 232407 236660 237241 240087 269202 249677 231645 255209 239383 252432 230960 254410 227157 243442 250999 245177 219924 243886 257145 265087 232245 278884 252166 205165 236675 238489 218139 224851 243278 235951 232340 229905 211603 232941 242899 258040 251303 223529 243177 233730 258751 220192 258750 264652 234795 275419 254845 252912 286846 235202 223142 243836 273665 249745 245633 230349 244734 265540 288005 225149 252283 247265 243921 268956 200942 203666 219448 213126 238565 218292 227503 232076 277940 215200 277842 232087 251584 216211 259114 259863 236519 233537 252695 243433 243968 268485 266630 262997 238564 233520 227829 224388 266738 233141 240984 240688 
219317 210096 224523 200118 213436 209612 232368 227780 249648 238177 231861 242197 222911 230784 224686 228439 221007 226911 230088 238513 197702 221037 236875 259256 211009 254680 220345 202280 221111 232752 198978 189466 226604 219654 231941 219092 214668 219219 225953 254316 237001 212571 233028 221712 229389 211145 228664 244536 220425 258002 218194 225041 261452 210466 221819 229911 256074 240046 240449 213759 236644 233388 262907 214657 231678 245731 243746 243165 194752 197931 203170 212649 235600 209836 205961 223241 276329 205174 255932 229064 237410 211870 241576 267380 220933 233275 208157 242418 219695 269171 246062 246447 217974 235262 210337 225625 247589 224999 228463 226149 
213249 216227 258259 231813 228420 228954 260194 247815 261710 257415 243908 273207 253056 226946 236789 243560 239250 246559 264102 253479 221119 253838 264614 242088 219700 267141 261697 219001 235906 246270 221504 235916 232902 226317 248798 223724 214880 241999 243064 287934 259093 230267 257606 230766 257716 240785 242981 242863 242008 278717 249113 230282 277075 223112 257979 263382 255397 257134 249411 233203 253030 244855 273760 237679 260021 257041 255151 274450 197109 212697 232379 248010 256607 214574 236704 242727 294007 225309 268118 244720 263766 224302 265033 284053 238669 233224 248284 256108 257948 284853 264565 257095 223030 277453 202997 227518 253472 230033 246334 244420 
224028 205063 225189 208638 231471 227528 231491 222088 247890 225902 223386 237564 233657 225530 228531 235281 217503 236618 237030 232954 214766 223195 228913 225161 214904 263271 224199 197784 225762 229043 193831 207139 228401 219089 232759 221825 210331 217328 219152 248688 240145 207807 218118 214514 228787 215383 217620 220670 221271 263528 233666 234085 260297 223128 213531 220980 231365 240896 226761 232046 232253 230526 266217 223378 244992 238421 234959 235853 194654 190789 200340 207042 224651 196518 201380 224200 255916 202473 240984 222635 228169 195563 242697 231095 217867 232831 240805 216453 233305 250193 248255 254611 215098 247811 193129 196987 243735 210541 223275 222403 
210387 192553 225950 216402 201359 221477 216503 231216 249277 244024 239883 265009 232551 242245 218411 230785 219168 228506 254062 216010 202573 230702 248599 228271 204651 267359 240456 208782 212512 239675 205140 205453 204229 226438 212186 214052 211115 227728 234699 249142 243241 197824 248002 205256 223337 220661 231202 253379 210877 264493 236694 225381 259672 221524 214840 226080 251972 243564 241083 208775 245352 241182 255245 229225 225921 245610 245634 256864 209902 182186 216787 224623 235045 207299 208894 220882 265409 202345 251900 230599 240779 215529 243138 264759 221365 225212 230521 242308 241807 248282 245518 247047 217347 230820 196807 203418 250064 220177 231383 224671 
246795 243734 273258 256766 256930 262398 276706 265055 298193 276691 274589 292256 290158 260701 259143 273800 264860 295353 273904 285368 235758 283572 276352 267405 254227 305936 266914 235947 265819 264885 245594 247796 275702 268117 269047 254106 247284 258468 262745 288763 286789 248933 293461 246092 293674 268186 273960 273329 269691 318340 273783 271721 302490 253007 276819 292372 285063 300450 270557 253878 281272 273987 295782 255616 288185 299229 290477 296096 219614 233820 261990 254217 275560 236817 256241 253733 322861 255598 305798 260518 280134 242108 266369 321596 249226 260580 279048 262385 283539 289430 292526 280780 259980 303681 226649 238078 290976 271138 272413 268546 
208136 190445 214897 208079 205868 198593 218188 206196 246741 222914 219855 227259 234538 216223 217079 208505 227069 219280 223037 223613 193734 238238 237895 220249 199034 245470 228677 178733 223086 224165 186781 200810 218421 200193 204154 207143 205802 214260 204273 258267 228277 196034 228596 208737 228414 200242 210253 229227 216722 229758 232624 221477 245096 212380 222036 235600 227099 232442 231550 209179 211784 224195 237270 198932 222228 232019 216232 248967 164620 187037 195689 216524 215038 206593 222825 204175 255419 202219 247987 216423 216417 208410 234571 250505 206766 209013 223009 225595 224203 215965 229187 226013 201426 232948 195026 184963 242269 219617 232416 208649 
244189 231785 264978 258313 247284 262017 267667 261925 309111 286483 284516 288853 283509 262280 265348 265005 270521 281212 282478 274405 250788 288907 277970 275386 246035 303876 274384 236708 260630 271884 250505 252080 264629 269709 272461 252764 250114 256080 256279 285493 291982 249737 282295 248518 287324 250380 272092 288517 271905 305461 281554 267210 302196 255671 277017 286287 266105 290733 269850 259337 276421 288773 300786 262567 285233 286575 291353 298678 221749 226924 257051 256048 256255 244669 256445 249362 304796 250491 301304 263837 282540 256222 289546 301874 267802 256785 286870 256785 286380 284689 288781 283248 259884 286302 239895 237753 287192 251859 275909 268892 
216251 206368 220004 220244 220866 226834 245260 219454 250564 236905 229583 244692 230038 230549 218089 234326 220251 236068 217987 234200 195989 235723 232947 241766 207865 262687 232533 202284 225687 228321 201350 210422 218226 214233 231639 217047 212511 228887 207903 252011 251608 224633 247510 236296 246950 205125 223291 239928 219395 262141 228249 213214 254990 216321 228322 238034 243517 250444 224799 216885 228754 242719 252129 218547 225997 225688 237250 263847 185580 189379 203908 218604 220923 210113 210402 223884 258998 214971 251479 220826 243611 215160 235832 260860 229322 244687 241330 233699 240568 253467 244237 219119 226141 221983 207959 213561 267494 214480 237363 239290 
233821 213547 243434 211647 237512 245329 243360 234828 251704 258620 241334 264501 247234 241677 236767 249885 239276 252292 240646 244284 214907 239647 242260 232635 238408 287296 239609 218148 234412 259632 221381 224136 237551 247661 234404 235750 221514 242133 227569 257451 249137 231008 254705 241456 254548 230497 231875 257788 231783 285773 256527 252951 280595 220598 229414 238179 252633 266074 256345 230222 242065 261200 277272 248221 251478 247954 248681 261848 200416 194686 221381 224247 237364 229269 229918 230716 260267 207436 261913 230076 235455 213555 261655 267190 213257 241972 255582 238132 264425 259185 264186 251828 228224 261269 224297 212672 266148 234559 244302 236032 
213881 213522 229834 222560 227677 238820 242471 229493 266220 253792 243838 253680 227492 231116 231509 245122 240021 230175 246177 249859 228713 233560 246909 255471 239850 269404 237213 233032 246088 248119 222472 203819 227108 224089 229863 229736 205004 255675 239079 272175 258666 243426 248957 232345 251269 216602 232050 252746 240405 268367 247202 243497 260997 223980 240131 242549 255411 237082 243499 222909 266328 256572 269711 230836 254727 254166 264441 262823 214773 210937 211121 220333 235708 213504 234991 248554 282880 208540 267463 231819 249976 230812 255352 263540 223831 226377 229548 250119 253503 275328 253628 240101 229308 256994 215434 229864 256082 227447 254916 225398 
232168 223926 252205 225043 223823 232690 236995 252992 256055 232905 238505 262303 241818 243759 235629 242910 225283 236893 255030 249570 210225 255258 270156 256628 223352 278802 239305 218146 251309 231306 217585 213890 243566 232330 221900 226123 222517 227026 228009 276059 261588 238633 251834 231945 271198 220156 232940 246830 237017 284459 248117 239103 271249 228396 246754 239921 252926 253311 243966 227402 256435 243012 262903 236175 253527 263960 257136 264788 204291 195537 219826 226088 232136 213421 222969 236837 279487 207400 259794 227482 235443 206085 248242 280635 234094 240704 247923 249629 246321 273044 265316 266505 222510 243611 220344 223035 268501 225229 241799 233072 
238680 226538 233701 245466 242150 233571 259191 244077 274700 264135 265079 261694 250361 251344 226631 257286 249928 248794 239509 266637 225679 264125 274606 253838 248853 276816 256634 213487 250972 238795 227619 220679 252910 246153 246018 254230 231927 236655 251173 263721 265239 239426 253394 243521 265821 219726 244810 260579 247084 278873 256486 250580 270073 227884 255804 249854 261607 273912 254457 237453 251065 248245 296050 247816 250084 260590 259770 266211 210730 203934 228607 231677 243846 225581 238966 258229 285428 222316 273416 243431 260539 245168 261848 281811 241192 257244 254614 245877 252962 266235 272658 267703 254387 264642 238198 232114 281722 246229 257010 246201 
245132 242128 264308 263363 251086 261290 259381 272171 294408 275085 269547 277088 273800 274353 260864 277054 261642 269683 293135 269765 238821 282882 283832 279880 251687 304024 278340 234627 256452 266774 252183 239048 264589 252503 261301 252664 237178 259776 256915 283583 282931 252575 279219 251286 268510 246541 268301 276835 254300 297062 272819 266524 318741 249074 249479 277860 286477 284050 264714 244564 283614 292010 292337 255191 276221 283710 282283 304524 234735 215819 234918 256771 261259 241116 246818 260100 314325 239120 288425 265774 294446 246359 293188 308739 265923 270284 277421 283390 268387 296869 287050 277728 241925 275228 242578 254823 276737 252774 262384 267509 
240798 220983 237900 239455 231136 247717 253602 244333 287054 281494 254768 270796 266864 245870 248370 267446 252272 244785 246412 246977 229818 252031 247425 270430 242868 288412 245563 217479 253828 255783 226060 228718 244663 245823 248377 239724 230531 247977 243324 264558 276865 230974 251682 250717 264562 247907 255572 262786 270589 293055 263583 268561 302342 241816 248201 253895 253406 276354 266443 257309 257130 267474 296401 243846 254795 267909 250432 277433 212609 208979 238696 229997 250145 224167 224670 242339 283305 242517 285168 250092 274556 227332 282722 285266 249613 244427 264722 237993 269876 300374 267680 253916 241036 259432 234555 227029 290472 241574 264247 251857 
240693 218832 258884 240933 237348 237433 244541 238004 285951 263064 260060 285059 250836 253765 251833 262311 236287 256378 262628 260722 209775 257839 271666 261608 243224 285237 250103 238392 237857 249631 232405 240280 248515 243430 249308 238650 226155 247507 251486 271157 276182 238429 262091 250864 264574 230225 241008 271716 223546 298353 253206 235572 280004 230999 260255 256693 262615 269268 252526 254845 251015 261108 291122 252373 262452 267538 250330 281889 215833 211978 228145 228789 242822 235222 245165 258588 285864 234419 279973 245941 252831 238625 259775 290341 250465 249828 263158 262254 270146 266378 284245 260562 243566 258998 231452 230887 272242 238731 239230 254990 
226597 225369 231565 213150 228867 220164 251602 218430 267128 240365 223224 253288 239963 219867 232981 230382 229696 231932 241649 233062 216605 257755 242062 231419 216120 258166 228158 195340 230655 239992 206072 217610 232729 224944 238384 220650 218257 224291 218121 267298 243888 193143 242112 230210 237786 219107 231597 241936 219237 280420 244967 236360 258562 212978 231741 240068 248999 264243 244493 223999 240975 228571 252025 227303 255573 242339 250363 255698 187732 194959 204042 228784 239283 225175 228106 209994 272900 213039 266786 223985 259133 211545 257410 263221 216153 233076 245141 233796 249918 273777 248779 234134 225935 247659 197542 207771 267759 230722 239320 227193 
246743 215412 258091 231631 242454 233836 253501 232702 280313 255053 238605 260996 255505 239930 245246 254489 227313 262150 263636 254878 214833 260287 259698 250203 238395 275309 267169 213681 235608 251942 220670 240189 252905 228653 249069 235914 237427 234834 238548 281635 271364 222798 249170 237454 264770 230280 228676 260417 223442 273598 262732 237747 279370 226461 245983 267946 249210 278772 249980 245803 259453 244619 278630 248890 268849 247654 247834 271422 200224 207631 240703 248134 235680 218491 244528 242193 277523 217710 271319 234447 254145 228162 275738 275005 236924 242257 263473 250282 269862 269730 264033 261647 235767 256078 219203 215975 285617 236001 237703 243490 
210204 205797 238242 215872 224939 227412 248238 234125 265024 249641 236829 240074 230061 216104 228055 233746 228771 254366 247198 241396 219411 242339 247894 249198 224948 266101 241109 197926 227147 231866 224436 216725 233915 242638 234395 209759 215707 212975 229316 261304 239100 208661 244630 216493 252285 216140 247849 238570 225637 272338 241294 225439 256962 218110 226931 240503 235306 249628 238134 210338 252934 234073 269752 214849 237134 254788 261230 272976 210166 204884 220915 229340 225111 209998 233037 222003 287191 212363 256691 235242 263461 229506 254106 263512 215076 232066 233526 231404 242535 259050 235313 229865 243184 240249 210600 216780 258674 195325 228258 234471 
214187 220544 229887 228684 223107 220673 246652 229626 262334 234252 237143 260790 255039 246720 229133 238066 242292 233049 228125 252500 214492 254477 257536 228435 222957 265784 230617 198238 228290 236881 205878 209074 237234 227695 231246 226428 227543 236493 233557 264753 244886 213178 258871 217015 248167 221699 240365 250472 238899 271992 243900 230237 266627 236771 237024 234341 262118 255974 249208 229267 236839 241476 261996 217213 245070 256737 261324 250166 208906 198065 222600 224340 241293 224554 222045 225057 265332 226395 266040 241780 236323 216319 255399 269988 232129 239230 233047 232775 252719 255949 257454 253628 230468 251751 207644 196418 268773 234475 234448 233347 
243022 217620 254193 230214 222973 232076 254098 226704 273444 249369 249606 246720 245102 246001 232667 232902 229419 260746 256344 248607 214752 249988 263252 257578 234164 278708 249842 207169 243992 248181 218110 223808 246169 232814 241601 231267 225526 232256 248827 278089 271242 219383 256740 222071 273537 226435 238755 256890 238379 278242 253355 254423 284980 238060 245912 265762 258896 277969 251493 250033 254652 234401 270641 223266 255979 252607 244611 277584 214650 201169 235640 221968 235891 229969 229112 241200 290359 229591 275584 236433 236185 204387 263485 265358 224121 238172 252229 243688 248049 261608 270685 242525 244260 240960 219109 223128 270514 231728 256979 240555 
248508 223466 260313 241143 229583 237015 260720 258824 298349 275532 267091 273958 243221 253851 265205 251722 265441 257108 273062 261481 228125 281756 279427 248148 234524 296187 255098 227719 271997 257638 235814 222367 254907 248527 252804 239815 249246 244099 260798 284546 283215 242680 275178 240437 258284 263114 259041 260858 258972 297851 251147 258713 295508 242228 242791 265743 287911 289670 276676 257752 284474 270985 290452 247504 262532 286311 265673 277615 204947 215946 241671 270525 270708 248915 252722 264167 306275 242810 288722 271937 270250 240808 284887 302180 250351 254205 267181 256655 280434 284385 288330 291909 222104 270374 232524 240073 286497 254975 279212 253169 
243027 220859 266993 253763 242168 244458 259974 263970 294162 278010 276027 291999 281683 267869 247347 262754 264065 278414 267172 272598 249978 260848 275958 267961 255633 283279 286212 230082 271038 271540 239019 245468 276093 241638 256325 254267 251818 262988 248379 284024 282126 223598 281361 244371 273381 242732 270905 280943 265653 299667 270847 267335 290081 251879 268612 288665 285576 288700 258323 262321 284701 272485 307901 246027 274554 288559 277961 300672 218819 225225 252512 238518 258962 238234 255824 260447 303981 243065 302400 263638 285260 257711 283087 303067 257021 257360 269853 259018 270500 299351 288092 284392 247074 265594 236175 237831 308737 252532 262506 248294 
237596 206668 242028 228877 221838 237659 241686 247237 289833 274029 246543 255156 243068 250266 245721 238565 234148 256134 261180 248668 222071 267604 261702 259181 230048 290254 257190 215197 241171 263770 230573 217877 259050 239191 237538 226587 246911 235403 240677 285914 276940 221357 260500 228288 256694 239747 251570 255919 259232 284738 244009 238111 308555 246320 229979 261917 268866 276095 261763 240203 262023 251825 280086 250934 254967 264674 254773 279190 222338 202371 245524 237339 234262 223109 237421 248395 285528 227782 265439 245008 257398 231613 268713 278596 236618 243679 253783 242984 254599 281259 269870 268365 247876 235118 231448 235979 276805 224142 253379 236433 
234021 228178 267385 220617 242272 243308 260952 240939 285713 261180 264116 255683 241340 254170 251468 252979 251613 269214 269043 261007 243536 278064 271844 255270 231504 279463 250662 227036 257796 239887 232886 225230 260452 248393 250732 230842 233258 240650 252387 277791 267858 234278 270537 222552 253813 237213 253658 250347 243383 301681 256591 250722 289080 246198 247402 268321 270430 270589 262891 230859 263913 265426 281714 238909 258919 257082 271266 272375 212361 212375 230033 255190 246360 224604 227310 247485 290689 222024 273492 247824 256186 250577 275559 277595 241302 237731 240843 248921 256755 261593 271920 264076 236042 278106 232013 231977 261995 239536 250814 255899 
246536 232043 273235 238758 248013 261186 260106 250760 290217 263594 260904 284591 273729 255868 257288 265842 249754 274613 288418 277056 229548 274188 268753 288654 240537 298440 260706 245978 251674 276358 241042 228167 254285 248802 272029 239055 248564 252357 260336 286545 274417 247337 284499 250463 268677 244460 270439 280309 253539 300583 275282 251971 285058 227636 262376 271634 281914 272348 268207 234512 270411 282417 282158 242389 282595 280119 286405 290073 219524 231615 239347 245025 270095 230973 243139 264106 315460 232756 282241 240896 278364 246024 270473 304657 260153 263131 278726 272845 268525 292944 274043 274400 251413 279744 215424 243215 270175 257656 256594 258758 
247355 237738 263859 257401 246358 248737 260934 273935 312820 286127 276921 290226 262310 272885 278114 276525 258758 268741 275628 278995 249339 275546 280907 287253 251988 318719 264467 248114 259431 270853 229346 242632 266357 262842 264437 261498 252265 263042 263986 282803 298193 234202 272797 246754 270588 246323 275827 276842 237398 311138 276868 264832 303601 266445 265328 251117 293689 281292 274020 260097 280862 260247 311009 264590 279950 293454 274814 305374 244365 229200 242378 248428 262450 236638 239786 264384 314454 243730 287377 274493 285233 247721 285743 299357 262185 259093 292796 269555 276511 293792 285045 291051 256822 280308 241079 242172 296825 250324 269894 264671 
227463 222561 249958 240994 238894 237035 233634 248972 291240 261345 259207 276471 246059 260376 244285 249378 248383 243971 256511 256194 210429 261703 264999 264699 253655 273747 247856 246058 237458 256528 234483 237807 241107 232916 251622 237839 230547 256383 240837 269674 263496 228982 259847 244800 253411 239874 251110 258930 240555 303044 246014 242062 288591 238515 251412 237129 265077 253072 252567 240391 252728 265099 302094 249815 270374 266999 269992 267412 220422 220854 228820 224464 258710 218013 218460 248191 286307 234450 260814 243673 271172 248993 267661 283977 250958 251794 252076 249900 253782 279605 263622 269730 249338 275137 218012 240616 264506 240248 242132 253739 
231983 230196 264830 246041 237594 245819 251674 254056 270448 263049 256034 288108 275091 262794 239785 239805 255775 255223 274555 251430 224242 257494 272368 268278 246541 300407 260047 239661 248197 272331 227590 225861 247061 262656 254190 236513 235444 265234 243286 277087 273457 228188 263650 254426 263050 245017 258604 266170 245222 304026 277243 263351 287072 238841 268127 267455 270909 281967 248619 233454 281444 269994 292906 247668 257879 259662 261212 290431 217185 208386 239961 248870 262202 233658 225364 254450 288421 232894 271566 250916 267227 219973 276882 287697 256188 264280 275960 277070 272185 304404 267455 268950 241737 254592 225282 226539 288168 237025 253512 250616 
226865 208096 247395 223443 222248 231823 237600 248936 259104 264938 253686 256721 227886 223123 248374 247706 238109 228462 253164 253555 210738 261547 259934 248394 237182 292394 239946 217626 235784 256327 226844 222885 247741 238789 238634 227986 215039 235861 234729 268102 267696 235450 243867 239023 264946 235367 225552 257913 232651 271729 242143 237059 284604 227585 230283 240902 256601 260223 251051 242258 246706 246711 283486 252308 247817 261208 240242 263135 205833 204229 236746 225227 244353 216726 230545 253331 275217 214327 254634 234217 251284 215557 255718 287962 237411 245925 258945 237629 249940 280002 270323 257867 233995 247476 208226 237506 246120 210652 231179 233436 
221464 232912 245708 226380 222723 225684 250204 247011 269187 227643 235074 262839 243233 238581 246713 248053 231179 262495 244644 232195 218200 248677 259959 256337 240579 267871 233156 223846 249339 242140 222693 219123 232432 227324 243774 215931 225776 230193 231500 274861 255122 222750 251744 232283 254185 228636 259700 236131 239263 284957 233656 239452 268979 223304 237263 242837 271588 256692 223089 238679 252677 252521 280079 217214 258111 258573 267518 271514 208343 220621 228063 223679 230702 229009 236277 245970 308721 225831 282605 242895 262961 229110 268244 274187 248921 239493 253684 243589 243911 275473 255591 253759 238965 238806 217204 230472 277601 223676 242849 241654 
240083 213204 238571 241250 218378 244624 231117 224558 258661 239753 243112 235328 267524 248951 223655 234926 246512 252907 249521 241413 216320 247726 263976 247556 223848 282907 245540 198846 242652 246728 234866 202265 236871 219843 228582 223828 232475 236612 231776 268276 258158 223939 255370 220575 253072 240016 246676 244041 231292 273821 242994 254863 263154 215109 233980 242775 252182 255929 236674 218934 247696 242462 272730 221604 246925 255584 261704 268120 212116 186923 226516 214903 226541 218726 223702 242790 273635 202574 271328 232289 232171 205602 277054 279041 232973 237517 258087 237422 246718 262948 254737 270364 223025 251511 217306 216147 272840 235054 244052 238768 
203246 200452 225335 209252 214304 202314 219710 215335 245924 226672 212725 235332 217594 219210 200178 211193 209225 209049 231705 237701 196136 230714 230980 217431 209674 238385 228001 189473 203382 210968 198559 200514 229056 200375 198016 200357 205224 225948 217413 247656 229936 195835 214325 205898 220455 197481 217875 217683 211476 247405 214918 215952 236404 199149 214242 225501 231672 231654 213557 196287 230500 211606 233424 223085 233636 233356 221907 232416 193751 182247 207604 209433 203645 191552 208927 217924 258715 190983 215416 216766 220703 197802 247808 255239 211726 218243 228883 221210 227185 249794 237562 228493 201702 244229 189945 191930 235144 196366 218345 195577 
218563 221301 234541 227459 214165 230402 243450 228706 250926 234811 238893 240291 245704 233942 240829 237296 230220 235050 255806 238114 225234 247816 260880 246930 220303 273190 241073 191051 226728 230407 216106 201643 238370 223829 227917 223244 219387 229919 231848 271708 243383 212926 239475 215736 241280 215120 239257 252255 220497 269881 250595 225899 260802 224793 235765 234028 237923 244194 239890 222497 237793 235337 259489 214646 231987 243853 261044 257395 203115 185968 237514 211570 240010 211942 210517 229784 266082 212302 254125 227209 233267 207521 231580 260815 240450 239394 244337 235530 233629 273362 260994 251742 223642 231424 214285 211079 238403 225521 231523 224957 
227620 207758 237715 229986 223049 224838 251963 256261 276764 248873 260169 270740 239146 237767 239962 233120 246880 248604 252497 248213 230336 260358 254074 239553 241086 278169 242178 210508 241917 266670 230514 218125 241232 238219 226898 232109 236530 230106 231632 275236 258758 220758 260452 227336 266389 247493 243233 261721 230037 259389 244504 247565 268741 245138 237602 241786 250737 264378 249945 242232 247421 247838 281762 237109 245937 268616 251259 281850 218687 194838 229014 240080 252287 227872 222136 231012 278801 221087 273172 241709 248015 237439 265966 285678 232289 239251 263310 238701 271730 258436 255438 259042 229062 252065 219606 215405 277994 233448 247888 243843 
262123 230228 260566 236342 232346 241556 247639 249120 277741 256101 254979 267682 264378 244171 241049 263360 241514 262869 266057 256685 222371 245317 271634 266999 239042 299127 259534 229283 249776 253685 210588 220260 244934 245146 244814 232924 228984 242769 240971 273964 274467 241915 252425 243590 267906 254532 237002 266598 244969 287546 247561 255836 278801 221247 265663 257484 244307 272388 258685 242805 266178 259949 281155 251010 256368 268068 256557 269254 217055 213978 229947 243135 243392 218906 232558 249512 291505 226789 289228 252219 263837 219936 273340 295079 252687 252102 261290 260866 261869 287558 270738 267305 237880 260442 223218 220231 274450 235114 243369 243967 
250818 223507 238476 230403 227592 229615 248976 233089 268021 249896 245936 265531 245481 248173 243991 243783 253107 242219 259703 242346 222973 249067 256233 246231 240273 283667 246194 218774 252564 249172 200590 200512 250492 222969 254010 229033 236090 238713 227921 277150 267247 221781 259729 236523 252630 232513 240222 247802 254654 282266 251366 238769 288732 229402 251793 245463 253425 258924 251963 247006 255014 244412 282795 244056 250785 264791 249179 279753 203311 202037 220446 233220 252513 218739 233549 233108 275800 222474 282709 242973 248913 217969 252387 271460 232817 238490 256060 240647 258437 268097 253846 263816 226445 245185 218944 222240 262156 240754 253918 256834 
245788 231774 247643 230183 225836 233127 257751 243575 292901 248517 247342 250824 257705 240990 247087 252381 242082 253418 245131 263499 216526 254567 266476 277568 227109 292065 262269 210381 233377 253186 223503 227529 239966 212919 237630 223626 234704 234388 238203 269956 272088 230120 262385 230868 265547 234120 244164 273560 233040 277905 254244 245602 280013 227176 243445 267050 249779 267233 261436 236225 254527 247967 257267 237571 256999 252351 277183 292266 214541 200567 242976 222817 244476 225601 225512 246281 298742 226113 278420 248060 240302 218232 274812 288384 251941 234972 244909 247977 250492 271310 257418 248530 240600 250317 210298 226001 273402 226574 227668 240115 
234567 232750 256983 232057 238628 245820 251236 261444 279996 254393 259067 270425 252457 259213 255560 247840 251108 268164 266092 266185 235049 260742 274561 259343 232598 298862 248035 219623 266677 262406 235020 220414 247077 259228 260964 239208 238416 261944 238787 283038 271261 240451 276438 244498 273391 240102 269283 280861 245016 286204 269459 261256 283753 229547 251796 260920 288957 275228 252273 239399 271804 273871 288467 228943 271619 263079 290644 291114 206655 200503 243506 247623 235414 241061 242982 259527 303371 221398 291777 257649 252604 245311 284422 284444 237004 241376 250989 244587 266414 281803 267805 272492 238366 257439 232217 238238 301504 237835 264557 247665 
225726 206415 231864 210070 232243 240810 247543 235609 246429 244595 257195 260179 244388 235775 230253 254001 226882 256311 246017 244420 211710 256145 255902 242619 234284 270482 222471 215643 237194 251241 215450 198093 250746 229190 224346 228028 233660 217543 224909 264317 242413 224884 248919 223289 250459 226900 238739 228857 227980 277315 248479 237216 266427 219536 230590 228809 250195 254215 235450 212171 238642 232180 272901 241454 255836 255131 256974 259075 200774 202649 213406 236157 228412 216068 224879 229775 273620 191745 254525 235911 247530 215895 250572 269292 232386 234217 248987 230831 254289 271454 244017 268067 230112 246244 225031 217003 269243 219560 236546 237684 
196153 214648 230041 244447 228415 216827 249047 233272 253782 232775 241491 256592 235007 231769 232408 225262 236180 226586 225926 241958 205159 250435 263357 238533 239581 258640 238381 204965 235588 230480 215735 209945 229239 209600 227809 218648 216559 227722 217014 251255 234500 218569 252494 231755 248871 209205 249673 250336 223442 273987 236651 224872 264036 234023 230244 231700 251941 246620 229098 223937 234783 233257 272161 211380 224502 249177 247425 258790 197024 203155 224675 223997 240987 211072 223228 243830 275285 212772 260208 231372 260492 228993 254737 272651 247226 233441 248931 219149 245045 254504 246200 243329 214054 241143 199442 208619 244282 213095 230532 230953 
245629 209410 237053 240136 223448 241853 237703 227415 284796 269757 263567 260608 243101 258487 240936 242962 237322 229831 251805 249692 210418 264095 256050 253272 234497 274618 249728 207881 244326 231211 228525 223074 239571 236733 243710 218998 224421 234621 244994 272726 243462 231642 257866 245613 261696 248218 237057 258147 248609 282317 254098 235066 270646 227098 251107 253425 247736 271245 250512 230748 247092 248696 281351 231479 241863 264148 242651 259449 203881 208549 226802 225533 244181 218032 235210 235541 278970 233096 271349 235941 262892 235999 259094 283790 244007 248689 260541 238864 262916 264551 273662 260781 236418 262178 228420 224596 265417 233158 257787 234244 
211262 208591 229171 230830 205619 216802 236111 232495 285230 248767 232040 249851 245621 232399 217825 228959 227263 238882 240941 218911 208274 245782 244683 238496 226646 275117 228584 203360 210098 241752 210007 226037 235805 224865 222877 206782 218647 220974 234652 257127 241124 197846 231256 221390 238126 226235 221947 244370 226520 262491 227338 224721 275111 221235 222722 246196 242899 257004 254627 207309 241818 250404 269438 227725 244162 256492 242864 251173 209579 195973 215187 219080 227732 217868 230166 229737 261147 244545 243442 227491 235682 208191 249877 265824 229992 241653 236877 237859 252459 259354 248192 240406 229331 236650 224972 210294 252051 217029 229721 236766 
232159 217971 237306 223278 232297 245563 235772 236930 269570 250027 233762 254215 236088 230221 234071 252974 240175 256469 248405 252706 234162 245367 240339 241252 239469 268786 243837 201817 251074 252495 221266 224338 245299 230931 236651 222169 217652 231735 223588 259597 248507 206282 245319 236989 251842 216741 234997 265278 225031 275857 245413 242571 292091 226612 233737 241306 256113 255937 249388 227694 236244 254757 272415 235076 243228 247335 257447 263111 201902 201377 217743 235519 224180 217848 223468 227505 280715 221712 259964 244782 246700 224890 264813 281453 224303 235674 243597 227543 247899 274694 262325 236160 232093 248027 210632 229623 256465 213328 256575 248533 
237312 221340 255793 230564 239782 240354 244344 232678 267532 249776 241797 264358 259233 230878 233651 249931 245332 262928 264082 245470 213120 251305 256126 260068 228268 288425 248322 230754 245099 248099 233584 208342 230479 228988 240211 213912 238475 245641 234462 268894 269373 217460 237075 243750 259785 231957 236080 259567 247305 280705 255827 238309 277489 223966 241276 247322 265456 257297 253854 208819 256078 266496 264030 245167 249601 269708 259394 269329 195276 222449 232549 226247 241709 218193 233522 247071 286218 221200 276939 241681 244004 222607 255652 280473 251260 259236 250387 238675 254036 270498 269610 264451 234281 252677 220141 224197 267267 236772 247592 256351 
228794 216797 254370 242799 243343 244797 251785 250930 270618 271805 257602 270075 245073 236941 243964 258818 232268 240405 258506 256537 220892 263041 260293 242466 247716 288151 250902 222875 229159 257128 232383 239402 247510 248034 245170 239023 231295 235214 235274 274781 262358 231113 253955 250113 264490 227415 250291 258526 230541 294745 251400 247996 279428 233918 247325 255222 264470 275541 248575 237495 246529 248815 291709 259338 247859 257895 246602 274549 215564 192975 216623 237073 246879 223382 232420 261552 292613 216646 257892 239890 270365 234175 258200 281105 233517 236645 255963 244139 268902 274362 261053 256228 252003 265290 217370 246476 270973 239742 244442 256790 
221853 227748 231912 211756 225208 206135 254571 240069 255131 238632 245077 269942 241049 228216 233810 227688 244772 243786 248566 244505 212513 262999 269507 238100 214733 275725 241179 203701 238004 244364 223630 206397 226383 240516 224973 217278 223583 231337 220829 258553 261610 201836 242966 218188 238161 216517 233945 255188 224756 272660 218775 244435 275767 210149 237211 251065 270376 257445 242457 213841 255118 239478 256314 236003 232768 264914 243416 271358 195546 200131 221974 216755 238584 213338 216990 232147 280733 207512 268283 239449 245566 221379 247864 272412 225420 237405 248209 234472 242610 272014 272519 257004 228686 251497 195153 210985 255081 225992 228073 231182 
228260 220281 248450 236476 244552 226739 248430 242035 269590 271273 240050 273663 250570 259158 233655 224176 237931 251689 267510 250612 211289 264976 258025 246380 238413 278821 255447 227556 239636 265383 241508 225791 258131 236926 241498 229118 242918 239856 244355 272279 256217 229000 255728 242555 255245 238239 243929 250090 237572 285528 236402 244877 273095 238094 236042 263501 272294 270568 240797 219865 257090 263562 277286 242969 263762 261287 245047 267720 208740 207716 232442 239880 243606 231965 235048 238554 287933 214591 269602 245579 265561 235070 266184 273135 233656 248392 264632 244525 275891 278910 275474 272621 231240 262294 224251 242507 284643 245659 245527 239169 
215903 215465 227903 218400 229036 228989 236633 227874 244105 245267 236349 264032 251436 238653 232426 242013 214851 236880 241101 238265 197207 232362 259453 240378 222873 281777 223556 205510 233015 248844 214877 212157 217189 234919 236289 216332 225079 241603 230226 260859 245290 210598 243392 236017 246976 237836 237822 246631 222465 275513 240043 220963 265535 220353 217646 245173 263465 252258 230456 214360 245243 249129 250771 223212 231596 246475 246535 259341 207904 209904 212354 211420 229227 209916 224745 231500 276805 201166 256565 221271 239184 216565 258960 264504 220930 247831 252089 237107 257565 258890 248132 257075 243811 248879 204850 205191 260486 222383 233965 230679 
218188 207173 224385 222917 235587 222592 248134 225547 257607 228001 218314 259952 254170 223679 233334 240526 234376 250486 237810 247940 218957 242351 249270 248471 228514 269256 231330 202276 216323 234141 219624 228911 235598 234474 235389 220303 229376 220793 236818 267503 242764 214053 238151 243330 231059 218339 233600 265409 219231 263274 247400 229392 268129 218380 235276 247505 251746 258130 253552 227925 234350 250264 273859 231077 240799 230286 258479 256445 200397 196712 216928 230901 249025 224785 211494 234361 260912 230274 262512 210398 229203 215903 258536 266590 228001 252323 239634 257209 250138 249936 246196 243879 234266 234078 211962 187469 269300 229558 233809 238527 
236726 233575 265366 237986 246077 246086 261696 240564 277662 276583 244477 275302 247935 238811 244950 272365 235968 262052 263147 251998 234974 248880 256382 254295 245630 287040 258771 227699 248979 249119 229346 235872 244842 254231 247950 239116 229259 246066 250228 286054 271783 221808 241596 247148 252689 237522 258193 265316 239201 285056 259045 256730 283280 253102 235159 264517 269669 253937 270306 250602 256690 249579 297336 245483 261430 265816 261123 271839 208016 206874 227321 244543 260322 227761 232222 249480 311756 230572 279271 253829 278085 235914 269630 275265 239501 251862 248834 253001 252099 260564 270427 267953 245539 282389 216802 230200 272444 231422 255806 252662 
217390 221536 253219 236556 217287 228877 243328 237622 269948 243441 221729 237132 248196 242977 224908 232117 224440 255802 246457 236340 210204 253412 258953 236866 222078 281405 240388 200362 237261 231882 206917 221070 245331 231242 244779 223063 221357 239480 223430 267667 248927 219395 254313 239002 243100 217824 245336 243052 223382 285651 257179 245466 274628 236788 229792 248007 260056 264805 239800 222838 249850 250845 270386 216556 243825 226736 253751 250059 203563 188950 226146 231508 233059 219016 233164 233644 277988 219512 252707 226771 243305 208437 268223 259615 229336 241461 245001 243198 236941 265502 263778 240810 218859 230943 218641 227348 256933 221378 237616 234402 
223032 216953 227227 232363 234571 233913 252107 244722 269258 240388 239089 243517 236270 226320 246690 248666 225175 250784 244355 248106 229855 253488 251949 247946 223332 271254 239171 206272 241179 246220 220966 211378 235540 242833 249997 243198 227579 235363 237622 271400 255176 233930 248402 230569 255800 230073 237147 257788 231030 253501 241181 252451 265482 216710 233978 246768 242092 267406 242992 221459 249164 254303 275747 236572 242030 256612 252308 258070 204441 208785 229273 220595 246003 211236 222624 238196 260801 210403 277618 219085 231429 220837 251128 270923 220853 246264 249918 231777 248763 251464 248283 255996 232162 252895 226043 209395 249514 229161 235177 241980 
241547 228196 243629 237438 235250 252883 246637 242423 284374 278233 267669 277212 252038 242825 248027 244083 251265 247300 260657 252130 232120 255567 262503 264597 244948 297973 250368 231112 266217 275001 233632 242076 239983 230724 242765 233701 235739 262623 233493 273054 284511 230942 257880 255380 255192 242225 261491 276223 257461 281693 244873 256542 295348 232523 254385 272051 277132 270486 261849 245607 261998 277957 275637 253065 261488 274978 270348 286747 211004 211718 231844 236670 245547 234027 239096 245020 302326 225097 293323 257567 267584 246893 268923 304729 246512 244497 247760 246870 270281 281939 266819 269762 249571 276824 220899 235481 275302 236127 264018 252762 
224719 234866 267399 248940 255095 237857 262285 258245 307018 271677 279713 281460 257796 271161 257787 252627 255037 267277 270312 262377 231547 277857 288812 265489 234809 297522 264197 234222 252247 268912 218119 235928 264517 255288 263039 254753 242849 251438 241179 282491 275121 240261 263210 248694 274522 230941 257593 267402 246734 301886 272495 255648 303073 251115 265511 273086 277284 291875 260031 235161 266004 272942 307750 265788 286957 280203 277850 286560 215837 220378 238476 257168 249967 245958 256573 257525 286903 226727 288271 266091 265984 236011 282028 292641 267783 250814 265540 245572 286959 292840 284805 291280 237580 271955 243955 238787 278049 242713 246068 248889 
232334 224754 243196 240778 234864 208662 237638 231249 274324 248206 244645 268183 246413 255263 248011 226577 250721 247901 270802 251076 222271 260342 270319 257208 239631 286799 235489 220762 234480 257807 207294 210875 251227 242321 239003 230633 236291 238943 233541 277552 248481 214686 252956 243655 244949 219721 244361 258019 241133 274314 255302 250084 280762 239998 240945 239288 257293 262865 253046 231194 259085 239779 279010 238684 260098 274057 263020 256798 216580 205495 224637 234533 249000 228975 240983 229788 268205 217973 255693 247614 236300 218941 264653 269684 234523 253045 264105 252259 274083 271133 261424 270790 228725 238753 221615 216490 276961 227200 237706 231978 
237628 223659 262190 227605 232645 246077 262786 244716 281652 248374 248565 264071 251262 260689 242561 248951 239677 271516 271138 246469 222037 259515 275318 267982 243126 285464 276693 218594 252758 251013 230706 233092 250759 229732 257536 217174 250257 255452 236915 271864 267725 229991 263410 241633 263270 229005 249206 265389 242479 280362 256789 237484 280726 240763 245388 262408 267880 273957 241282 239008 277279 271314 276969 243270 257196 246520 267805 294812 212211 216393 250382 230222 248935 229680 234066 241169 292778 219786 270801 236543 252686 243881 268408 278452 248717 261168 260108 245970 264956 287412 271524 259834 247287 235960 224133 250273 283459 234330 245045 261056 
243629 219843 270887 205981 227675 237680 249037 248051 262485 243698 230778 257049 237535 237431 245655 251830 252000 255806 248488 249068 222000 243568 258356 256934 227447 283646 248016 210502 246526 241467 231455 218079 254731 233865 240239 231543 224955 245550 230646 276111 269359 241973 247706 247261 247400 230434 224107 242627 235042 277859 251286 249881 269605 224687 242678 253145 243632 250390 253977 210884 248203 263745 286398 244464 242697 244832 259679 262138 206803 198737 230809 220565 235186 217354 224348 232202 279226 209129 269504 222457 242204 220544 273676 270681 230877 238464 231934 253940 231831 279177 268015 257985 213679 250717 222919 220382 265418 219322 220816 235775 
225968 224232 251145 234704 235832 227942 237130 243816 274413 267551 247795 267474 261713 245908 249431 259501 250676 257922 257189 274097 223275 247798 252968 243005 235500 285629 251166 218113 244719 253974 220573 221091 245721 243291 243977 239311 233208 232677 232384 261990 260159 230692 258871 224128 253692 230926 235559 263729 243735 269274 256030 240470 268917 240292 253366 249989 257663 250731 268392 232985 250949 241478 282749 242436 260060 256736 256280 263117 222051 204545 226768 231090 224941 223594 246086 229016 277044 230110 276836 251412 262834 230820 271837 270555 233367 249378 266797 253922 263884 266258 267946 261741 232502 261182 226623 222955 271267 234859 235870 236846 
236247 235987 265784 242356 252311 241570 254330 251690 284723 265712 259056 274106 264712 262123 255369 250380 253883 259517 257884 262975 224816 258383 283232 261540 246137 301434 251799 225398 256042 246109 224959 228844 239800 258775 252003 245637 246317 242574 239887 268848 269998 225770 263329 253907 286016 225541 255823 263105 239931 294211 259824 260205 280340 239561 250478 265722 264442 282656 259109 238113 260256 259382 299036 234319 251854 267014 256426 284038 213111 205582 221404 236135 254407 227801 240390 251494 307183 232334 270789 248164 268212 226206 270497 296294 243787 253618 280694 244450 252955 286591 269301 256592 248468 259075 219050 222020 276952 236513 252886 243630 
228331 216883 244494 235247 238102 233962 243178 244771 277048 253941 263434 269863 244971 255581 248099 237711 264829 236530 250716 260898 210815 270769 267128 244958 242266 277306 247316 213290 231203 254659 244638 223040 234933 238164 239728 220994 222886 242191 237973 273690 257118 227603 252042 229692 258044 252190 236579 257932 244507 267234 241974 242894 276217 232435 243451 248267 242419 272918 263539 242095 265661 262418 289165 249987 255221 267826 259463 263709 209067 201830 234725 237000 252023 224579 233312 249981 287424 235127 265632 245520 269018 245405 262110 269051 239834 238276 241957 251032 260298 258693 256939 265133 222837 254017 215162 218102 259432 222387 246020 233680 
224889 222065 248379 235066 218385 232707 252723 232294 266812 250150 231624 260634 255845 235724 231819 241099 233695 241244 242160 250344 219859 254086 265351 247271 235427 279964 255729 215903 214895 254569 220444 208995 225043 248707 244187 237289 225579 249173 252896 269169 264157 230158 256529 228139 255927 238761 226002 248486 237802 280722 243770 232417 273549 221955 242157 247679 258364 262163 244577 258142 267848 240992 280997 236952 264012 252539 249855 277033 197542 192295 229351 232386 244314 225557 236087 256581 271501 224240 267642 246692 259891 226702 254202 265754 238856 253469 252473 260367 256751 269945 252958 252000 239390 244132 222849 219171 265316 248590 237179 239181 
231676 233990 245592 224546 239953 231008 253751 249442 269049 246475 250176 260977 259615 253007 234914 257376 257905 261360 250065 255430 221549 253808 258856 251137 246558 285807 255505 225718 235497 253350 229207 229996 250238 226617 244397 222216 229059 251740 224684 284634 262712 234848 263803 238635 253515 229432 242184 253156 235650 292722 251776 252116 278057 235082 244958 246823 275198 261801 246678 232062 254151 261491 285974 242314 266881 247632 261531 286807 220570 198609 229213 217837 237551 221399 234560 245446 289503 227984 274911 233641 254309 229952 259824 277215 235930 248904 260774 258304 248280 260381 265219 247248 237330 260051 219537 221888 276500 235285 240264 248089 
250593 226949 260659 246144 247349 233999 270917 258943 278177 250673 245855 269258 271397 247277 248194 260912 253188 264549 266546 263065 226404 261778 284484 261721 241090 295067 267163 217152 265204 250253 232189 235202 265386 230809 263205 233533 235251 241842 231202 281775 260763 253070 271335 252277 277776 241452 241109 263082 243890 293158 260414 253153 275341 236571 256384 264353 258971 273863 266645 231172 268514 264971 274180 245133 262991 255664 270618 274620 205854 207660 230199 244518 254508 239282 241046 255374 296964 223209 294445 243148 256107 233456 288501 285824 252681 247031 256034 263017 265478 277065 271268 278783 243622 258991 223388 233780 283021 234828 251241 247174 
213953 203319 250059 215592 212879 214421 226866 237897 266562 247606 239472 263457 229831 239041 231319 230464 236114 245183 249472 251562 208674 250581 259364 257621 222238 253745 230060 210951 227961 237765 214259 216963 238111 229658 236274 219494 209942 240350 233339 261688 252168 220706 248987 230402 246493 222858 244033 236901 237568 275543 254200 230044 280603 242944 249169 242481 254642 245072 223325 238137 254200 239211 265600 227312 248550 253324 242343 266754 211144 215315 223741 215578 229877 215199 225718 223075 287890 221285 259036 240957 250577 223559 263089 252446 228786 229530 241948 244473 247433 262012 265987 238668 224175 241673 214924 215302 255609 223853 235041 233814 
252697 228160 269819 249447 255450 244482 280576 267212 295112 267933 260839 289524 267690 254507 250203 277375 253237 270338 281094 265395 237174 288385 294670 279499 250595 295668 271665 228468 258404 256346 237911 259286 270517 253313 255456 241388 248805 257860 266817 296504 278872 236863 281253 260850 284778 250081 266000 289897 251110 297645 277208 263118 308959 251416 267762 273892 300629 291161 283160 238213 270581 277575 292217 266349 280036 286773 277262 284899 221040 233875 256136 269781 273988 251239 260226 258717 324560 246292 298972 250856 281592 249292 294727 308437 266738 252811 266480 269930 275279 296814 290717 275997 255887 262710 228181 234566 283614 253612 258087 259677 
232519 215240 254286 236780 239132 231138 248292 242782 274468 273622 254015 250967 268073 252529 250522 256044 248297 269060 270893 263587 232458 262929 258453 254137 231655 292604 266883 219608 244072 260956 216331 217278 257204 240606 250844 239350 240112 242958 244067 272719 269833 221633 260065 216717 260816 251829 247206 250591 245050 283483 264732 265196 285846 254090 235668 256378 264982 278781 259615 245007 266052 251479 282112 248027 260958 256546 259084 283395 208409 217364 247257 246520 261757 219656 224546 241252 280050 222003 281681 255505 261443 227718 269189 266308 244442 246452 266981 245067 266566 269087 266572 274864 239951 264342 229890 222530 275228 239643 244748 241570 
