100
219900 244709 238105 197925 210393 229754 210407 222607 225736 223331 206024 214023 238458 250032 239047 218407 224758 243271 251506 199810 216661 235004 212328 212566 224099 222805 213755 231486 224570 217768 252607 202445 197574 226711 204000 229079 253066 210171 216711 211663 227158 201225 217209 231217 178202 233442 216458 239593 245734 227102 207475 213225 229299 259128 213273 232439 228563 244934 217674 197193 206260 231875 222757 247228 234746 213284 208677 240762 248064 213748 231190 229519 237066 222699 211858 210211 208040 238119 218735 229642 234684 240604 217764 194676 173971 220806 234712 224302 198092 225558 215901 233321 209378 235307 217355 207405 206319 230038 222683 233071 
264217 275920 275737 235590 251694 254782 245804 266236 247809 261818 238422 264686 254258 280172 283759 232717 258655 282842 271786 268767 266752 269274 248407 243625 234304 269749 260082 262907 276042 269069 273807 233408 233287 253341 240138 271140 300766 237920 252817 261749 274830 236341 253434 255103 200639 257959 251215 290782 285547 270219 270395 259449 255534 296368 255902 259155 264376 252671 244158 255486 231585 259958 246276 275842 266499 257705 264347 261491 291826 256450 267587 254732 272080 281737 215029 254418 273960 262830 244851 269722 247614 296912 251957 246327 209552 261481 256162 252380 250492 244895 268021 273457 232383 271450 230528 227678 263864 281178 243720 258884 
225938 247876 245551 193127 213463 208920 206097 242467 228607 225848 220904 230876 223332 239562 237714 204508 198853 258056 239378 231442 225236 238551 218482 207874 223057 230377 222121 213013 226597 235214 245680 218765 205298 219780 208214 226139 267071 231600 211338 236041 216153 190779 222653 233633 173448 224578 229333 240344 255595 240486 223048 203512 228362 252430 220621 224785 216553 226215 226507 229684 201874 222426 225044 251200 223932 227400 217470 225686 254836 220792 235478 213543 234147 227924 214540 216028 225720 226856 218293 222599 212261 244056 220584 200802 187263 242205 230244 226811 225414 223001 230033 247309 215321 233427 202957 206750 228894 252659 219280 229928 
229658 256646 250840 204640 227127 229621 220210 232810 234193 243650 211349 241482 230002 239309 232957 221677 229662 252985 248895 229311 209848 249526 232766 232908 230862 254852 234016 224626 238075 235419 260354 222389 210338 228768 242485 230302 268049 246160 226636 235437 241120 213684 243796 232827 186387 226712 218449 255301 246210 258859 232698 219442 225495 265892 243320 237003 232264 221409 230203 243364 227469 233529 231162 255760 235958 213471 231477 238273 245880 244474 257328 236038 259841 238633 217742 218076 223924 261501 218533 242384 251085 252119 221555 210455 209648 248708 253928 235267 226691 241627 245269 255404 227594 248163 215860 232798 227128 261836 229719 249647 
222192 288971 255979 237592 246095 250024 222648 261098 249818 251111 223797 237451 236316 254321 267567 233472 235024 269341 267312 237954 248656 254426 245177 239732 248649 263697 246185 272469 256240 252686 252151 237892 241286 259514 208850 236854 279855 250233 250174 254978 257513 246333 256923 250045 192049 227398 251133 270462 258910 259169 247908 239012 258611 281002 264853 242371 240188 247562 232350 232039 244060 245220 242531 265930 256317 234600 238098 244633 274901 250059 263400 240552 260658 245754 219426 247620 244303 265888 231610 246684 243976 278650 255324 227641 208609 247207 262713 252137 252522 255733 245124 277943 241384 268825 223614 257250 241816 256425 247562 257382 
244187 288385 271607 226506 264028 250875 245035 266995 252394 259203 226170 239327 261362 275940 266899 242231 235910 271233 270106 228679 233645 266269 257840 238947 252454 251952 247248 257279 263541 234238 272986 239177 244749 260651 231546 241385 272307 249902 239813 255019 269367 257986 259968 250709 200048 252650 244348 278226 277365 275385 254588 248191 256575 296522 262087 247225 265650 258509 242662 244569 267166 246559 267924 279660 257449 247383 261103 272372 278529 258262 276919 252431 271983 242696 242843 252044 259626 285929 239629 267052 258360 277741 252539 236108 220024 261993 261591 254224 247151 239538 258015 266812 237304 266129 229997 258430 241096 267724 246048 274824 
241052 288894 270570 234802 270431 254127 239146 257630 262182 253959 244621 237932 252157 272362 259702 259580 250436 279279 278811 238091 239676 270838 256648 250502 266984 281140 246730 278414 267452 260736 280552 250491 236167 252024 242347 256166 293004 243174 268334 255707 290078 244652 264728 267440 196759 260600 262082 270346 266718 273596 269857 247695 258988 304389 247965 246405 255269 254147 244797 255127 250991 252316 259704 278804 260030 239688 246050 267813 261225 272238 279712 273181 286704 251731 238268 256358 261793 268490 245391 272437 267981 290691 265309 239391 211353 245791 267349 275942 263885 264168 247957 270635 251021 260468 234783 255242 254890 275932 239113 266910 
225816 275920 255006 205081 226444 240735 230738 246363 238238 235655 225474 226724 227706 238954 249719 227128 225847 257029 257313 228879 221388 240632 229711 214403 231553 274002 245891 250117 246851 227724 256326 227068 216047 226558 214301 238041 269860 227775 245442 240772 237635 220451 234090 232793 182094 227469 222058 249551 260922 259706 251534 231491 238563 271404 241216 223769 223598 239990 226511 224686 222645 250333 239962 249647 241343 230254 243215 238286 265836 252178 246013 236913 260178 218223 205059 235061 240544 245796 233147 245155 231110 268817 236338 201129 201852 238788 248491 244986 215498 236588 239797 261940 221639 239357 219885 242471 229509 258404 241939 243145 
252890 296391 286468 237085 257921 262785 252069 291368 270811 269816 258690 277922 267698 296915 288683 249431 249540 295138 299011 236086 264972 291586 265299 244280 254226 266101 260811 285957 264929 264449 271135 246588 248503 275150 245719 267087 300564 256206 265138 270108 275894 252298 264052 266868 185402 260852 269180 283431 295814 280924 259181 258935 276238 326578 263615 264704 269092 280740 263364 264991 255188 274778 284127 288144 265756 246880 261514 285134 283429 278175 277622 265564 290997 261120 248218 260319 247261 269799 264983 282431 255846 299144 266225 237961 208382 272573 277906 279663 240305 252822 264116 289328 253874 286597 235870 265029 252529 282505 248687 282101 
243711 275303 248212 208230 230739 238071 222922 259942 227428 238081 219563 243263 237666 254945 264768 238556 225954 261281 273585 207196 232265 251517 247010 237877 251395 245466 230017 256942 245196 243185 252155 221962 210415 250259 211406 232137 261900 236153 243389 222212 265908 219341 236473 259270 206061 236410 233695 266657 280495 264870 238746 237018 247732 280657 239244 241711 243737 247823 230793 218581 241729 238593 245936 255937 243032 220544 241997 255140 252846 253520 251066 227336 266444 236363 223886 225566 256678 243977 227032 233561 241390 274895 244620 213809 213014 241588 237662 250664 233670 246513 254897 271633 241465 264559 218170 239240 218494 249336 233771 252055 
234858 261997 261250 205024 238632 249688 226695 250328 238863 239677 231325 234284 252329 263483 264545 232642 238686 253489 259843 235606 240038 250082 246415 248164 237382 245948 249359 234425 248796 245637 253381 228328 212244 241664 241016 228242 287336 247061 236453 233612 250312 240286 234466 245459 178642 241422 224203 271181 268569 275887 229960 232578 241143 292297 268912 237502 248244 239282 242039 236092 242253 247421 239205 256079 245188 237438 239414 249663 256910 259883 262816 233676 266046 257572 218800 228468 242507 258448 235578 255157 251798 256105 239300 222152 217118 251515 252464 247115 238362 233893 264777 243484 245899 263852 209956 236869 240842 255946 234443 244944 
218912 265347 227667 199091 212737 234161 218198 259536 229011 237020 211552 228432 227230 246147 239960 240865 225795 258986 257553 211512 236571 232948 235555 223839 231404 232556 230109 224336 248035 234028 248605 200142 203116 225337 202677 214895 253462 236784 231338 226329 243097 216595 235829 253063 167985 229016 212826 238944 261582 246697 225881 215237 236266 274408 223327 246044 233155 236127 207748 235318 221615 225423 218153 250434 224761 208202 244497 266894 237753 238901 255853 218310 255643 233491 209717 228267 228708 229548 213953 240221 216224 250908 234829 219297 204775 220086 232634 229099 219558 225910 238815 241383 217574 245049 203801 235710 225690 256639 231976 237311 
214902 239088 242536 201749 220559 221913 203115 227930 236065 217388 231330 226348 235919 227342 238477 227270 218397 244145 229417 217703 218142 249193 235618 209978 218925 236773 231219 210221 216442 234822 227815 217007 218285 230921 228643 240126 262887 208861 218346 244393 238232 211653 231571 217090 172366 212250 210853 257674 244585 231916 231657 192589 237305 257671 231250 231616 211988 215480 220499 221132 197479 223385 223923 245572 221550 211033 210583 216894 254972 227538 236266 226150 245439 230677 204930 215730 218745 238342 216861 235176 222301 230858 213534 202655 175979 236409 233074 226886 213357 236470 249990 224386 213680 240079 198941 219489 215238 237540 214664 237611 
237293 255468 229731 189835 212606 223646 211631 247578 225151 219599 212229 214324 225591 244289 239745 224209 204949 243102 243163 201273 210150 237118 233724 224425 227444 239592 235523 229709 213579 212172 236365 213283 211785 238029 200773 238499 255138 228137 225642 223263 229147 217265 222819 230258 178272 216539 223204 242225 237026 249818 227547 223629 221793 246349 247969 219053 234390 230780 218554 214509 215324 229858 224486 235782 216456 222549 227486 234677 251164 244997 244809 223568 252236 232525 204353 212084 217500 227744 220346 221315 225079 246690 220564 209791 193172 227755 241286 223336 213789 219051 218309 242989 240831 252167 194027 231967 213656 245875 222152 235015 
217961 245199 236225 200734 219014 233106 221167 235859 234802 227270 211153 222800 227439 230290 247133 220836 216833 237467 242817 216638 216495 222748 229441 215334 219049 229853 229743 235117 226471 230812 236777 199746 213489 222068 218573 233084 264821 226478 216247 210623 218388 208019 231853 228381 173867 214572 209580 252599 247732 229588 233699 203276 221831 250955 236967 232875 219436 239525 228014 212836 216216 244710 217652 241736 218832 199896 217567 244926 246625 238704 249784 217870 243892 238597 210261 217578 222627 234097 222460 245493 225914 255466 232252 195387 198296 223815 232407 240611 210811 221217 222943 237374 214430 236264 202503 215189 204526 231720 233866 235300 
245216 276052 280086 210212 253892 247754 240602 261198 255763 246128 238614 246606 241107 263318 264765 251491 236168 264596 272873 228391 236382 261420 262392 241129 257425 252523 265957 239312 249433 253279 263387 231831 225605 237342 238183 245861 283134 237232 238421 245210 256239 242147 237982 244305 204917 237724 226257 266041 274642 267633 239064 236536 244370 267069 244123 240266 239109 257855 227939 251332 240431 242380 239960 253327 244594 245784 250740 248942 277342 257280 255783 253285 272940 234653 207654 231988 231665 253302 227421 273310 231073 260926 236744 228351 202078 230216 256701 231190 238084 237633 241666 265941 247702 263417 233631 249457 255745 260561 237257 242488 
232301 269857 263453 221138 251303 254255 234168 250636 244041 233970 233904 222211 251224 270645 268296 225319 236421 264892 272168 232253 248295 254964 247731 239432 243288 264023 234604 246363 272175 235372 256258 231548 223541 252587 229056 244661 262760 219415 246196 250300 253734 240798 234227 253242 191816 240998 245238 280113 277145 261733 261158 234728 252635 294720 260201 236223 237809 252467 243583 232272 234662 246720 266355 266233 246570 234846 244227 260966 276326 258834 266827 228456 264172 234256 234694 247927 247839 266822 235858 243556 245092 257071 247766 231818 213124 258135 244886 248734 236260 232606 251070 253179 232409 264957 228299 247283 239353 270090 227218 268349 
224857 255094 250034 210303 224582 239253 214506 230164 232894 229748 229759 230963 219488 259356 245031 216281 225367 242160 253108 231801 218185 230197 223184 219225 220740 239540 227444 219881 242593 219554 240399 197866 206647 219421 213518 221785 251487 218695 232761 245366 238604 222767 230315 231195 175085 208768 222108 250869 247538 256010 221080 217188 228783 269516 226302 220725 240069 221065 214760 241306 227452 229064 226577 231837 221190 224849 215013 232935 241071 245508 220929 237836 246261 225043 205692 217658 215269 248213 206527 237088 221585 260754 233082 212815 187502 219337 242042 221685 218666 233351 237983 249671 222751 235143 211065 222377 225418 256916 205316 224337 
219221 254954 252780 195824 225993 243049 211937 229995 234624 236500 218519 217712 223195 252052 242702 207829 228920 240798 247095 225259 221000 253779 230405 231303 214883 231282 233873 244160 240164 242651 250390 222471 223658 215954 224330 229141 272994 221571 223910 230382 240232 203997 226658 223442 182865 226385 226324 243549 247771 243130 227151 210587 226464 266312 220931 229009 230338 226055 222162 237855 224222 218169 232070 253627 235678 230283 227843 222801 236598 246279 253340 215400 246800 240306 205693 217149 227283 241198 231906 236362 224140 263833 233981 206374 184028 233668 239446 232757 224752 223306 231732 241823 223863 242998 217201 220472 216577 235229 219894 238010 
221736 250288 233239 181942 223306 238586 229070 249011 229352 231444 208625 223923 238553 253971 253058 214095 219667 243530 251146 216173 232426 242728 232658 228921 218508 229713 217043 254254 248455 218332 256191 204603 191137 208587 205459 227554 252550 228338 222396 220231 235205 222207 229849 227018 176309 219254 214649 249183 267532 230939 230264 216861 224194 267621 215303 235645 229329 239862 227262 227220 228588 218216 218044 250477 232039 214746 223713 244031 235650 247810 250070 209766 251111 228391 219981 240601 220354 254728 239469 236505 246679 255335 236719 203594 185366 232985 244374 238088 200316 218935 237891 248937 213423 238822 211469 229322 216561 240438 226184 249699 
229959 280881 259184 213177 229411 245366 230390 262052 250021 232548 230641 231630 228465 274050 249026 242317 231921 261530 263398 236892 240377 260325 236427 232193 248594 266523 231621 260165 241766 245721 263343 204520 229025 248027 233510 234658 275007 239395 251864 249354 244905 235568 237579 261124 185366 231620 235280 262577 268870 273179 240837 237189 259710 305708 254279 259595 267375 243143 241180 231533 242721 242253 241095 274684 244854 234531 253512 267615 253868 266886 274704 240491 274494 255010 235828 239251 236699 253712 245807 253313 256681 264611 245322 209535 226211 247269 262485 239395 222942 227197 260649 257576 235133 253372 224866 252908 232903 268869 244267 248183 
238783 287550 266090 222495 245162 254804 230705 260338 256606 259219 223117 255299 253531 281300 271267 246012 240137 269254 270731 257000 250477 268799 258728 259078 251282 270969 243608 270283 257902 252944 278172 242501 229427 241141 239396 255212 283117 239714 248190 258970 270315 254826 254351 250413 200653 256844 238133 280632 283669 271083 250534 242057 255973 293163 247278 252851 254185 238769 249951 234732 252298 263438 231761 277849 259333 253760 245738 257795 265207 252343 277537 259179 292415 254959 244635 245193 246122 290336 236663 258405 263975 287581 258402 237899 208988 245545 274807 245769 249473 268122 258528 281221 245194 279672 226790 247241 250918 257889 245336 272965 
253641 291697 272101 231443 236141 260792 244763 274544 243919 253004 244657 257476 270862 290533 292144 241314 254911 272641 279572 248497 265584 266086 262799 265346 257902 263204 258334 264499 260038 253977 273656 226995 233536 258207 238923 258947 296072 256881 259345 258100 260951 242954 263151 269144 199010 261728 259799 287454 283365 268452 256762 249434 269446 300671 272896 251765 251141 264032 259702 238788 250244 268873 259256 265868 258154 250573 247014 260453 289128 269900 271592 254761 286217 261406 241002 252117 261097 266689 247016 271050 263071 288377 264954 236013 208657 266776 264388 261059 265382 254211 262907 273576 252215 267306 231798 240603 248808 268415 257292 253209 
247939 293761 269130 234647 256755 256024 249009 278785 249406 265486 256678 257419 283409 271736 280949 247633 249317 295345 280554 246940 253939 282786 271883 248114 274521 284793 266543 262346 280414 248797 287028 248236 243863 263366 245531 269268 305050 266157 260248 272360 278793 264441 256639 261019 195953 247221 241859 293841 292669 282225 258081 258089 273100 306163 265288 260233 263026 256996 247451 256475 251879 264326 265147 283810 268747 249790 241799 272679 273346 270783 271935 270487 295064 270426 225971 256114 251329 270889 245421 264580 272641 281117 270929 244805 226698 265679 270235 268778 249479 266720 284503 276115 251565 271915 240908 257160 245329 284569 259179 273267 
223543 269650 241558 221583 228931 231652 222951 248618 234563 241355 232295 227680 229602 237148 265767 223240 221135 253005 243692 216409 209067 253829 239194 222677 239940 250470 234280 247991 243109 250267 265523 231657 204763 232925 224026 236476 274306 236499 237665 236472 246124 211569 233788 233923 194748 227707 220695 261437 272258 258740 240749 229542 242448 266820 237090 243452 240697 230636 235074 225799 231511 236039 230761 256072 250912 224913 219606 233437 256015 245611 275497 230661 267011 244054 209077 233267 237740 242019 228571 240060 236304 256407 237933 219349 190574 247668 244464 216727 228194 236780 242693 250944 230418 262072 207270 233755 225218 263761 239324 247031 
222499 267602 240656 211426 228789 219413 214158 258205 241570 223940 218086 237033 242107 247568 255929 228037 233390 242249 257694 224936 227032 245272 231474 221757 244040 253356 229858 226271 250234 236046 244176 216495 212972 233397 219959 235933 276371 242288 241627 250394 243450 208802 233228 247844 187247 228355 221728 264342 265956 242813 233200 242734 235832 290657 242896 246541 218582 239543 237483 226736 224220 236028 216069 253577 245712 231676 222281 245231 259427 245178 249081 219466 265432 233902 218242 242164 255658 246134 222925 244606 242771 242460 227178 197942 198504 254324 235627 246638 223598 246004 244835 244984 242362 244578 219854 233761 230403 241020 234071 258638 
227797 280116 248279 218179 240752 249856 220896 253895 247560 236063 218329 231458 245569 258546 259233 216756 224454 266659 262250 199386 232816 233268 249590 219706 231584 236185 245864 244445 235137 230789 255206 218731 219659 252482 216605 238007 264414 238813 236980 238554 247557 239290 223006 248642 173879 247992 238027 259713 262068 266011 238654 228600 250424 295847 232909 244648 246823 243217 245223 211841 241841 247859 237935 263960 230331 224799 232125 260074 257567 258324 265538 227288 267721 242587 232467 226736 245879 254412 230503 241346 242647 259412 243274 218370 211103 253459 240112 240208 221872 232761 248092 254804 232618 265096 218486 240624 224486 255725 235869 261638 
198949 242521 219035 175244 217727 201964 194551 232807 210391 213150 191344 206422 206728 213004 220070 202700 193528 228692 219065 200580 212573 206573 215812 203107 216929 217693 218911 210202 213603 211528 232183 207338 183747 195271 188180 207852 246957 198227 193309 211304 216808 189193 217766 206433 158361 191568 195215 227728 224777 233892 219396 201966 211962 234201 222892 209729 193044 197979 200526 205055 205367 203866 209057 229298 202353 193896 198643 215096 243038 209764 214320 215584 229869 218873 198978 199664 218928 212221 201740 220181 202588 222978 208887 193343 175118 219684 206476 208958 220492 215244 222799 218487 209921 224750 183241 204251 212367 214254 211448 205916 
248688 287284 283310 224585 245472 259075 237658 272873 254510 255498 241567 256700 275403 263362 281575 255603 241996 277583 281705 251579 255796 270570 246706 252892 258072 277378 263572 254045 270361 264347 284713 248078 241649 244266 233023 258809 291060 278807 255795 255801 264165 250925 231031 250834 183477 263472 237744 283479 285236 271378 245523 254345 274056 308867 260901 256229 243869 258247 240272 266327 252817 250189 257457 285389 267740 245034 254711 271691 290025 256558 256682 262715 278723 270643 231591 253398 246843 259851 237614 259874 243756 277096 256530 237042 211649 269415 271709 266040 244976 256964 257544 279961 228199 271595 237832 254491 257168 281100 257908 252993 
227050 274244 278849 225332 241025 251385 244070 262046 237760 246269 247412 250621 252764 261705 270403 255543 248051 265533 270152 231243 238839 263250 254645 249003 243772 254723 263414 249233 282027 249606 266205 231293 239232 254418 242350 255407 287084 260208 261079 246975 256974 231734 253710 242748 187697 247286 229072 274081 268481 272146 253599 246733 261611 294067 240784 259354 250609 252089 257557 254248 242193 236759 247859 262224 254081 243694 246063 259321 275468 258282 260082 258879 274522 268360 224512 234684 254271 266204 236857 266337 251310 271175 251512 228204 202201 259903 255236 266593 254117 266214 259812 268910 248721 259633 236531 247440 244202 261848 236846 252174 
235833 258555 257560 217140 230809 251764 236846 260868 222697 238730 220310 248374 257266 248935 268182 229262 249897 270379 268626 230956 245448 249570 249896 237010 264320 253708 253096 238932 268685 238815 267602 229959 219988 253671 221214 243652 280061 249308 229711 238186 245394 251393 236453 242211 176885 230386 223602 274632 279561 250408 251004 226716 267827 280154 241363 245611 236834 257184 224868 249289 240409 247524 247039 261772 241741 231837 226047 250326 269763 239696 240788 243971 263913 237659 221696 246832 223775 251247 220387 264675 244762 257326 238245 211150 187725 250362 264261 248685 239188 249803 262258 247520 229668 245715 221318 234092 229386 258514 240865 241869 
255223 304208 273886 215073 251628 259961 240901 261149 257825 252809 244418 249321 265626 281141 271845 253298 242644 277257 273695 225283 250475 276081 267247 230449 269438 267750 257768 278820 260263 259396 281898 254241 234729 257246 237658 260258 283387 249475 254638 252153 261013 241371 251718 258122 193603 258633 254979 277327 293276 273773 252518 260647 264170 297962 257999 249791 248426 257033 259688 238721 250946 261898 256865 288363 256523 261421 253095 261090 293375 268152 279855 261987 289664 274142 247596 235806 259174 261100 250376 272726 251382 288400 248650 245517 213775 252701 266803 262755 264423 249270 246522 263519 268402 282420 229495 242345 249859 249376 237041 268912 
219631 259254 235548 211947 221642 239843 218302 243636 224709 230471 216719 217013 240697 248844 257980 202086 223217 249706 238329 206966 227034 245435 226228 219589 219589 230642 232909 238044 230274 224490 254112 213496 217677 242509 199912 228641 249232 227546 231971 232301 243754 224339 225427 217447 179780 228485 215317 250010 247152 230485 228124 224560 241992 255150 239640 229313 220026 235915 207473 214886 224285 217880 231445 235488 242027 220994 226932 235244 245134 228163 238566 225997 243157 233134 205367 225420 216800 246118 227977 231171 232917 245025 239127 218946 183462 236011 241023 229425 217951 224423 243255 238199 223622 250620 205648 223515 214733 242830 231485 226877 
245204 292730 285781 224373 251771 258744 246871 280259 262953 256920 247722 259261 272201 279177 285570 248487 259092 285082 276930 230199 255654 260449 253719 249145 253165 251983 254611 258756 266984 271042 286205 240207 226417 256727 236586 262403 292654 254809 252940 240953 264109 240677 259096 260317 202735 265792 248624 286641 279203 292264 256015 240788 261860 287800 251878 266708 245472 261216 263848 235881 243395 246319 259610 281364 260918 252399 253859 267334 284294 257150 292331 257630 272006 270984 241342 259431 258703 270561 241229 255675 249622 280366 262856 244095 213411 268144 274016 256934 251388 254859 265642 284870 249704 284961 232645 245499 263431 281309 248966 260462 
224803 272494 259386 207198 230474 250989 221840 249160 244019 238649 216826 240557 261096 267925 254611 252111 241515 254667 255685 236504 246210 266848 240162 240961 238937 256947 247748 258318 234359 245255 244319 227818 221270 243853 224147 233393 289500 234799 248489 246010 247404 224945 239616 248248 173265 238128 230875 271021 266163 252851 232518 220829 261559 295646 241245 245342 249615 243365 253497 217013 234026 254349 232357 266168 255207 237041 228755 254571 253513 257745 255746 255616 263648 243612 234257 219083 240207 272626 255114 261240 258539 279374 246700 216875 198228 247253 252413 257690 240868 256220 248868 251281 236478 245078 220231 237194 224094 245404 239205 256343 
224211 277265 254621 220944 234349 247451 222782 251838 252080 247734 229602 229575 243725 246045 266014 236693 229863 269324 256578 249904 233261 247159 232152 228285 242269 255537 237562 241462 257922 242360 252642 230693 223179 248979 231275 243759 279066 240201 238630 234567 253716 231824 248532 248195 187214 238723 230860 258710 265742 255377 231461 225648 248804 289944 237188 241695 239358 235787 218003 240801 233539 249529 246135 274040 247696 221954 236464 257698 263277 238168 250384 242808 264549 234903 225486 240402 238830 256617 226135 247066 230203 264454 250533 215761 191728 249612 252435 229217 230656 244828 247664 252717 212670 255888 238163 228485 238616 267071 237387 243228 
213361 234984 233262 192162 215496 215963 216924 242067 216775 231096 223018 228091 236926 238302 247856 225655 218006 250731 244183 201395 208814 244705 228653 210758 232676 240253 207224 207506 235345 228064 233660 203377 187976 233266 213112 222558 246876 230258 224338 213898 237627 214050 238779 237375 160942 221263 202846 243990 252678 239377 209358 212152 225795 258241 211164 219792 221894 226210 222674 237412 209391 217858 219998 247007 218314 205288 223360 246137 237038 231705 236942 222767 259103 230954 200063 217458 212160 229913 201596 243082 228652 235843 216049 211402 182270 228044 239154 223756 225862 231351 225203 225004 220480 235478 211507 221128 234402 248702 203111 242527 
241251 284372 241191 221531 238391 246133 233992 244733 245489 240248 233441 248612 236266 252353 253750 236379 237464 266368 268161 233338 244160 253425 239927 223329 230602 267074 246128 257608 245464 236641 258956 222902 210975 255340 235878 263516 263952 244029 240719 240553 255087 231084 232825 250927 188167 242418 234681 272860 278297 270245 229002 243125 245416 289396 241042 248842 240393 248142 240900 228756 238176 260326 233800 265628 235475 243630 233577 268448 256258 258728 266725 231873 275615 258888 219566 232246 237923 261321 236548 254063 246518 281542 243798 222551 196161 240027 246099 244353 232143 238377 256089 276524 227668 263780 211922 242896 225773 258482 220571 263241 
245064 289964 286037 238222 260705 255363 254583 262055 268122 263189 242872 255354 266368 289598 282958 242011 243309 291080 274469 248345 240939 264525 258093 250001 263201 264694 262688 252599 266539 272770 290621 239453 226478 258648 237200 248994 302507 268890 258459 260862 270588 247370 245961 258277 186751 267123 240703 284004 280218 292809 248067 257697 260881 282738 249411 264333 270214 256160 247082 267266 262474 261728 256655 290072 268807 258849 256450 268161 281424 270724 268956 272602 279287 273726 234461 254252 252446 262384 252004 276441 254836 286847 261576 247874 215662 264575 279030 262316 258815 263260 263631 283081 259942 271242 245037 255814 249557 280377 245027 260864 
239699 262815 250624 199968 220311 252873 215368 256006 238053 238373 202176 230470 242283 255481 251154 236086 223556 261522 250828 239408 230771 260997 240543 218661 230660 237867 244581 252196 245097 231054 246804 215535 231325 237205 214676 242524 276875 234354 223438 249049 229358 235316 248340 219834 179414 224762 222266 256352 252158 253404 245182 230413 240773 265727 242405 245928 229039 228697 233998 228695 228732 242477 221495 260302 234682 241222 217785 250202 270473 245135 253775 227865 239396 246267 214678 230234 221494 265199 230807 241659 230644 264912 241956 206306 183357 249844 254581 238977 228975 238720 246174 255197 228670 242498 210655 217524 220485 241324 239272 250723 
217938 250404 228197 213057 222237 222025 207763 255032 222137 240848 223219 224769 253246 236327 265201 238782 231307 275144 250577 212505 230246 237427 222649 219942 239956 237846 229447 227882 253502 239113 257547 213877 210914 248342 214811 248710 252901 234069 229636 230841 251176 209050 248263 246724 182675 234916 219810 261396 251540 251439 224748 225942 251499 267975 227642 245423 235754 242013 227991 202822 219529 234484 231324 260272 245135 214624 219799 248806 261738 239973 247370 239575 253121 242916 197757 235048 253893 252882 218192 224535 242882 264167 232674 222816 185699 246554 246847 233263 220299 246810 263593 239873 227066 246639 241423 227900 223330 264938 217145 247137 
234030 265526 266954 217179 233605 249987 227787 264568 246651 249955 226103 236291 246543 248033 270967 241290 221353 266661 269266 244329 241252 257264 251286 233683 257641 261322 266009 247946 255986 246423 261482 237696 230197 234461 237689 244144 287475 257849 246693 254273 246099 232411 240326 230640 191286 245459 228415 279879 272541 266481 249326 245849 254090 289959 248631 248535 251680 238698 237683 240492 242762 247652 232108 273422 252887 234524 244815 253156 282868 263844 263883 247755 273162 250269 209705 234758 253794 264945 236021 263224 261116 263687 229095 227034 211828 260667 264299 251733 246716 242487 262187 270522 237616 258247 237301 243853 241223 264558 246611 250390 
199425 247536 243906 186523 206065 225831 213705 229120 211787 232987 219350 230045 237710 234708 250129 226527 219385 262086 236530 226117 218487 242309 224449 222425 237266 237059 224177 230093 237201 232022 246278 223332 197096 219166 228205 238788 247263 217407 213811 221888 242541 216913 237276 226775 182769 220235 217933 244039 263793 252973 218873 212675 251212 261374 209204 219148 235663 223992 229106 221876 222852 226114 235240 258726 232898 203399 219955 222354 244958 221543 235148 243170 251824 227224 212545 221280 211916 238432 215569 230619 229393 253673 219613 204946 176978 240989 238320 215539 239241 235339 245924 253396 206276 240503 206209 218057 225040 252483 217990 232347 
235609 277966 234341 230565 250856 225260 243652 276481 249853 239015 221935 254335 266544 259222 268522 218037 246494 284372 259269 233432 266776 261312 252376 233332 253530 258649 245371 254304 265803 253281 271839 226136 237268 257786 215959 264963 284044 255435 239416 257227 264058 240675 255421 257406 188434 233111 243052 276143 263881 254440 253181 257479 258616 281057 244368 260940 262097 252418 238433 242250 236489 225618 244953 260299 248566 247162 238914 260597 272404 256575 277344 256053 270099 266784 238186 242087 254389 271326 243586 260757 253390 265917 246828 244972 208372 253285 252961 253278 238492 253854 263332 271246 225998 268054 226659 246193 243388 261328 216683 256787 
237345 265984 256754 240475 243908 241452 234255 256214 254239 255248 250976 269616 258227 267996 284076 248335 238897 282958 263956 237590 245598 251081 246674 244195 243150 262164 250516 265592 268686 242365 268694 236393 231204 248112 226116 253024 271879 255888 257115 248535 269232 241201 249741 264931 186259 246867 248922 286832 295499 259325 243806 245045 249566 284918 246965 234263 256481 250508 231681 245694 236677 254228 257559 277957 246036 232144 252273 248572 279316 256462 257803 243673 279998 253209 227625 246399 237274 246000 234406 262538 247015 275935 249497 227447 216762 252436 263319 254957 241224 255800 242836 279658 224113 268657 234684 247040 244203 275262 238622 272608 
214111 281148 257144 219347 237771 231395 211358 253980 252601 233177 217738 243752 250393 265864 269021 230248 231064 253416 247887 227983 236232 260975 240629 226670 223633 241470 230698 241559 249496 248715 239083 227443 211587 243969 237334 238501 263361 225877 239130 237006 251935 215696 239894 249719 182872 242198 241902 245478 260223 255126 233981 231903 250324 282177 246868 236330 249911 251042 222911 233381 242991 242906 236227 275957 241223 219988 234296 259862 252106 248379 267133 240433 273861 247824 229878 233048 243587 266415 237038 242387 223159 272502 239188 225622 197539 238951 244734 235952 244102 234740 243888 241674 229335 274800 220311 240445 234422 244356 212944 261837 
229024 275634 260862 220290 237553 255554 230541 245087 244524 250699 233527 233394 226626 248501 258568 238801 224751 271349 257163 239447 247757 248071 239153 227408 245430 247035 249871 238397 246928 244083 257375 224379 221367 228588 232708 260043 263675 220789 240537 249531 252430 217668 247947 230467 202966 237145 232867 258162 262286 266376 254574 244982 245885 289486 222789 251040 230312 249708 232137 220175 232801 228324 226667 264274 237612 235027 236446 254361 267097 244843 256805 249747 257699 253098 220491 218223 246113 260088 229682 242274 242915 265782 240406 227186 205706 234206 237617 236961 220971 248734 236569 278061 220849 266740 237838 241749 247698 255589 230999 252203 
240621 275856 276801 220245 248885 247291 229250 264378 239215 256178 233434 246368 249401 263382 275142 246841 241422 277246 263285 215480 246706 266798 256292 244962 254294 265017 248938 251057 251050 252023 268741 241792 241407 249477 239757 248768 279384 239597 253386 267154 264563 251627 243675 249937 185809 250407 254825 279093 279824 266077 267340 244267 263273 296524 261355 251968 255486 246559 246005 234701 247283 244872 255554 273429 248265 247299 247738 265892 278677 251996 281498 257180 274273 272544 226979 232735 253618 259363 242844 269776 247811 265138 243087 249152 218854 257911 265379 249404 239009 250379 262599 254609 241073 271821 222839 252410 257995 279658 235832 260937 
235136 261303 247277 202158 213690 215188 211974 233310 231822 230408 231904 230944 231638 235313 250171 237692 206791 260563 247533 204531 216991 252396 234986 217398 236732 242327 229073 232577 234094 241381 256432 233222 209810 237627 220654 223895 257669 244274 229200 224720 233584 211656 221904 237548 181806 226579 233626 248048 275900 232277 228839 218318 231966 266712 214832 228274 221688 232221 228111 225901 199244 224296 241543 259059 219296 232649 227670 235503 255526 227546 240078 224997 258996 222832 203320 214168 222656 242256 209058 239194 227441 258086 225358 223845 186967 229233 241768 237570 224324 225041 216026 256703 213577 254387 216240 218218 222904 266349 213985 230101 
246520 285678 277741 224171 242366 259474 240167 249682 268482 269182 239355 260296 265737 254443 265395 252586 232520 289627 270607 246822 258377 282408 265583 241394 251473 272930 263251 251824 278689 259724 285904 249515 232847 246849 248776 264780 280090 249377 239702 252045 271395 237236 265625 251640 194977 261120 254076 273778 292679 267650 263375 225818 260655 302247 260844 247601 247326 260935 260488 242489 242920 243578 263566 294283 242067 235652 253617 261795 272675 246448 265491 268805 279676 272657 241190 238593 249241 277113 243826 262600 261719 279847 244289 243994 215739 260514 277044 262264 230962 256806 269571 277858 227268 271762 240108 264129 264130 281637 243132 259438 
246325 275109 266081 220302 246180 236208 232566 264989 242468 247139 226230 240969 259112 264190 265673 238723 226482 273800 257527 230593 236201 270685 253528 223016 240449 253829 248530 236277 256060 238865 275717 239553 231743 255252 237049 251994 281712 233189 227693 257209 254678 227471 248515 246458 192497 232691 238504 258318 253094 262881 264623 239916 259747 276742 252747 245726 252559 247506 234656 242811 224013 236551 253250 269323 246211 251297 230710 247574 278243 248260 258026 258152 270125 253850 222754 225938 247927 267594 226248 250597 246329 272287 238904 225717 209467 259290 259017 250209 244266 233164 253115 257517 231853 258234 226935 237938 241308 261123 223653 246409 
247745 286966 288443 222011 243312 253276 242812 272041 258951 261748 241762 249205 260341 274672 292662 258041 248437 280036 276648 244000 255535 251604 256277 256306 261175 238779 257543 250825 267233 259805 270692 238346 233531 254939 243171 260777 288425 258526 244160 249858 251911 234848 255928 239378 200258 250422 236178 285874 290192 267509 252486 242787 256219 299252 251947 269960 251940 255780 241509 251997 247857 255584 260432 279786 254907 246126 251216 256229 281653 258364 275290 245047 274768 245774 244828 251343 258922 267657 240050 255226 248671 272037 271647 225222 201950 267545 263184 249500 224269 254584 261440 267957 243942 277126 236229 242576 258891 265317 248167 257711 
211295 249196 231190 198172 215990 204617 217564 242520 226522 208538 208781 213478 203507 239495 238664 217164 217073 240580 250443 205664 212574 226561 224613 216902 218859 225057 221881 236391 227489 232493 249233 202261 196493 208771 196157 227920 247952 215143 242884 220359 238974 206031 220170 212639 170919 220042 219167 238012 245389 245482 231399 219147 237779 249986 213792 227130 225005 222072 221937 218122 220663 225721 206788 235174 226013 216377 221668 237473 238937 230435 237317 225139 244193 224609 205970 213542 222178 232424 204653 228151 211956 259284 227616 216655 175363 226798 235431 225689 214930 227367 231465 247964 215251 240723 196947 218132 218708 246309 216735 225050 
216933 262846 238463 205885 217539 234345 220507 242641 232012 237660 222688 235571 228398 258338 249611 214726 205411 247002 233598 213089 216089 239895 222516 215233 227918 234984 225132 218161 244840 227613 249485 209522 204186 227684 210943 210980 256651 239615 214184 221909 224228 201838 212829 247865 179645 229377 212492 253267 256496 257100 203521 215639 232892 268523 223755 228425 232150 240316 225992 220265 225791 235280 230634 248431 241100 228365 228851 238747 247468 239106 245413 230298 259868 227201 226930 226189 221656 236272 224370 231759 231662 248639 228827 203085 196116 245063 255117 225451 210094 229392 224341 245324 232416 228749 208096 227585 224467 244274 217854 248938 
226226 254604 246816 193808 217001 220069 213436 231896 222187 229575 223092 226186 236070 242088 248113 227207 219507 263110 243789 228914 239454 227088 212583 233752 230610 238672 230485 218936 237940 219738 238899 209363 200976 217675 215588 239212 257026 214430 226438 240618 239490 202736 225842 235334 173486 226030 227952 234664 257904 252687 216752 228224 238193 263941 230324 228538 217420 242902 213886 223022 225948 231438 228602 254084 239790 229410 212090 250107 244028 222172 222355 236815 250250 237354 223654 227203 220572 239733 234316 236451 225946 242348 238423 221487 193439 221931 229752 220746 202170 243321 233900 251381 218986 230116 221073 221966 238261 244093 210113 231056 
245431 267609 273012 235272 242848 250907 231436 256723 234919 248845 229058 254379 255394 251556 281591 250900 248431 261634 271070 242204 241835 269230 231010 242673 257131 256686 241053 248679 253490 257823 252439 229446 227647 256236 239536 247999 283804 235573 261677 261536 271411 223848 246467 255776 203360 250673 260998 265622 274468 262537 254509 250285 275853 290031 240678 248614 248887 265914 237067 233582 232865 238283 242313 255161 249327 240980 240609 256081 281843 244216 257066 253751 267730 254215 212935 228856 255917 264620 232459 266122 245416 293408 239911 222795 211382 260782 240860 254158 260879 247976 233517 273661 219984 261546 235704 246358 246413 266552 249661 251315 
227641 263628 271461 201353 241816 242687 223751 261222 244800 264738 223581 249701 245323 265587 268270 233366 237836 269042 249771 224780 242983 249174 230998 240226 228369 252649 232771 238078 248248 238915 246036 225884 207475 238477 219060 230388 271543 235978 235902 245213 258159 233226 250632 241702 185704 254740 230030 262603 263852 257939 230177 221829 234591 274689 223031 249563 231700 242238 237646 250834 230619 228916 229040 270984 244463 230128 257637 251540 259570 250402 261665 225412 265508 256625 231346 236845 238798 257046 238488 253751 245091 263182 240694 214960 210479 247952 248863 240904 238290 242253 244687 270108 224882 261917 214355 243437 251344 250188 242958 253280 
223836 263687 249731 215908 231082 238179 221761 252984 231073 227265 208494 239641 247943 254755 256195 228146 223080 243898 249501 226924 218402 242494 238565 223404 235545 236827 228898 223586 243205 243940 238702 216234 214677 224691 213529 210889 273762 241387 233431 246976 245216 215233 224948 244263 173738 230770 219219 252866 258468 248597 226646 225370 230133 271121 239477 228260 227885 232380 228621 229772 237372 229001 239725 249191 242794 222613 228643 240302 251134 249151 238204 231205 268916 234141 211424 238503 240934 242512 221095 242260 220219 264098 228182 205655 196568 234353 240082 242685 235428 238419 229232 239335 244764 240116 218507 230569 225398 237852 225902 242626 
207632 247165 239655 193803 207306 223838 210881 234551 226496 224299 212860 231297 238747 250425 246666 219784 216556 245236 253257 225962 229658 250613 213969 238342 207818 235838 226917 230161 247169 225348 261341 218885 214700 214607 214093 231099 264085 231393 221446 222512 234118 209016 230110 217301 179853 235501 216351 242381 261552 235425 226629 209777 230144 277755 225020 238552 231066 237379 238624 208182 213423 218080 221364 253224 236278 237064 233228 245670 238795 220283 245516 223010 254463 245735 211763 213914 219767 255998 221425 236164 235239 247314 222851 221627 184704 233604 236095 242444 209202 228956 234708 248567 217498 244583 206410 227889 231707 246982 220318 230128 
226961 256490 246038 231292 230982 236705 226132 266807 233046 253312 235106 233055 241264 268273 251932 240534 230918 251949 264181 242957 248201 254582 231533 266677 251279 245776 236115 232397 277358 243753 253141 211579 226045 250269 232478 241631 283715 246020 243251 247801 257031 228863 245755 255600 178210 240917 242618 266805 265669 260850 233544 239940 260112 278113 235659 239083 248955 244111 230179 237125 241198 234529 235113 253330 241122 233188 237820 254995 264007 251238 251977 254287 258141 242026 231806 245717 245018 251410 217448 243539 240424 258021 231880 227437 191416 247873 244871 237523 244634 239925 261418 247679 237860 265645 222643 235560 246276 268732 226901 239949 
279208 307750 290491 243534 268299 273550 248026 298483 284551 273354 249318 270070 281384 288923 296834 266820 254970 304488 299795 263250 272077 295821 277534 274143 285827 291430 280244 274178 269882 283912 281961 258021 248743 275283 257529 261044 322792 275084 262706 275393 283559 272208 274014 285670 212660 270554 254203 311169 301546 298896 269031 252046 271454 323296 282814 273437 285333 270476 260272 255982 257987 289839 265891 297552 273487 263564 262642 274892 302590 283442 282258 278157 309988 271833 246031 265280 264728 288697 272429 283331 282088 293831 273552 244960 231258 269694 290164 277030 258752 283003 288730 300796 261275 297714 249510 266178 253233 290175 267784 277163 
246680 277319 248807 217180 240657 235675 228290 258921 243431 256548 237354 242588 250751 260748 275003 246394 238828 274263 263112 223511 245277 249788 233542 242921 251349 260016 236235 247404 245013 252532 258142 227728 219648 250488 229145 235873 270758 247110 233723 242721 269741 221968 249279 255718 197486 240202 229377 260672 280861 259973 242809 232496 239319 281813 234976 253951 251020 232545 227203 239592 238476 246250 247716 263490 243124 218680 231696 258318 260350 252847 268555 227059 286083 243576 217537 243452 242308 248751 237063 256179 251509 266941 254651 222266 200882 244594 254608 233964 224329 243809 262632 263843 222927 275870 234561 238183 234740 270800 234607 246931 
225341 273418 251050 203918 224639 238237 216657 243038 244070 229223 210406 232062 238888 261295 252670 220326 198808 258315 241953 242076 218558 237181 243918 215110 230218 240385 238615 229294 233257 231934 236835 218572 216854 236272 222896 222389 274751 238656 226474 223131 235660 227641 211555 232317 175749 229100 208670 239870 247709 248177 234476 221322 238645 261086 239376 226134 238982 238020 215046 229604 232028 231108 226036 253782 235486 219740 226589 238764 246255 243223 246870 233079 247492 227471 203227 222844 222753 240399 215783 226526 211258 251634 223420 212266 202745 239138 249693 235158 223222 210801 247047 251902 223765 259131 217280 228406 238382 241722 233313 236723 
240429 260140 246027 228380 244318 253871 231334 236939 244590 238468 231157 239790 246078 249201 256883 232930 215903 241961 250247 247649 238162 255490 237378 218121 222274 258109 237856 238936 265115 243382 255624 223463 228144 252227 257960 241579 274207 228696 244624 239098 256047 229345 224983 238059 187437 244594 241001 258873 294000 264575 231200 225020 243967 289620 229355 226490 244238 235642 232059 232466 229214 237142 232456 252506 238628 220578 232118 254345 258438 245831 262898 246078 260747 237390 213021 226864 235500 272994 218087 253621 244370 266464 231286 206511 199472 251728 261918 229782 219931 225693 247181 255998 212314 252557 233606 227714 243737 265936 220605 259770 
250905 299331 273271 239496 249382 269546 249806 277395 266641 261786 244894 253850 275033 298874 284531 248319 259878 273353 280265 255523 242984 283823 265937 255801 262510 275260 266346 253747 269763 260601 273828 243019 256166 255063 250596 251053 304706 261306 261164 256969 266797 258851 267016 271881 190345 262302 244174 284761 285862 281495 253664 249833 275517 312481 279739 257326 258960 253386 259890 267420 260743 277318 262050 282271 271645 250297 253833 279478 286980 262236 276887 278200 282995 266516 248685 264747 255732 278383 246654 287625 261984 285009 270278 238109 215146 269512 275744 263140 262798 261345 264967 266005 262999 278084 252559 251345 257071 281606 247421 274764 
260127 287490 256833 229732 250975 265721 250097 271604 242888 257146 246462 259719 276798 282288 283712 239795 268129 292741 279288 247086 261569 278565 253630 261087 260335 290838 263022 260584 270295 274376 298689 240188 241201 269035 251806 256601 303444 263984 254973 254480 269013 244563 249874 273039 196285 254358 244923 284678 288056 286643 256496 248142 275422 305144 265500 268215 263334 252760 253022 244675 244341 267781 264103 281071 269551 250114 242707 274135 291857 261198 281539 267793 292678 285797 232540 245771 249047 270743 250525 262201 268160 277908 272783 259338 210710 270169 286930 263131 243722 270989 263666 269785 258451 280760 244658 259058 253404 295485 245524 281194 
226997 263812 250778 208886 222166 234919 228753 245060 237962 230158 231567 227395 242774 252940 259974 240845 233912 268273 246600 223890 225902 261401 234099 227488 245515 242934 233468 246553 259434 247560 272996 227829 217012 237305 218138 234266 267121 237253 229933 227733 239869 216298 232047 239463 186305 250111 220740 257758 276977 259185 230064 216645 245670 271892 223770 234694 254938 229193 229250 226572 228965 252138 237029 263483 248387 229130 245572 250790 254594 248017 263084 238060 275980 243883 225226 227181 236998 246765 229958 243798 243195 261817 234579 227045 206554 236534 252274 230184 219440 242436 234645 253872 233842 269896 219093 233613 223600 254512 239239 243221 
252340 293757 278043 239070 257220 284316 253572 285027 256507 254253 250683 265074 267675 284334 295016 259111 260092 292178 276919 263984 264815 274146 260293 254227 253649 277002 266307 266097 294607 268903 293026 240284 255225 262413 244077 272629 289150 258870 264328 270837 263822 244718 254182 261161 209925 264510 257687 276477 303513 289653 269678 250035 284246 295698 244222 259732 273969 270357 254585 259494 255371 241357 270349 284281 267886 258125 263444 276955 285872 281554 279747 264484 281311 276786 253547 249224 266458 287851 268741 262049 251278 293133 276482 248098 222729 269971 278128 269714 247783 273750 262019 293998 242500 277689 255330 266204 251323 287410 247853 269448 
225128 275687 253976 195871 238229 238781 220484 243481 233604 228493 228814 237730 254587 262899 251149 247381 235790 270185 248591 222500 235295 245136 238348 241372 223866 248850 246981 246401 256583 234267 263689 230232 211813 223139 237328 247783 272009 236575 236473 237685 244110 213975 228356 242231 181548 232817 216734 262486 264567 271394 240494 241501 244929 278291 257114 251897 243711 256704 241441 221628 232991 230005 238960 258280 248024 221546 225554 251088 266452 259835 262726 237611 272819 253830 221011 223725 225099 255682 239011 236566 239580 259998 242059 215461 214629 253755 236316 237593 227232 240999 249480 250277 226175 252884 227083 232044 231269 245952 231779 250886 
257137 283459 290777 238733 246043 265424 247657 284397 272058 274322 248812 272081 279628 281793 303223 267080 259857 297568 295080 250280 261832 284934 267327 263633 275947 280994 264927 266473 287802 261903 279264 257179 239472 275708 249730 274527 289230 266095 279687 264841 295211 272343 269952 264433 202934 269617 268619 295372 300458 287198 260428 254381 293136 309151 268419 262332 275142 278309 242833 276484 258306 257448 263273 289865 270536 257109 283746 277343 293762 283327 280711 279533 296073 276016 252485 277355 266508 275135 255093 275060 267632 295814 253086 246458 223581 267050 288867 268956 271338 258870 291977 284569 268168 288201 243613 276791 272261 289349 254345 269444 
233270 260149 237085 197897 235910 227053 229498 257820 241022 233113 220752 228667 238238 258518 258193 239004 235313 261370 252138 227939 233005 261124 240654 234830 252929 251771 234853 250927 250468 248275 278591 228823 220505 231274 224720 242040 276596 232864 230582 231913 258348 217968 248769 247898 196134 238510 231170 266540 263083 258534 249590 229673 249997 273377 244066 243812 237123 244035 236348 222757 225259 236704 237384 266125 236236 224164 233355 244336 265094 244391 263129 252180 264164 249299 222125 239755 254051 262853 224232 250169 258631 269937 233624 211917 205529 247910 257963 256785 232770 241561 239452 261879 251835 246057 220821 246496 244747 256554 219365 261373 
252839 278617 276485 221364 249690 255925 245620 275899 252407 270203 244468 260447 264107 281909 277904 241608 249750 285537 263137 260918 257740 251531 252666 269957 253166 256577 242795 257503 266123 276877 270924 234435 227226 243517 251862 256965 309847 262484 246979 267163 271149 237669 252299 257652 189701 260063 249562 272357 290612 280721 248777 247267 267290 306698 254364 257520 248448 249996 245840 258795 250112 247713 263796 282961 267129 248337 233609 253272 280721 248065 274815 265223 282213 265192 253233 243799 253493 261153 248802 268817 245754 274870 269228 236790 218615 257886 254542 259533 243961 259600 261951 276835 243123 279104 236675 247042 266278 274098 248143 257031 
237206 260428 263089 229957 249369 249186 226482 249779 239260 240773 239448 238347 242982 267448 268486 239524 243908 250143 261478 244717 243002 249998 244195 248774 248416 258963 232715 245735 244047 239845 264364 223210 215587 238317 223859 241626 263791 218206 244168 251132 257937 242983 240829 245274 189078 247206 245645 271699 259844 259799 238479 242349 244735 280992 241085 237548 240215 221844 238658 243807 234157 237918 240364 259715 247134 248279 240052 244225 273190 257253 262956 246564 272487 247359 239658 240690 248582 254719 231993 254901 257738 263324 250028 228328 198946 242538 256048 250194 254901 252633 241925 258277 243924 251884 233075 239407 246929 247014 217659 249698 
260804 278868 284949 220631 258957 258230 237098 244517 249962 248230 236778 255882 255641 270594 261087 248416 263252 290892 279431 255027 247709 268329 251848 247127 261231 275883 244906 243231 272302 268585 282877 241738 245169 251521 241309 253232 297960 253339 245355 268277 275375 240243 241353 268064 200466 267216 249223 272039 284532 259621 273837 245887 259191 300432 244299 254968 253957 262729 258732 251568 251342 240437 259525 276984 248062 256927 250524 269101 279059 260523 268588 241338 282291 261020 232595 257712 253127 270153 238525 269509 265417 280535 242571 234502 216005 254456 276196 262825 250111 264817 255661 272801 251711 272561 246751 262276 266697 272213 252921 261555 
236093 270396 264479 232904 244846 242581 237174 278077 245888 253410 231322 250007 264737 269535 279423 243502 244870 289178 263612 261140 261009 272061 252263 252861 253215 259757 259036 266201 264355 237210 270244 237214 233466 261072 244426 272546 288748 248972 257257 264150 267887 255677 268192 241767 194844 255272 252536 278760 279729 262271 254949 256344 275296 300985 255773 235337 260313 261263 234603 241110 237749 255797 254888 272112 261641 255071 245136 265915 265828 251309 260771 269909 275191 250434 240785 238113 257287 287585 255606 261442 270101 276833 264221 244617 214919 257428 259687 263677 243431 250644 263775 270842 232129 274467 237654 255835 253533 275952 245142 264680 
220335 268686 243322 210332 234713 232421 219138 247080 233336 237139 226557 237719 247243 239338 250716 222439 217569 252154 247638 227679 217354 260638 220346 228539 229454 262022 233146 226898 229757 229775 254687 220977 215540 251673 224216 228899 261794 225836 234692 236760 249702 235321 232355 236325 183032 236932 215813 246324 252032 250819 215831 225217 226897 273789 224203 233721 243192 236609 228246 215207 236855 226744 228730 248097 232464 236164 235699 245095 252030 241759 253187 238532 264595 236077 212759 224880 223901 256258 226729 239959 235864 248718 231442 205587 203607 241856 244718 234787 218432 242046 235515 253476 230720 251209 224994 249193 223054 246950 221637 248334 
247615 296656 270782 223990 255102 250216 240307 280697 263823 249817 255104 247706 262870 283715 289593 255217 261625 297684 284466 250457 255988 260433 260702 249902 268920 267639 262510 268801 268018 266854 281131 246238 244966 270975 244093 262808 293192 260026 255830 255893 271150 257064 266215 274307 210636 253799 238396 285131 284464 286736 258791 245435 265958 310040 259999 270355 273140 248587 250333 245467 251613 269689 252748 292066 262782 246140 257608 261055 294744 268397 291784 254477 293911 274848 233988 270868 267052 283037 248284 259133 270268 270296 264827 231240 221799 258911 280124 251664 249943 269448 286632 285855 266891 302630 250935 263309 256335 278164 256508 283309 
209589 247707 247408 176524 220762 213106 212557 218029 227507 228752 208769 212342 208326 241304 236171 218936 211486 240154 236995 200564 207090 239657 230221 217150 223047 234297 211983 231692 231330 225629 235697 209336 186396 213933 224597 221313 262930 219410 222347 213230 232159 194662 208789 223431 174294 231019 205026 253706 238006 228540 222296 212830 222327 271391 214256 237334 202718 231449 230408 226518 210735 231083 213790 247187 241055 207060 215812 240253 233188 234666 237256 219697 247885 221901 205248 223164 237328 238150 217921 251415 236205 247071 206723 208802 175774 233241 240473 235099 206773 215018 217484 235620 218272 227478 211674 214476 234915 232251 209373 238316 
229941 256059 265234 208380 225602 249744 207513 230741 228223 232224 223606 220452 221357 251189 253171 214347 211160 251618 262695 241768 239130 240188 226195 245733 239026 240468 232652 224638 246189 251934 239924 219464 197505 232923 216698 231218 276728 237303 236144 236094 224268 224179 212454 222985 182618 243000 223041 264452 262397 260620 234513 217856 247160 291874 240332 233312 224538 241278 225795 230614 226486 245710 238165 250242 231757 231520 224330 243056 253096 240645 248147 216755 245890 234755 220432 219755 230826 247757 232159 239587 222489 248689 238383 213835 197455 237288 224996 241229 226279 234566 236104 255978 223948 249434 197584 229157 222143 265422 226465 228108 
252282 275470 261576 223801 246758 253819 246191 258509 247918 257741 240644 238780 238399 277528 269702 225961 232690 263589 268258 235007 251925 263985 244416 247367 250007 246897 235109 240723 231037 249435 266761 224566 229153 231607 233628 251570 267509 255648 242712 249522 262415 252773 244477 245912 195105 239765 247239 268452 255095 255009 245081 235621 238835 281192 238074 243384 258017 242224 239791 257244 238878 240538 247648 265168 248978 228448 232316 254117 264910 258341 274102 250261 280243 243411 230898 232884 241319 267391 240936 259389 256309 262852 261477 234649 208337 250202 265557 233056 245791 244839 231256 279407 220053 274230 225580 234313 245836 273235 229051 264660 
217597 234819 238680 196513 209880 215052 202672 221476 221112 207514 197390 226282 209731 220811 239230 217176 211430 231900 234411 202720 209996 236840 216733 215861 215417 234999 209500 215049 219080 225860 239018 211583 191952 220346 215638 206370 240431 219062 216278 211257 220792 206169 206515 223710 179946 215085 215584 240424 241326 224466 215693 195208 217950 248556 227765 222895 205189 225621 217896 212573 202900 206129 212972 241166 219395 210375 219927 220633 231675 220328 232924 206316 244428 218137 202264 211578 215105 244638 199024 224710 232992 234396 203470 197745 179129 214764 230655 221533 210832 221787 208017 233756 212508 231891 196158 225260 225269 224883 207794 232553 
230508 258118 237924 219708 228072 209525 215687 255636 231170 232359 211264 224652 235151 236748 245693 214911 223404 253575 259863 225757 241780 240822 221763 214682 229818 218442 225467 233919 255554 238738 261069 214164 222316 247983 209657 239472 262115 237373 219061 232326 248083 211094 229039 222482 165732 235808 238163 246617 261712 231803 237520 229279 236387 294624 220531 240164 242220 232795 229989 219758 217753 220264 226544 256049 226762 234093 220366 246876 250183 215884 250913 225362 237744 245786 211275 217747 240620 247726 208230 234016 232275 248418 234414 226491 181428 241271 222295 234182 217949 229749 247297 236333 206364 256536 211347 215984 236411 259905 208016 237456 
218886 249295 243228 215039 223356 246148 200959 233448 210256 245136 214867 224508 243061 226392 261683 206681 235624 241510 249662 219356 230504 245147 226272 226664 230505 246139 236628 225679 235162 226703 250757 220124 208440 244551 220978 219068 259044 235490 223881 218234 242833 232321 242237 241057 177635 213497 234090 249623 263294 240109 232318 226768 253121 278113 239775 228566 233091 221552 201557 224063 201285 221974 227269 247326 232159 212678 221468 219416 264141 213151 240756 229642 248809 231530 203666 206544 236670 240821 206327 229706 246624 259783 234182 216117 196941 228663 235944 228140 240311 228521 243127 237262 207967 255411 218081 225876 221181 257267 231860 227935 
218663 255836 252027 207263 241049 233905 222357 217254 221038 246093 215215 226495 228907 241071 241114 211634 228407 252898 251022 205076 215382 261171 231994 227599 215770 241185 234748 226029 232489 224205 236483 220018 200317 229074 216569 226906 261581 219200 234509 230379 256575 226986 225184 226991 173142 236485 227093 255118 246267 248091 221658 227327 228206 277861 219708 227168 219543 223464 228381 216971 230229 232585 239619 244517 238516 233711 223111 243542 245914 226084 242002 232560 248325 238558 211463 218685 221212 245176 234989 246398 239698 253939 230156 225259 186039 233010 243798 238755 220804 241564 233351 245368 226206 235225 210007 229505 219547 246451 219466 243604 
223177 250364 239554 202092 218146 223478 229454 235787 232452 219432 211695 225204 235573 243138 245527 231811 233152 251108 243137 208174 223171 228078 242276 216638 231042 243039 235664 213342 245651 248625 244557 214918 206819 222663 221368 235698 266773 222048 226646 216638 236827 213785 219749 226737 177913 234448 207889 233532 245344 239180 231856 217573 240982 233515 221197 225751 231987 235272 217310 233244 211554 238535 235485 233372 224413 201223 215432 231080 244203 233040 235712 236901 254361 227984 198856 213480 226350 234340 219875 249252 223083 254848 228720 211179 190475 213324 245940 236293 217686 239906 233687 243603 218527 242778 210410 225753 206345 246721 210606 211469 
226080 236154 240311 185853 218335 220767 212363 228231 223022 217782 206211 223569 222643 226274 252949 217809 210945 250185 232244 220420 219930 231326 233290 217835 218844 234260 233527 227719 215670 225296 232486 209072 201978 224622 207864 225893 265955 210028 221166 215152 227427 217786 227145 218140 179645 229018 210513 236507 240629 243043 224153 226294 218609 250207 221110 212858 214169 226118 211513 224538 205166 224920 222563 253954 234187 231644 238943 232055 254234 217761 240259 218774 238232 232228 199420 208952 218284 219821 217125 238458 225130 238177 229054 201008 182233 210086 230053 229538 204476 223009 215775 248599 218918 220508 197667 227696 235557 238385 209895 243519 
249661 299681 291135 242637 273107 280991 253617 281015 282843 283410 252664 271806 273034 289068 297357 267639 274541 300135 293123 260586 280356 285806 275931 262572 265926 277305 279978 286962 286882 286666 296656 265992 261651 271599 259190 274928 320164 262737 264147 282236 282177 269609 286178 271144 210606 260586 276237 296236 298844 276589 284335 259862 283311 320256 252843 275956 262867 273130 273516 265235 249897 266681 265023 298255 276304 263867 260920 288146 306588 281141 298998 268334 293268 285326 269056 263955 264026 296796 270790 291606 279300 307064 278463 247974 223058 273923 290236 286213 273337 282962 273153 293626 253522 283039 245875 255900 267365 291699 266993 287020 
220983 253216 230679 198291 222041 221742 227689 244524 213784 237525 215616 235189 226076 239162 247851 201223 225775 240423 227312 224577 222701 233694 207609 236823 195814 239523 211151 223828 231873 215473 244156 197418 204994 225799 225086 224573 251099 233318 224777 241178 241052 214840 230245 222686 165321 226922 221794 245814 246063 230615 227648 217605 222720 263925 223162 243230 223981 230647 214205 223244 222485 221372 214029 244158 238922 220224 228136 240618 243812 227899 250869 225752 248374 229943 203054 220699 221512 255020 231897 248493 240988 250992 230969 217360 205665 240097 234858 233381 204881 222710 231850 256763 208240 235569 216025 225845 216045 258795 216901 241141 
226970 269122 264895 234997 250417 244456 243659 256982 245945 256927 242847 251359 252997 284250 274875 248476 230371 265800 266199 245270 248823 266750 253590 241896 256779 263195 240080 246268 252625 261857 259598 242438 229225 257115 239688 256726 295629 224983 250487 255224 267556 232439 249820 242111 185546 235336 242826 273802 288830 270646 249602 250956 273783 310629 242643 252214 253780 262293 248218 237243 249822 253734 260836 280330 244158 242941 232432 271744 258871 257145 272034 250953 277862 261526 239868 244269 241299 278103 240484 273799 266908 275820 242475 222537 213419 259704 267550 271673 235754 255915 270306 258090 253606 254595 237607 250819 250715 266313 231526 264771 
249960 262507 254999 202227 230474 236446 226476 238204 241623 246356 227700 228427 236293 239140 261769 237377 229153 263645 260759 230485 234555 255161 240404 227594 242782 253784 239072 247646 251662 241671 263091 225746 219298 243264 234640 248057 266189 231020 228928 234882 259625 224789 229815 227477 181455 241729 238563 256804 251561 250990 253543 224602 243022 279243 227941 232605 237419 220206 236544 236822 215948 241605 225983 264052 237612 221184 231780 251612 268091 252629 259225 249692 267999 268974 216799 224906 241756 241706 219070 249412 238176 266481 226786 231577 194711 253446 266636 244255 228093 236558 242424 267561 220410 268676 217396 221742 244283 258992 223581 250859 
243828 277732 266989 218071 241739 243222 221739 265452 245324 253559 241876 258703 246017 265907 264769 236108 237322 277702 269596 230486 259009 255152 238842 246488 244162 256495 257360 261951 251270 240265 278559 243132 231154 248523 225884 261195 270966 245580 241199 250074 259375 229702 248737 248095 195099 233088 244524 275968 273346 253687 250035 242956 246914 276748 253935 243988 243026 256516 228322 237887 235247 246190 245207 262617 240547 242617 237353 252045 278444 250455 257177 250396 274201 240211 230441 229587 243307 256608 242054 246111 240454 278966 242438 233757 208521 257847 253292 253905 242183 241558 246503 273654 240085 280138 222969 243612 253717 261476 226453 247891 
234919 254947 238075 225751 217159 244651 226453 257092 222994 242003 220400 229696 238101 243146 271607 215217 227567 243169 257859 241252 217309 254846 229469 245212 245395 247854 228127 235142 248715 219279 259267 207739 213277 235861 211901 239088 263971 233829 239899 237815 240600 229199 234167 233012 179304 235537 230029 267374 272959 246239 224939 235622 246018 282408 236978 244384 249798 233833 226598 243114 234887 245928 221781 254989 242176 253235 233950 251908 258206 233793 252236 237259 254411 248235 208703 234738 238371 243660 213866 256774 245971 264883 242459 226196 194145 240470 238832 231517 228817 230588 243044 250976 236447 250278 224486 222717 227862 264275 232883 246084 
244497 275779 269505 244153 257296 254049 247718 263487 257700 264885 237036 257110 234506 272362 270620 250103 260502 264661 281517 255404 257272 266903 257684 251770 255305 272538 249233 264094 278389 267296 264674 235023 233716 260825 238456 262531 292196 231691 257190 255310 275940 244528 267967 253963 197901 250460 257813 276855 276314 276894 259386 243429 261557 301116 254295 245470 263940 240909 234280 253779 256637 255290 258189 272309 256334 240405 261853 265644 272175 271638 276899 265848 281133 259148 236328 248101 273807 276428 238338 266318 250948 278400 256059 229873 213620 249049 268202 249414 241213 259193 265047 269345 240490 282385 237518 266614 256730 273048 235813 259721 
204442 244949 230204 216785 219174 227371 213659 221217 223489 221687 201904 223621 235275 233641 237708 221419 213131 240417 232812 205914 197150 245228 247824 210507 223457 229411 229274 227477 237797 213043 243317 216316 209442 219806 202875 221417 257068 223946 224915 223932 232169 220340 220440 225027 169083 224080 211884 244787 235192 228434 236573 231755 234083 266928 232630 221057 222569 233139 218073 212905 217839 217816 228369 242094 228341 217897 220346 237581 239178 233286 237695 235813 235281 219472 201423 214837 230838 245004 209546 233101 237248 251168 215419 219471 189634 224343 229866 250335 212801 224608 214791 240292 222403 231928 208649 240512 210642 238487 224021 241050 
217267 266201 251099 206998 230846 238661 221106 239595 242378 247592 225060 233512 246915 247613 253390 235976 246285 253792 247732 205557 232505 243796 241339 227676 238330 249205 218865 236624 255527 247158 250881 223533 215807 241707 224877 246059 259055 229447 227579 245662 251224 231202 238388 231159 161178 249618 229080 251185 249666 249267 241209 228982 246720 265232 232663 231203 227142 237652 226747 230176 230378 221764 233026 250561 235831 208657 217347 244420 263675 260600 258420 246333 265992 251079 227659 242986 225694 253956 221722 250192 246800 255672 237218 207822 189032 220447 246344 244454 224859 239893 251695 252594 212928 239734 215332 232677 217988 237299 211661 233888 
256038 274556 268757 229268 252760 258851 232966 268428 246596 253404 247583 251844 277661 269848 281376 236535 246365 289434 279034 230720 251826 262599 258880 244933 247455 262677 256881 250857 261772 260255 270791 231703 226088 262750 240664 246080 292969 248824 250423 264571 271377 242226 253679 268519 190891 259622 240350 278737 283104 277308 253815 248028 278671 290392 256341 248440 268390 257376 240138 247437 245804 256125 272463 267180 265021 233306 253222 266433 288896 273636 245641 262682 282700 253406 231162 242568 257074 259590 253864 258704 254563 280218 252130 244525 211371 258471 263752 261292 245009 245678 276179 258736 241186 277682 239101 260600 238098 275546 250483 248456 
257605 297999 269947 229669 252361 267513 239882 270810 256111 253546 245082 240196 256940 285742 284430 254589 249603 281546 272294 256448 250521 271134 266350 257798 266522 272186 275077 271029 270816 264798 277787 232723 245346 253715 263471 249333 300690 244635 262351 272281 274656 246888 265026 269892 217890 256723 253709 284012 292916 284925 269390 261923 274648 291974 274018 263860 267917 259927 253506 241578 258518 273259 244990 264866 269963 232757 233940 262910 289153 273392 271432 269508 284445 262755 231963 259142 266254 287257 247903 267219 269329 299534 272922 229700 218567 256169 267326 256281 245986 267010 277446 286342 252461 274815 241417 251812 246944 283076 255673 272899 
230902 275232 265614 211397 242186 247060 220634 256610 251148 264216 239254 245564 226642 256726 263895 239755 230022 274332 261843 230116 243122 265969 248647 240636 243976 262038 247820 253627 243988 249750 258369 239867 216719 248130 234868 249002 271882 230009 244671 240699 263449 227571 236440 242363 192529 239287 256397 258094 264141 259589 244998 217339 259075 286687 236104 254556 233697 240337 234051 242647 242156 230517 249081 268436 243935 233367 240762 240579 257003 251429 266230 245575 263236 245600 238635 216406 240794 253778 221929 248118 233001 263996 248096 225780 200651 241413 255361 256351 239226 242246 241098 260285 239233 260347 216320 262863 245136 261621 231325 267186 
234857 269100 250104 218481 235412 243115 211052 252165 252701 232175 225212 249172 254682 247196 265987 249717 237805 260219 256595 246614 251499 249720 249334 232718 243867 261911 257426 239990 247744 243569 262263 228558 235073 255206 243611 244132 282942 232374 240877 251369 239407 241746 237581 251290 173554 231757 239273 263977 273050 253141 243692 222871 260767 296656 255541 246443 245621 242598 241816 228882 205722 230229 229288 261317 230645 238131 230836 240076 274133 246562 261392 239466 259845 257838 214322 223408 242069 262484 232052 264534 250138 257635 240923 210964 208735 248769 255626 249983 243907 246845 261626 244922 231571 248130 232618 230651 238163 258917 223911 246295 
265204 289440 284889 213126 259016 269914 257239 272222 256988 275331 245350 265179 267784 271088 281303 275467 254818 288495 276666 260058 253266 274152 260350 249599 257824 270320 255810 271492 281104 259442 282695 256458 230223 250590 256944 261648 293332 263322 248238 252961 268159 245970 257128 257819 199794 256001 246674 283004 293082 286608 265370 241734 259507 290237 264621 257023 266695 261818 251203 252900 264915 263743 251822 290232 272183 253854 254361 272289 282509 278938 297304 266187 289715 275738 242743 234306 257750 278156 258466 274858 262883 289591 263868 234166 225613 258189 280498 267757 256220 271619 268550 283671 263152 270449 235939 259187 248721 265254 258399 292721 
