100
243954 203853 240489 237758 227656 239625 224158 247203 262128 231163 247903 267377 249616 246402 254095 214591 248840 229167 241568 252842 251751 258450 226741 248227 221507 253770 245307 223486 273309 221112 233493 238481 263629 227809 235973 251359 236164 256119 217291 259904 225107 244916 222419 242672 225313 234157 247484 245408 216160 246559 241110 189751 241027 224033 270003 230818 221345 189586 263476 226040 228487 183648 226428 240825 233642 250065 198830 241771 213042 228800 233389 239520 229620 242634 243513 229695 235881 251409 259365 221054 210250 247062 215280 221523 280303 233626 284247 238077 238875 227429 213714 242726 228306 221063 223582 212880 216242 229542 216002 217129 
247225 195912 238975 238446 207499 224551 226805 251767 237301 229183 239914 243900 245850 232469 248527 204874 229143 235775 239463 234479 241088 235070 208737 224926 207798 247077 253008 226139 268096 228690 247251 220199 251016 225084 227435 225557 234910 243397 198988 254510 224221 233734 215850 234773 221461 217198 230975 229530 216749 231574 225681 196819 241576 218779 261595 229693 214582 180636 242742 208077 224773 192529 218044 227267 245580 233900 194039 214211 220108 243543 223459 226926 232792 223689 232470 237305 233248 228754 259630 206923 191143 217816 196875 217918 268296 222939 275734 231645 222059 234037 222907 236482 234362 219229 202418 203273 224195 209632 222133 222885 
255099 234278 248165 260330 240446 240459 252455 263115 292171 248562 266137 275592 267151 253270 272104 221549 238144 269630 246170 261083 276643 263591 250387 260011 223119 255486 267963 234698 271835 258584 260851 253602 274895 245066 244644 269016 270319 256005 218809 269253 246665 267407 235324 244006 251514 239259 265087 278302 224579 249377 254628 199187 277389 254187 286511 256396 234734 197785 257890 223261 239965 214186 246829 274036 265899 267904 212666 264336 222092 260698 266181 258142 260024 258559 279634 253347 256429 253604 290648 248623 211776 249069 218094 246530 277055 255820 282969 282203 247030 231108 234770 281066 265553 237058 240131 234346 254605 235795 242188 226544 
280057 242361 278227 287558 263163 278084 261985 295878 292926 261700 280910 303741 278495 262333 281609 257536 287292 249350 283819 264736 266831 258537 268599 280653 248077 291486 278793 263792 312799 242981 280736 269591 293834 271651 269315 284516 276190 285494 247899 299424 269858 268075 261626 275369 249708 260664 279555 278138 255212 264305 284398 223787 280704 264044 302981 286389 273790 231354 287249 275904 267681 223172 266756 267294 281318 288776 232787 258869 250728 274892 262656 263504 278791 261933 275777 264066 275740 258751 301215 252831 244211 280197 234698 251523 307235 264608 306368 272327 266284 263624 257952 277736 281931 260692 229939 253413 260314 257675 246294 250671 
258264 235774 249887 274246 248118 266685 256527 287135 265408 246719 253602 290649 252000 249895 273787 251823 258897 235656 268477 264459 263799 269325 263161 264137 232717 263323 273035 237281 287767 242937 261515 251082 272273 242619 248246 258560 262178 263808 243386 280544 253789 255557 230814 251534 250452 251950 262091 271581 222037 250408 255873 203612 257185 252177 293875 257074 265379 225104 281284 236662 253083 222540 239901 255352 261657 261291 220350 257274 231143 269514 263929 259998 246198 245762 264196 251465 257987 259418 295332 239086 219982 278214 224116 224079 292511 273362 307438 272639 255015 249473 248236 289796 248146 244404 241419 248703 254787 237577 246964 248264 
260541 214838 252936 260167 221708 245867 234061 248761 273467 240165 253576 278120 253817 235801 251937 230983 233526 240586 259395 254014 241801 257091 239952 243010 223273 278463 256670 235856 276673 244148 253799 236247 266259 247654 251369 266397 257435 252924 208300 292365 248357 244084 228103 254676 236028 240505 252575 254604 227401 257308 243484 208031 253984 227331 270365 254281 244890 208395 265568 229619 228746 210283 224818 232371 251530 249521 201675 230077 229231 248376 244954 261057 235932 250971 240567 223092 241330 259733 272671 240497 207245 254349 215669 222754 287707 241738 291048 244999 227550 245460 221297 234104 244104 242532 230837 209966 235489 224813 226751 239055 
252195 218357 252979 262368 214786 254641 231052 263921 252957 236473 253574 259875 237460 237288 266801 222303 236127 238099 233717 250480 233708 259120 235142 223544 224601 254992 247510 243358 266805 243979 254823 243800 279048 247605 246002 245912 246109 244741 192102 268589 248432 259158 207592 248085 234078 241988 247333 249575 223123 241382 238055 205373 261360 223315 278347 243751 224149 206081 263096 222361 218707 204556 229004 235766 265154 252383 198705 245250 224984 239617 244829 266885 235252 228955 250621 219659 248174 247391 267626 224317 192719 243615 204228 234024 289048 230381 267469 240868 229059 213865 219457 233873 236114 251908 229929 216747 237156 217006 225388 241835 
246965 220885 241716 248140 208905 214585 246133 263646 270822 230194 237268 270561 257572 232299 248832 223340 240449 230288 249658 235948 249142 228541 232637 257284 209181 247846 249829 222120 275994 242010 239412 232431 253209 225006 240380 250705 246668 250295 225341 261876 245815 244518 223246 233901 225614 223893 253578 254341 207600 239419 257451 190249 254325 241375 272329 241763 232610 195652 241264 223460 226471 199726 215459 233897 245251 243261 212788 246261 215078 228639 226772 223289 239387 221681 247972 226757 226510 250984 260227 235972 210180 246690 199442 227945 262734 238950 265802 248767 213541 224981 225572 250283 254786 226513 220585 235750 235301 223256 246120 207731 
277680 242054 260205 267786 240590 273895 253366 278927 298296 266842 273825 302296 255131 250539 297493 248819 268219 255877 277747 255896 262817 254644 260511 266684 237787 271317 282325 249296 296502 253953 262430 257078 274065 241393 258302 270051 275704 285950 248852 286204 281454 268842 240866 265624 243369 249571 276797 284030 228049 280564 265212 223893 278392 263001 291361 266520 248145 216337 284554 247637 270907 222336 240891 274115 263096 264061 215126 266620 242869 265236 268779 250991 260328 265036 285734 257057 273555 263950 279593 246407 228032 275774 220997 251894 301582 261440 295550 280205 253830 248004 246656 276924 269504 262392 225895 243148 263029 245622 241645 253236 
234162 210564 231453 239469 192295 222064 209684 239328 260073 222453 252822 250988 218089 204878 245408 223469 238228 224193 234189 234496 213773 227084 233927 232661 194884 227395 244359 235664 252723 216033 227989 232367 227455 235165 220327 234889 224426 225454 223369 243192 243106 230230 207641 223126 213112 215876 226278 244058 194681 227021 223093 189245 253727 222708 252816 230508 234112 199626 227916 232730 206005 179021 220877 231210 243547 236522 187394 236479 202451 223586 222297 220190 222410 231229 240817 225477 220630 222478 249017 217624 191739 223795 189700 213564 273952 226805 247278 225680 235878 226915 211107 237365 240409 218073 213782 207968 219192 219715 210988 209842 
253733 216842 254580 274420 226786 249361 253011 268166 261270 223312 259681 284471 265213 254431 282000 225858 248735 253491 263237 247371 257657 243019 238605 283511 227764 236251 252584 236579 286857 236501 255612 253797 269847 251268 229718 244825 243625 274969 230907 267700 242956 254459 222248 259394 243555 253219 257235 254258 231625 246072 258484 207693 267654 217734 280257 251309 243088 192509 267447 228084 231123 213384 237073 235738 253152 265293 202510 236948 250481 249880 235970 261280 231912 246699 243510 245237 246843 230075 269444 212561 222816 252703 200013 233365 298497 238299 296133 257639 253072 260279 244022 251767 246614 251300 219689 213751 243303 223375 249389 223667 
285332 232349 270011 277041 242978 247505 262865 295626 280934 258452 283840 301957 265243 270143 291415 248182 275285 254378 288718 258217 273395 270696 255364 292660 238965 271363 263255 259489 297908 267343 276845 270793 291587 270624 264832 285521 268285 277341 223602 280187 274807 266601 238142 268018 243376 271555 280587 269025 241824 273102 288308 221676 275828 249523 289072 269178 264157 217885 291599 244458 251783 228605 246787 269453 272088 266420 234583 268903 257098 275143 257337 273650 267350 258871 271212 251467 267509 268410 283558 251145 221928 280611 231715 257774 312650 264265 301502 278396 259552 265018 247087 263043 278038 260990 249643 232922 252933 261637 251699 254845 
232407 204422 222176 218444 188413 214654 208678 232392 236623 205518 218983 219790 216594 209393 220688 183356 203368 206274 217667 211864 215921 224883 233101 217089 187401 229992 224415 207970 235501 220031 214982 210651 216732 213858 225713 198952 220513 217580 196282 219325 207961 227347 173948 202477 212410 201159 219060 217701 188861 211979 213792 167078 227264 213921 227726 220008 222535 166497 213233 195103 206934 175771 211202 218906 224850 206143 184271 228798 183673 214793 218647 220599 215924 194752 216939 210027 207697 209126 230721 183295 160975 212044 183882 201241 244276 209412 235253 214365 185399 198136 198390 232675 217588 213569 209473 190564 202900 204979 187864 194328 
241386 231120 251626 264928 224977 236598 252367 270942 281671 249771 264744 255126 253347 240611 260387 229294 254625 254430 250836 254488 254337 264348 246163 259462 213876 241352 265300 242502 286079 247707 243715 253879 266524 245801 227528 250270 262629 262988 233444 263637 263819 240698 223878 259490 251143 248618 266277 264594 230763 245383 243851 197395 280129 254100 275521 253689 238343 212534 242359 228988 242790 210328 225805 238742 257293 255902 208762 243609 219128 246557 255501 260600 246962 234294 251688 243008 242654 246542 273993 236202 212842 231627 205791 242048 283693 251118 279156 269410 242714 247611 244427 262335 255525 259302 228636 225447 233920 229172 214657 223180 
267562 230249 253512 256277 233286 262344 264722 256579 288508 235589 255868 278539 271103 245500 263782 223107 246170 264884 245254 255070 260246 264832 239300 260760 219103 262377 271268 243309 275387 273988 255720 274530 276834 250407 247883 255687 245533 261981 218827 254681 250876 263153 233609 252187 241078 245755 261300 260113 206314 249796 256446 201145 264077 240911 277514 262868 245068 211659 263219 231749 243105 211782 240153 250736 267146 267097 217531 256916 215289 260138 258050 253778 261466 253366 280184 251198 267586 253356 289309 234204 224813 250733 225650 230894 273148 257380 303202 266851 239442 237768 220709 271604 269868 239116 231929 235707 250263 234979 217924 242853 
247458 221311 241777 263328 226515 242803 234875 258224 276848 237604 236054 283196 255010 241020 259292 212963 241693 228068 262087 247680 249536 255794 242305 253290 229739 266017 245722 224706 267858 230414 245546 252649 268434 247754 226939 258085 244931 256370 217319 270471 246587 249493 212849 244114 224668 246574 236274 263875 217276 253041 244845 196914 235675 221165 261259 247120 241691 213297 256523 236055 224008 203694 218501 230947 251741 251759 199138 239020 208993 225404 252295 231427 242995 244594 261290 237450 253357 243797 261813 234278 207057 250385 219132 223563 272306 242839 285807 238525 247030 233951 217476 255326 245804 230633 228518 213208 242109 226592 218234 229992 
250678 216702 249153 255172 222616 241440 246606 265607 245603 234111 245245 283614 244784 228889 254686 231360 256021 221638 250998 221027 242379 234949 241241 247482 217035 250147 244127 228004 273114 228206 241928 229060 262002 233780 242814 235546 236825 230388 230781 283303 234128 251896 228537 238544 207181 214367 243514 267631 206019 241364 242804 199399 235361 213085 257357 260616 245396 191301 260908 229908 232722 205266 220772 235710 261659 241262 195165 244158 215956 235595 240397 225953 239290 249686 233652 234170 234796 249364 269651 215754 197527 260938 204381 218261 274806 242244 281343 249265 240093 228223 233288 246469 254172 220225 213100 229103 239177 225449 241440 222705 
266050 226073 252840 243004 211284 243360 246174 248373 259318 253188 251651 268234 264143 256888 253648 218279 239445 255106 268281 245526 252668 266936 229216 274912 230493 248014 264362 253763 284517 252944 274780 251779 261690 266186 253697 254445 244516 280785 221270 264732 275676 252910 229670 259028 241788 247478 262092 246299 221368 254403 247104 204542 272307 250168 286241 262137 232748 219498 255876 248080 255911 207944 232629 251228 252096 241956 195333 265589 218537 248281 249784 248674 243946 246881 256711 245542 248905 248656 288923 220386 215415 240096 207070 247932 289684 231676 274020 251398 228107 241322 242798 252684 253573 240027 237111 220546 222245 243597 233617 220230 
240359 209494 237905 241530 211680 234997 252323 251383 268127 229631 231901 264040 234274 223244 247429 226541 247154 220311 232297 252694 246252 249653 228131 246123 215919 244693 262028 240143 267824 230225 231802 214652 252815 225433 229390 247433 247947 253746 214467 253430 247151 237369 219216 234603 218238 234899 246335 248558 221680 237316 228727 192033 239637 236222 265262 246499 226507 211345 240968 210073 238779 206487 214132 231314 244049 238161 197591 227067 225068 234392 238775 245571 232155 233532 253663 223452 237263 241013 267920 229976 199348 237985 214109 237037 271475 232748 282676 241559 232608 222869 215571 221201 236610 227690 216689 215838 231774 226431 228791 223655 
232281 205248 227554 238578 203903 212436 220253 231264 260203 220742 230659 256741 234587 205013 229768 205830 218661 217147 224543 243635 226256 238043 220237 237409 220454 216823 231897 225393 250274 207496 232516 229016 229229 222727 206632 222678 231824 218940 199769 250813 224226 237505 201007 229095 227310 223738 220928 247022 196573 214550 226585 180214 227405 219251 254122 221555 229616 206974 228919 219414 218079 184485 213898 235027 221581 232570 173973 224660 209367 231437 230488 233993 215744 238320 223596 210890 227765 226689 261409 215416 209053 236034 179657 203194 267637 226213 256858 239850 225565 214351 215571 227598 240419 223021 223184 208298 215859 221740 216999 213496 
283134 246612 257760 276452 251209 267140 263874 295625 278507 262404 266240 305985 274042 247627 266375 240685 259777 255067 277138 267221 291681 285624 263073 281246 256864 269161 282837 254885 304429 251660 281047 261396 275349 251630 258862 264864 283559 263973 245870 294915 266427 282183 241210 261964 255842 252329 267934 288107 233857 270647 269272 205509 254621 246400 294355 272674 263577 197884 288196 238775 237610 217510 248441 258783 266242 272939 214043 261114 243527 254671 247895 269238 260907 257681 270903 250686 257777 273088 278228 237477 228883 279639 227913 246042 319666 243978 298547 287903 264892 257615 262145 273869 291287 270004 249559 242220 263503 255312 256109 246162 
246173 207535 234421 235364 211369 231905 235686 247306 244955 233359 229808 260002 235899 245946 252094 223712 239657 230712 240678 245047 246623 242552 218548 251381 203698 249983 253959 216212 263973 238612 261884 243782 261995 231761 243724 258300 241724 244295 215809 255498 245900 244812 234093 236417 217023 221871 242834 238124 203168 252033 241573 197900 245133 231885 266730 255806 224149 198768 259415 218331 246911 205905 219050 236874 243514 228088 189500 236856 217695 239755 232757 240888 237227 252114 252133 229062 257390 253399 277654 224327 210177 256864 206838 222153 260115 237401 270631 241487 232231 225511 227589 242703 231232 230495 220428 228886 225288 230337 240531 223011 
235399 213281 242862 245859 209551 226011 230910 241518 252205 223201 230502 251482 246456 234991 221976 218082 218661 214210 234841 225378 247521 248571 218975 244525 206693 237134 247630 220452 258187 245170 240546 230703 263403 225387 223791 241708 217654 225416 188276 247552 219354 242322 212289 240807 233109 226780 241263 242355 193593 232921 230048 192163 248678 217910 263436 249647 220384 190640 233368 218943 233523 195562 212414 229274 247179 230851 193599 247652 209182 225649 229967 227379 240288 231100 228939 223729 231213 236165 262809 224819 222678 242995 202155 208513 244164 248294 269831 232633 223051 221717 221990 229315 231388 210190 203257 215823 229909 213411 217777 208910 
251899 233539 238188 264291 223251 250440 256818 257547 255938 227681 261315 270169 255311 219606 254439 208947 230914 224002 258262 242027 251260 243408 245627 250655 210105 247477 260224 225136 270118 237817 235976 220226 251375 234064 234259 238369 245756 259192 218517 257142 228561 246548 204413 257785 233735 234732 249967 252192 228210 240948 231051 188126 250959 239107 249855 251295 241097 201422 256723 220804 238633 194867 215121 232708 242675 257484 213535 238340 212600 254011 225854 241975 257014 229743 245516 231406 236645 247442 266603 210618 197344 253478 201378 221958 285975 244951 287262 233584 225732 235031 231979 263160 246226 227879 218428 208459 237955 237834 214456 225164 
257828 219498 256930 269086 228729 245115 241467 245895 267945 233952 253466 277582 257207 227652 272527 215329 215573 248428 252637 248528 250276 261533 237451 257877 220450 246149 253152 243412 267323 256360 252448 240536 263237 253511 244978 247142 243625 254798 216065 263537 242808 256465 217975 253856 237023 244087 266819 264920 222295 244874 245855 200423 260032 234896 281982 262235 238088 201570 251065 222313 235592 202363 230930 232262 250410 251495 196510 248163 229076 245376 240922 259063 245875 236822 245379 249119 252538 239932 260863 215593 200794 233368 197360 225090 276752 227228 265236 256167 237511 249902 229508 243800 261400 239597 224663 210923 240801 240316 223342 239660 
285089 244349 280335 275312 261509 276480 277370 289326 294482 271248 262129 304217 283931 290722 273455 251620 278801 268489 291244 277073 289335 284608 273380 284723 244213 288415 284469 250134 320325 260247 283335 281012 299311 275316 277900 299662 283411 281989 245684 290795 285779 290291 248499 263295 258014 269270 273310 293710 246254 271141 288815 228730 271695 269312 300022 288165 268880 219480 303887 254619 283888 220912 266140 279099 289544 273189 224727 275530 251231 261190 265105 266885 276158 263252 280898 272858 267693 257095 301564 254810 251198 272016 237561 260629 301738 283226 312028 286484 257460 276095 259346 296834 275726 266577 241385 268683 261608 249526 255891 252836 
258123 222574 265473 275568 236933 250142 257900 280094 277689 243095 275944 284773 257211 240869 276606 238605 280369 252093 263439 254482 257069 258158 245886 267790 239059 273700 256939 245732 294193 243041 274351 246807 286552 255497 269767 262512 265865 275392 232122 299360 259682 270487 230870 272135 259838 244787 261076 253948 258545 253565 265358 219992 265212 249426 288095 254306 252543 199857 270467 239371 253897 216194 235310 257891 255737 255579 227686 248361 252562 277561 249464 262689 261712 260420 250214 245365 266270 269025 293377 245824 219226 264942 212180 246281 308235 258733 299241 268985 256864 238891 246467 267554 261075 264265 233861 226402 246453 228964 246515 247811 
250086 203849 244812 244009 220055 238498 232898 254277 245370 230744 246816 253546 241242 233397 248409 214978 240909 216905 242531 249012 248721 263701 234627 251581 205298 235678 234718 225064 262955 241050 242025 226980 253138 237382 237116 242443 254755 256977 217287 240695 245639 243001 215463 244178 234679 244961 266631 247777 230201 243486 244820 181741 243506 240977 251941 246558 232865 191750 263106 215713 224314 202259 209694 228437 227419 240222 200447 248777 220726 235063 231158 244710 231971 242784 249688 243282 240730 254519 269617 228826 210062 261030 212710 228125 272371 242303 273504 250522 226313 229287 231639 249261 238182 240695 215091 214299 223390 216256 223806 222073 
261052 220393 253444 256325 229713 246662 257883 266449 270159 238029 245282 277735 257381 250133 255434 235489 250736 240028 241137 253010 244917 252570 234636 260774 220084 258236 252229 236859 291698 259566 263833 247924 285103 247178 252719 252462 241021 256754 221501 270806 254608 265924 224791 267708 245974 243556 255973 244981 222292 236485 253296 215669 267736 241863 288971 245048 241373 204921 256311 238474 242093 213480 236325 246650 266527 253542 215310 233640 226853 248804 236983 245446 244235 248469 249362 239864 257622 252202 288138 236304 220214 256216 214413 232331 283523 246301 265949 259716 242355 245126 234451 254149 266235 252202 225499 236998 248614 215360 232996 237702 
240353 211742 255617 255233 226714 237371 237818 264659 238038 230065 248681 264670 246956 257497 257963 214626 253431 220360 242176 249097 264421 263073 244963 250709 208496 228196 247831 222885 277220 220316 264637 239299 258097 245753 245409 244291 244127 249445 209337 260386 235096 247793 199098 223899 228959 250231 254101 257983 206932 238520 249516 211696 256750 242053 281377 255198 227719 204317 262259 220713 223023 180308 230497 243307 231948 243721 198457 244089 228344 239800 246964 261312 236095 237675 246119 230975 241322 233302 268972 203420 206787 244241 199652 237175 284805 239949 273384 242805 239211 230943 226866 237851 249137 223212 217158 219652 236660 231292 229127 226271 
253513 227268 240247 270274 231967 254286 244521 267421 273085 266067 250627 290136 256975 240006 272567 223844 255661 261433 271241 262755 256322 263259 255237 264072 222068 284108 266339 245253 278290 234452 247939 254721 278339 255379 245070 285713 268745 255905 229383 288520 272936 260340 236484 261864 258623 240455 256167 270265 230966 253485 250976 218184 268016 233706 281669 272872 241888 222174 279199 227721 255486 235958 226252 255285 259960 269194 212118 243720 232096 250782 252599 244373 249640 259696 259304 244543 242524 265134 280981 248178 225190 244545 213760 244481 302409 259123 298966 261857 243400 246933 242868 262693 252573 252061 231405 226197 247513 233360 258732 230269 
281022 231920 268740 285663 255707 275065 273698 287329 314719 267611 285008 304158 284456 262621 297733 242547 285386 276340 292996 272351 274872 278700 269565 281110 256085 304617 292102 257837 317174 247760 276999 281339 294988 270234 270671 292912 293527 288234 251680 322588 270562 275464 258281 270879 249537 272929 269208 285080 251354 278738 274034 200022 285652 265716 311060 286262 276233 223635 299523 256084 268753 235702 265594 274413 285783 275419 217691 278248 258580 274406 268838 280213 276549 270640 297125 266314 273521 282897 300211 256171 226532 277811 243083 259054 317364 280249 333511 292136 278383 262594 253667 285894 285654 271886 253389 258387 250635 261582 249723 255832 
234855 222807 233274 266030 210781 242453 261173 260204 270533 236019 262518 264900 266206 237020 265054 212713 245196 240663 257481 246839 248839 247819 237151 242666 213762 259871 249397 230891 263158 239468 245769 233242 265414 237485 245276 256214 243213 267330 222602 271892 240850 246409 215290 256053 241000 234719 244809 250443 225666 241745 232587 197387 273059 239791 270962 245755 238831 210258 251228 229889 230524 214764 222633 238534 264441 257541 203040 241211 216816 252791 233143 228325 267656 244006 250113 231154 256818 245916 265251 240574 203036 254925 215027 220474 281616 260532 286176 260834 234209 234800 244744 256920 253301 232355 217267 206740 248000 233533 223810 226499 
224429 206143 218775 217795 198149 211749 211353 237427 240655 217450 217912 255271 228200 228418 230480 203921 220226 210807 225238 227523 236162 244587 194993 220415 199747 232403 232899 196980 240960 218168 221209 218261 252095 215381 231201 230424 226813 240317 213648 240394 231283 234610 199585 231859 211542 228938 230111 228745 182867 214126 218408 175507 231133 212523 253859 223567 210250 192511 230289 213014 225571 193407 197001 223494 215144 224113 174928 220393 200168 212220 234977 223557 223546 204379 252000 209651 221731 229293 244897 213245 187684 233943 192242 215549 248162 213026 242450 223454 207495 212849 198712 228077 230392 208679 204992 202822 218691 213675 202919 212482 
241158 204682 248812 252245 197443 236542 228829 250153 249557 229554 240867 253156 250882 222712 247058 212172 246565 221963 239911 241539 249628 252566 222063 244039 194197 255859 255176 221380 257802 243520 240220 226902 265583 236494 230120 240040 236848 246939 202262 253693 240535 247631 221972 233557 212620 234297 240918 247449 200078 235535 233402 192365 249950 234768 255557 260063 238433 194365 237057 219329 227249 198481 217388 222632 254509 254908 200077 238134 209259 233819 240063 230281 231794 218003 262614 237991 234564 238442 277528 228899 190713 238568 215001 221846 267658 239645 283094 232935 231731 221328 213288 226642 234995 225158 221738 201632 218504 223041 218803 216404 
249877 210242 239807 247587 213047 227839 238134 245552 251599 213533 257110 244274 244381 222365 261702 209475 236907 222364 241374 238797 235750 234495 220417 241349 209369 254126 248102 227433 260498 238309 243278 224301 244162 242452 235502 233418 251106 237720 206464 260318 235670 225887 214975 223546 223518 227139 235634 249161 204698 205935 234806 180082 247465 227287 269018 239195 227137 199562 231214 212739 223314 195349 214753 238564 249994 225441 204895 239422 219338 234825 232661 253233 238570 227682 237004 221318 248491 243337 249422 209652 188487 240865 201264 211960 267910 233728 251961 242977 225361 222275 228518 221965 248597 233822 215022 201626 228505 223016 224897 233062 
260117 241363 248911 264888 219032 268481 235692 263650 274689 236178 252576 271828 254214 238314 281208 248634 234961 247385 248730 260719 259997 281917 247916 269163 223052 270696 268261 262624 263528 269841 251847 265718 270878 259199 258523 262186 246943 265825 231648 261817 264130 262840 226770 245038 244491 251013 265689 262970 208843 237700 250374 212379 276085 245159 306035 267246 247434 214918 259968 245512 254979 220301 244805 248642 273812 256960 209620 271235 236745 255437 256657 254127 243843 228623 270075 250001 248824 245768 271928 247202 225708 256328 216365 231855 278560 240647 272659 274422 242531 236429 239434 266197 279584 257594 231685 234172 249821 231436 247985 243740 
261797 239733 240418 279206 226234 239193 235936 266218 270254 245551 258515 280083 268386 239845 254775 238400 250462 251119 268462 249540 257297 255956 255120 279315 209497 261028 268227 238828 285841 248951 275960 259308 259161 251016 245728 272146 259505 258924 222120 280129 248133 255081 231705 236070 254677 244651 258116 256756 220145 264556 264424 209265 256856 246856 283211 266179 255762 194194 260611 232629 244650 202903 224366 265713 250238 249459 204912 249668 226413 252100 238156 275117 252096 227332 253664 240344 248065 247531 270895 227332 214230 253281 199709 246563 281519 254845 297774 251043 228140 244019 230342 271980 249780 247305 226047 225660 216806 239926 222804 225013 
232482 191301 214189 232172 191776 223192 226395 233649 244449 227281 232059 244828 241580 223021 237387 206741 206082 232087 234575 215178 243609 225055 219714 231696 219203 245189 234218 203595 233497 230302 229578 232604 238781 213248 220009 238746 231014 241327 215028 251807 236457 219989 206664 221794 214935 214307 238781 236019 192942 231549 234382 193028 236231 205381 254134 239421 222647 177949 235483 206994 217327 202674 203082 229590 237129 231312 186222 217978 200011 222312 225339 224757 214988 229186 242942 206992 225146 229681 217297 215352 187598 236864 189118 203543 257285 204446 256989 237999 215445 216810 218004 234973 233278 224133 211467 209070 219522 209515 216257 213649 
259830 234240 270045 266291 250860 253174 263873 283646 290007 264966 280437 285891 292464 255932 297285 237610 264496 271613 257266 275225 279298 267168 248496 294302 228622 261656 286600 254802 306760 257001 277798 261500 296555 250042 266320 277440 276656 279453 244065 288181 250770 262388 244120 281210 248109 258969 276226 268320 245847 252584 265101 211484 279131 253380 309648 270166 248810 221332 279817 239031 237824 211362 255252 262634 262551 280140 219779 279825 248159 270799 264310 287773 267260 247216 275245 259938 261514 257087 288543 244590 236639 274075 232865 265978 311775 274394 328314 262812 237371 259628 255169 277821 268244 244836 233547 240299 253588 252740 263566 252877 
247610 202741 243982 239943 216475 239022 233153 252334 258107 244372 244049 257001 244288 235630 254055 225151 253598 228426 242920 246104 248993 260564 242600 237484 229090 254175 250749 239934 269014 240651 253969 241192 273824 223421 245788 243830 243939 248624 226558 257551 254849 243600 221978 236385 220742 245908 251030 251413 201679 238136 240591 212122 236116 233083 286529 254832 242507 213103 258290 233911 236937 184356 233262 234513 254356 241813 194763 233022 206302 223035 234041 244104 238578 244485 253636 227899 236813 234796 258256 208908 204857 264265 218807 223708 274859 226401 264187 256295 240789 229719 229107 234787 270927 240162 214790 226005 238664 217213 234611 230103 
282228 239652 265923 271739 238439 261808 287084 285132 291044 261801 292678 298588 276354 256402 303683 241804 282242 267830 263285 269358 277844 280597 264856 290466 244962 275308 271120 270918 303673 269325 276434 279153 290260 268892 273994 295025 282111 278913 237710 292165 281250 283524 251739 265723 261262 263673 285079 290084 235436 264463 281230 236032 293217 277906 318313 282252 254779 223957 280454 249224 283131 233302 247522 277329 283409 267556 232396 286737 249853 275128 272055 279739 263197 265946 297664 259163 270142 289083 302127 251879 226600 280229 237721 277542 307217 267682 298230 297247 265065 245367 259617 277139 291416 280328 246682 250285 257571 260710 268263 248888 
241312 202031 254386 244783 217108 235129 233413 243781 252293 235490 255214 255304 256469 239639 243416 214105 232920 250449 247567 237679 230277 244046 223534 240231 214507 247088 237236 220215 276148 234257 257221 236817 262310 248354 234664 246515 249691 258824 219756 249658 246099 245551 210342 243866 229697 240677 252628 238213 208957 234681 240637 194650 265929 228503 268038 248158 220133 204718 255529 225994 229232 206932 240926 229236 240285 233499 192977 244751 229425 239835 244973 244399 224321 226848 251732 233466 224961 222131 276601 225295 208530 234091 203622 241929 291589 235480 275466 237117 220133 258248 230343 245286 256829 234783 212318 208482 218759 206935 222739 218373 
269433 243684 266502 277151 233919 244721 259723 271959 250793 257695 271959 290203 281051 258801 281080 242358 244318 238628 266126 277212 280924 275219 253709 279697 230754 259800 269160 245024 289998 274452 271790 253228 291334 259931 268008 272401 250663 269708 239955 279172 253047 278038 226855 250076 244645 256746 270402 260265 233811 260306 266511 214831 262128 254603 291619 291643 263647 214818 284005 229527 258061 217064 239927 257408 277517 269065 209616 251760 232044 267457 256283 277582 247047 264016 259335 251891 249858 263095 296966 229499 209144 258642 219129 239114 312531 258367 292308 252023 244982 250987 245543 264794 268669 253917 247245 232939 253757 247849 263644 235797 
246578 212447 237057 235983 229520 243511 243919 258565 262045 225889 242334 274139 255264 248130 239690 213958 234505 227995 244606 234636 256974 259841 231502 248691 208540 239684 255151 229394 275384 236320 248515 239247 264990 237705 222854 261262 233102 247685 207996 263855 235606 243409 235863 247505 223426 247169 257655 248465 213432 232826 233326 191462 246149 233422 260361 242497 226585 193275 246470 223087 234060 198522 222792 235773 237057 247429 211322 242692 211928 245523 245698 243500 246840 239888 245224 232526 234015 244572 286403 236803 194986 252811 216952 230982 272362 231370 283701 250278 236209 232340 228570 253383 235358 222640 221247 226333 232030 239271 226786 209617 
254390 218611 247659 262376 222978 241002 245879 270222 258526 236084 250435 259577 250372 233338 249972 216805 254823 245299 262630 246198 265111 258073 254551 257001 216090 243416 266823 237790 285813 227768 251321 239497 255278 240048 234430 261331 261957 257342 214230 264812 255617 246011 207650 232761 235816 242152 253791 276055 217299 245775 246999 205164 253098 241777 286276 267667 248236 195938 254577 232525 220635 196651 230609 243538 255569 236424 209110 246599 215231 239685 250939 261869 235597 233913 243950 239230 241648 242055 264833 211330 206543 244228 207825 239500 297024 237973 274204 253407 256988 249817 232088 255756 250109 248222 222158 207991 240359 232602 237570 226000 
249389 229754 249042 268346 243090 261740 253387 263513 283224 242879 248886 281646 274844 255176 258413 223506 235433 243008 262139 245897 262445 252217 258304 265299 232031 264146 261342 237025 267782 240502 251686 243115 249174 235209 230260 260028 252941 271145 226097 282669 259240 250354 223746 242598 237525 249724 266972 258288 226875 245897 263430 192922 276793 236937 271485 255306 252666 196350 246358 225316 242167 227499 238752 262076 244918 266450 217760 253399 229032 262368 250711 248433 245965 231437 245152 240530 255637 252312 261411 243663 211865 261326 221358 229268 274806 241035 284696 267349 230924 247789 232867 261177 235110 230617 229088 223694 244210 240309 231608 235444 
220894 215699 225586 240022 213313 223928 222662 247639 250546 233372 225399 263267 234277 216460 256276 217031 238603 227247 210802 243726 252088 265458 224621 241556 202305 245723 248331 221497 245654 227462 238743 246472 266106 230034 224187 242912 228879 245684 220375 247602 241924 236266 204213 243302 236363 228805 231312 230653 217484 236133 223078 188508 245981 219582 246802 236049 210353 199186 249969 213880 230350 192771 212941 237112 244270 253152 181063 228625 211651 224856 229813 234785 236275 226425 253092 224534 242349 235604 251303 237501 207034 227089 216178 223177 256361 231057 262288 251204 230510 201812 221678 247604 241714 213429 224374 212630 229218 221653 213513 221349 
248532 226849 254239 271331 241960 271622 261987 273842 281690 241685 266507 278944 259238 250146 290834 235959 257475 243436 268520 248902 284785 272576 244653 262588 225959 258961 265451 239413 286437 243392 263903 249361 282081 246945 237904 269342 263367 267835 229453 285690 252179 256982 232856 247440 233732 263613 257849 277327 231212 257297 249106 202991 265870 239385 275653 269887 244007 200456 282029 218327 234593 226062 240689 242384 273619 265734 214893 253894 244087 258443 258428 261316 250732 256155 261009 236938 258181 249651 275766 248181 212685 267389 223879 242110 301341 260446 310629 264934 269349 244398 239932 253418 250690 263996 229361 223626 265112 233144 244292 243018 
239719 211842 232182 247325 210076 231521 235888 247767 248410 220947 235244 261395 245640 219670 262691 221645 232003 234793 227806 241029 259407 263810 221418 255224 202784 248435 261993 235628 265427 231780 253080 253857 251194 225431 242792 239098 230902 247803 234138 259451 222313 241875 202324 234141 241129 229035 236744 231114 212249 243817 222027 194959 238354 226771 256064 235097 241061 202790 251184 223716 225502 187845 216619 244902 257769 236608 197518 234346 215610 238984 237369 244204 238380 239499 238042 220388 251039 234862 250365 224621 219770 241064 203756 208381 280299 232543 279059 240985 230383 226933 219092 249884 251269 237007 215669 205234 236759 226799 239337 231745 
226669 218406 233554 249778 222173 234419 236112 259124 254730 239732 241954 252592 260819 228524 250161 217023 229200 221899 236882 234671 261812 253685 231349 242133 226819 236028 247368 227391 249275 226094 230556 233829 250207 222365 221158 244752 226749 258348 213918 255429 229568 229918 204367 222848 232002 233703 234304 241665 204967 233154 247603 196787 257004 224323 259626 240880 218456 193071 243633 220395 227520 198481 224982 242717 247939 253605 198364 239202 198128 242134 226665 231246 232584 226099 243799 221837 225950 225131 239070 219903 199073 224329 200576 220149 279157 227591 265082 237693 233469 219477 223239 243140 234256 227173 218478 212019 236315 219739 208105 207792 
253350 241771 245474 268279 235046 260853 263641 284575 278262 269991 271524 281959 268350 243864 272862 249134 271042 250340 243598 275944 259077 271687 255771 268489 228458 267770 280674 250328 311597 256946 276469 270871 289835 249882 258608 270358 264938 276206 241150 274824 258010 270421 233337 282338 236518 248076 268243 258959 229931 259264 246262 220309 263429 257795 286434 276516 249407 232761 287494 258121 239297 208668 248513 252208 272553 262676 216907 263118 239974 257134 262459 263628 261684 248036 262354 265116 254606 251286 300886 252907 247677 271668 219003 242943 311027 275724 304155 269288 249919 255290 260667 278981 273496 251408 225315 248275 249901 232407 245434 251643 
233451 204806 227236 242166 220200 244489 231293 253676 293001 214891 244316 250631 240436 221442 262461 208767 227072 240327 239119 235626 233893 252450 238203 256613 218374 248786 242477 227104 260755 228813 235495 254427 254337 247725 234426 237617 257259 252921 216367 247132 226097 245532 221285 245664 241933 238169 241071 247664 221482 229702 239853 186008 241418 222856 267322 243328 235274 196270 238011 221078 221252 194460 232542 227475 240236 239229 211831 250470 221040 243270 226506 244313 233549 219513 259296 241071 227476 228288 275106 223316 209339 233777 208120 217811 262190 238122 278570 256224 238287 211915 218897 246762 240798 237358 227507 218054 235002 211032 209033 219848 
261144 219739 238363 239949 219295 242636 250292 255476 275738 258986 249571 278931 267290 254320 271202 233080 249089 247366 258089 243222 259048 259939 257633 262395 225224 263648 255235 244010 294367 244422 248202 257037 264367 242958 245016 281005 254922 276928 219594 273713 257359 251055 229767 251890 226787 249300 259627 241552 213653 265684 257403 203946 258899 236456 285238 272223 247811 219237 283727 244226 249834 219028 241021 249272 257590 257229 195814 251944 227768 237256 240562 242674 244271 231351 257947 243541 242125 247110 264765 238808 214422 246618 229791 241736 291429 249452 282802 259930 242475 238351 230243 243052 253159 242034 222825 222062 248157 227238 238371 230334 
255106 240692 246463 260453 235807 265278 258906 260365 281748 256203 251269 282572 256086 236060 261722 239688 252182 238000 255338 241511 257436 270544 255777 254195 236275 265668 262311 253001 271437 249788 256445 276063 271693 246108 237075 274692 260329 266279 228812 269019 270118 254614 224595 259622 232050 249040 268072 272265 235866 242733 251580 203993 260426 246026 274243 267994 249975 208103 254994 246250 250954 222483 234381 237433 271091 256934 218634 258910 218948 257498 262129 254521 233475 240091 262783 247074 237286 247276 282964 245127 221781 252351 221595 255506 284858 243167 281236 259680 245142 252064 235985 271956 257823 252626 223651 234796 243634 241798 232590 233490 
228370 208729 208564 244708 212312 216884 237942 238622 245553 231304 239060 255499 222418 227448 255775 216790 228216 223710 224912 236529 232012 214842 232983 250848 203296 233678 240997 209275 253941 209424 223131 217398 237663 208734 225186 250168 238797 236835 213739 256057 231978 244536 200940 224761 217133 216720 234596 234876 214861 233887 252456 194809 230126 230841 271575 235033 224666 189209 235600 204442 240551 191683 200669 220941 236169 228005 189738 215869 233703 237054 220889 230773 217426 222219 241779 208724 231294 237215 247729 214390 192444 239740 198582 213608 272373 223140 253356 232193 214606 211144 214427 228786 233915 230497 205166 208133 235893 205643 224472 224258 
274961 237080 256048 276434 236992 262261 254042 276095 285903 244290 279418 282912 272471 240866 259389 251331 270339 245873 269339 257503 265901 258530 245883 281332 240373 264994 271892 249692 294314 253822 267284 256629 276875 255444 245323 269878 247697 272085 235799 271887 258400 264493 236670 264065 253083 247042 268877 272827 234615 260192 268546 211188 267998 254354 276844 270231 243860 213201 278598 246408 248299 214633 236926 252003 268667 266255 226554 263797 235132 251254 246215 250201 252242 247094 261243 243088 247867 246604 282054 254560 242189 270107 219733 239328 306283 258806 299467 258814 258271 246900 263689 258474 272297 261875 232045 236696 255503 240907 246343 228363 
254167 231374 249119 284638 239540 245757 258555 273957 277344 233965 267912 289569 265608 233845 265821 241923 244537 251848 267752 249432 279035 261270 270634 270661 225111 264289 263132 235701 298165 258010 261571 252197 277669 254195 240438 275771 257280 267418 224782 270432 248193 260955 217296 247667 266739 255689 276389 267991 242211 255319 260406 198131 268777 242128 266004 267856 263432 195259 257920 225740 237440 210992 241290 253534 261514 282300 232505 246478 239899 261441 252552 280502 250980 244286 255613 237810 240164 255251 277356 240602 197883 250461 211391 243787 302254 245194 293859 264168 243379 240035 249687 260944 260557 262449 237122 215301 252724 240957 251139 222353 
259979 217902 257210 279735 241242 245742 244041 266271 276213 242948 266773 280865 255161 239873 277823 247990 260651 251395 267834 257911 259857 260386 242333 266586 219688 281565 274584 254742 270405 247292 268755 247194 277965 247329 260665 268370 256561 258086 220071 290991 249440 249136 233851 254164 239793 240955 249480 252328 225804 255691 259936 216480 270098 248543 289936 266603 259792 218172 270830 238199 240869 213163 230248 261703 279624 263802 207773 256452 244914 260750 250041 261864 264657 253054 251693 238827 270888 250492 267073 237123 226712 265129 226998 234485 290360 274844 305961 262315 246058 258145 240373 253706 258249 255631 227929 227561 248723 235463 237983 254466 
262069 217041 254273 273533 218865 257896 242613 270627 268690 244858 253501 279489 264477 259686 259038 241060 245295 253745 279739 259095 280083 266332 238057 283377 232325 278955 265954 246617 268227 249350 253602 259593 268128 258080 250984 277352 244358 261387 206950 268219 264978 264906 215036 255161 243291 250712 262510 255111 217546 252340 269127 221600 265781 239658 277214 264439 258784 213926 269185 239837 236082 221114 225889 247465 273726 262380 206212 242965 232922 253601 251715 256146 237383 255806 246746 228193 259102 251345 262600 232482 209328 248038 202902 234649 288925 233979 288530 257310 258683 261831 239234 256225 251177 247125 236558 222890 253656 230432 245733 226138 
277215 240422 261174 279042 249950 246875 265629 287605 282319 266138 268708 281107 264759 259336 268411 228771 266546 262341 277056 268326 262374 272273 257014 272216 225933 265604 274919 249325 309610 259089 267292 252018 285654 265620 262129 272598 273891 266361 223154 275595 256136 264703 234510 271221 260539 250804 280544 282637 238379 258623 268003 226061 285030 258430 296377 263710 242213 210622 274936 250159 248593 211032 231871 259365 274220 252588 241233 253295 229755 258057 256224 256915 270331 262631 264550 262752 266012 261179 287010 235813 226876 273420 228875 238522 286398 261045 291378 275159 260781 251516 261964 269322 281909 249868 226151 219861 249569 248293 230552 240144 
255953 234965 243235 265784 221971 249471 235634 276303 274001 255214 250130 279733 251439 238748 252643 217680 248872 252144 252243 252880 263553 246344 234665 257220 233785 269772 262925 236505 291445 242888 252279 252979 270508 248509 241362 267933 258247 261622 229987 261580 259789 259681 233943 269207 240388 239356 260121 254852 236219 252277 243688 185832 259433 235247 278326 245051 244258 196325 265164 232519 221062 217649 241266 249511 257030 253244 205855 251538 234120 240430 250185 249948 256663 247731 265800 247120 238668 252438 269737 247143 211719 255977 211889 237613 293361 243243 289551 259983 241405 235877 236379 271811 259048 249054 227908 217709 225091 220758 237704 218555 
236208 208321 226277 242145 212777 224416 222490 243704 265662 232479 244393 257922 240115 223314 240471 212901 225908 225927 253876 233352 236502 245142 238148 253646 215038 238257 229566 230492 253030 233844 237018 226515 250226 227572 231968 256487 235514 250180 208293 257237 243684 235703 210652 227970 223841 248420 254274 247100 217265 250055 236721 199759 237841 224224 253612 261307 243773 199327 243054 219402 233792 199691 204574 233232 237488 221749 198392 238754 208061 225602 229900 235793 237191 222546 233855 229101 239008 233473 249866 223444 200779 251566 209997 217718 264481 231851 262622 240756 233402 234124 220662 241213 232666 225587 209141 200974 233660 220634 218040 215805 
254169 219528 244616 263679 233409 244496 249707 259905 276002 252859 257572 274555 246695 242315 279656 243681 258450 262517 241536 265863 257598 244873 244376 260876 223205 252742 252254 246343 276328 252339 249544 240186 277376 234087 243215 260521 253163 262820 229427 271312 255587 246083 229199 257806 249154 242978 267795 254029 223791 267351 268041 204323 267130 231793 291346 260874 247364 219643 272775 246614 243065 212070 228465 251504 248975 258854 199284 230482 235121 245978 238834 248550 241665 259790 262708 231283 269472 260017 270210 229626 218067 264560 215106 230744 292504 243984 289124 258179 264418 237689 236724 242733 260658 258262 218928 221372 255961 223100 238516 228934 
242158 208854 224117 236889 209267 219343 228420 235785 247282 221527 248772 239726 236430 215136 253440 218277 230460 240717 229071 244642 226731 238859 230932 234510 201447 251452 243129 229057 255746 236293 218479 236935 246122 234601 235558 250998 254027 242625 217410 256806 248490 229767 207435 225543 217927 221462 241081 234340 203526 242920 222192 180740 261748 227255 253609 246712 232588 205997 246143 232156 220859 183978 213484 230980 261055 241512 181974 237402 212357 225130 223123 242225 229848 231418 251059 219544 234036 237609 252283 225392 179586 228646 212420 211473 266671 231611 260234 228639 226215 209363 217572 238675 250879 232003 225498 207367 221972 216844 226456 218246 
241863 213757 239403 249702 213368 238930 245345 251722 262753 234281 236402 262271 242630 222269 253066 216690 249829 243216 255837 244539 237689 244261 228469 259664 212383 259749 245415 227066 264240 228438 216404 233510 251076 221528 221709 266821 240218 268656 214907 253749 247521 234604 213870 242882 230047 240102 247219 260795 218692 249003 232841 188669 241089 234385 265324 227379 226151 209172 255990 237144 233938 201261 214602 240931 257024 223560 199773 233445 198027 223865 246286 230831 241634 243014 251648 223482 236605 246930 247032 230283 202109 247099 214130 216872 264931 228324 280440 243210 237159 224428 212154 250828 234049 224980 212433 211113 212005 236859 224442 225403 
223102 202123 228171 244334 210800 232246 216664 243324 261560 221383 228264 252602 224542 219470 251971 212339 233344 231825 239882 225833 229595 239240 221138 235301 204367 244583 241532 227286 247451 214869 244321 229696 245098 222560 208358 232116 234811 232173 214511 240565 234815 237505 196949 229368 227089 229275 233387 231327 201436 226536 226948 196983 234125 208179 259084 233306 228502 199705 230259 220726 221569 196024 214276 227141 247349 229982 185799 223794 215570 238889 226993 230239 217407 229802 238371 216732 239258 218311 246896 221605 183687 228948 191670 216408 261772 227009 253123 228426 232263 220386 217572 226010 237855 224137 215724 186984 230418 210446 219384 218387 
234287 208381 239064 263708 210615 243103 245501 239600 267661 219419 264897 251249 249457 223507 263751 231578 249550 228218 246720 241216 248215 251638 234830 254084 200262 265043 246056 245497 263868 245452 249040 238735 259290 238934 236668 241420 227671 251389 215730 270326 233397 239494 223781 246371 225492 242615 242805 246335 221515 240430 242935 202473 239241 234438 264549 251820 239798 203869 259950 231013 224110 193490 225046 241553 251105 253798 207320 250582 221500 245381 228507 247451 250248 233161 246118 223198 234055 247303 271558 225965 214663 252148 202172 227180 270365 250663 295225 244170 231143 219240 225092 236809 246979 230944 209962 223040 228641 223840 229568 243568 
237656 211788 243778 257193 229780 235316 252293 252482 263247 223594 244995 265230 244509 219566 267096 235426 250794 251409 259259 243612 239367 249735 231180 249487 205461 260601 269679 241697 292478 240895 234054 233688 267134 224594 238440 260061 238248 257205 207892 268559 252112 257773 216899 245659 235473 244754 245561 240152 214514 234560 230291 195864 251255 241052 283028 241051 249560 195564 255609 221537 248226 206649 215140 231563 255208 238920 201382 243847 222638 247988 249045 249537 232930 236807 228721 225803 228503 252254 275298 210616 201600 237092 199298 229523 272034 254434 281339 249941 247517 236975 221267 248567 244527 247637 216762 219111 236259 221579 246416 234165 
245509 236133 271532 259227 229575 257951 248024 265739 258537 242699 267711 280845 250448 236218 270296 231682 250557 247679 247534 254447 254519 251609 265521 264809 211941 252466 262677 232861 278123 259655 256397 256973 286147 250301 254294 266882 243477 259109 231397 267636 248315 268949 225786 248012 240161 247480 259445 260490 236736 234972 249599 206008 262422 237096 284660 273502 254419 191895 256963 225781 254357 190815 245527 249320 261903 250413 214847 254878 232664 258559 249361 263210 249624 247173 239684 246962 235288 238034 275803 220953 219143 255999 208017 228278 292705 244702 286858 243027 229239 235348 235937 264423 250771 238432 224653 237697 237567 227467 245844 227130 
267147 223305 263783 266719 224821 247056 249349 261641 280178 231625 271371 278595 260946 221518 262941 237986 247636 250233 248789 247370 247462 265932 250248 263749 211475 254525 276762 237444 284815 253441 251047 251199 285958 245600 238292 264581 241957 257996 210247 266908 248667 262009 229498 263813 257070 242986 263323 262784 222172 250764 244180 202977 269299 241337 281236 275313 253638 207112 255527 235412 247473 196290 229381 249116 273294 256363 219071 260485 219009 257144 251581 263050 245511 252992 252414 237453 248888 257113 288880 224631 223782 262675 214255 231033 287711 255785 282877 258505 250555 247078 230548 252180 248330 249758 238675 236890 240302 236199 229027 225462 
244804 228728 249435 263788 215307 247821 240423 261475 265297 229542 234082 273107 254273 236390 254544 217794 239262 224356 250027 236700 252020 255853 241914 245410 208738 237735 255668 249248 274139 231918 250050 246111 243727 230469 218129 244078 240469 252798 204825 266795 242286 240231 203337 240443 207860 239488 242543 243755 211631 232938 236046 194846 246940 240151 273941 243281 236709 205433 232166 228264 220724 190280 215847 238979 233924 234939 207796 251180 220608 235081 252655 232868 246484 205391 227413 231476 236936 233486 254558 235507 207088 248829 209451 217907 274134 237580 288728 243874 229839 239964 220314 245082 228349 238719 213745 210602 229742 224830 224130 232665 
241018 205883 232827 250159 225750 226792 228422 244189 266090 236319 255744 255095 263267 233049 252122 219363 228928 245594 244388 250699 250540 245325 225450 257806 209274 270482 254332 223182 265662 226229 248319 246194 255030 250253 230608 251747 244962 247988 211350 261365 234123 247558 216567 236325 243292 223721 249961 243930 209728 252439 238845 188602 256831 231242 270163 253752 229909 204147 239536 236888 228834 207072 217092 247391 247432 234496 188641 237511 225025 233052 230151 242827 230841 243324 257202 229353 256681 230020 269913 248122 208004 228845 213264 209679 260814 233386 279051 247773 247844 234306 225827 239823 251791 217666 218341 204540 224846 215218 212389 213404 
254376 238681 273118 271740 237861 271635 254782 281664 286875 243722 262219 299605 262969 249935 270614 243900 272640 241929 242153 284377 273014 272803 254663 279888 246416 280793 271729 250735 281515 253112 267083 253037 283841 229929 256411 264603 254739 266731 234754 279062 258753 278605 244297 271908 247416 263927 281291 269342 227280 260130 263051 223526 258737 251275 296872 265906 264031 224618 269188 245291 251664 217660 239720 271408 272623 275506 215950 269037 234290 273250 256959 264307 259410 273483 268888 237825 271829 258191 292753 237627 243855 279078 230129 228230 293907 263878 303287 263606 258069 223291 235248 250157 263027 245374 247035 231173 247717 256989 242235 251245 
235761 220088 239199 242287 210519 234034 217433 242669 255405 230524 213906 268242 238758 228915 239818 206137 230544 222235 247681 222748 235506 229000 236584 245347 207134 230419 231827 208023 258641 225137 236309 224862 236125 237152 232671 240990 237672 226025 217132 261169 242798 236144 203109 226559 201675 221569 225188 257095 199728 218614 240234 193769 232795 210165 260646 241786 240603 176035 236345 206425 223534 198119 215541 229881 224223 232599 189318 213063 204836 228214 246962 231778 224627 210335 234134 237166 230045 223921 250651 199121 186493 223563 190121 224728 265727 222207 258895 232419 205095 229461 213336 249561 236758 221174 213404 209282 225605 217542 216387 219765 
263854 221244 248335 255968 236667 240471 261739 270007 274871 233401 267191 289335 259167 229663 268206 240947 259728 244578 244038 252589 257576 270205 231144 255186 240056 252993 264704 242657 288715 246846 268047 253392 271184 234772 265020 254098 251696 265161 227398 265620 253974 260537 225604 263991 243985 255781 263441 254308 233143 253302 251605 210632 259535 243974 276623 254341 250694 223031 282615 227423 242131 208529 227087 247413 261561 256348 215490 244010 226699 252836 238162 256840 250956 245673 254922 245489 251699 247439 275334 233467 238264 257421 216211 236416 299009 255728 270849 259613 246367 243202 229425 257799 275705 250387 231303 232868 261588 239590 247769 238481 
261117 222608 242587 254497 229634 258336 244724 270550 271729 248369 238280 273515 260926 238895 268933 237297 242530 228579 263141 234455 263073 260159 242083 256022 223899 254696 259038 247210 289053 244760 254138 238996 269403 232427 237513 258800 260985 270452 212490 276839 248274 247250 222047 234949 220835 239903 250660 250282 223560 252875 246987 194325 256144 235661 282020 251922 243548 194279 266285 232834 234687 217893 237869 250105 258154 252258 214232 242455 218877 251155 255029 247727 236883 234729 265717 232257 240981 247120 263884 227803 201550 256201 228012 238938 280457 244603 285534 255606 239493 240905 223830 244392 257733 252422 213880 228721 249922 228272 235898 240669 
281310 239253 274012 285408 245978 260216 275243 288566 285231 258833 279207 293993 283863 262683 284796 236121 271625 268392 280385 262052 282874 278443 278121 265411 244155 294248 287417 254315 296770 258283 278442 261846 281367 276544 261622 277470 282756 287865 244847 280984 278226 275076 250400 255526 273270 256783 272454 277026 241375 279651 276110 222318 293722 261315 282352 291178 273275 229687 296543 253433 265087 245596 245248 277339 302925 272688 236523 268122 246772 277890 265008 263556 283829 277055 281479 268922 273058 276968 294121 249754 224294 277365 230370 255834 309573 270646 314826 276270 270050 262186 254170 301520 277776 264549 253881 241347 259614 237677 264566 243960 
217071 199572 223991 230895 208754 220981 218206 240065 232739 210418 230068 251574 227114 207985 248015 214452 230263 219893 230622 220448 232576 235283 219287 241027 190459 231454 239263 215808 257600 218246 232247 226887 262251 221176 211299 243966 225198 239654 188872 242987 219969 222203 202312 227738 213798 221643 230617 225542 203952 215706 223266 179484 216053 205299 250905 234425 218902 191867 244854 202723 207743 186482 204385 222371 235832 229587 195336 222721 193842 237278 227227 242466 221802 223389 223636 216558 226095 221819 251704 210020 186540 214558 192299 210451 271608 225325 273016 226160 221876 216237 198517 229100 206798 219079 204170 191234 212655 207149 211475 214783 
244703 223118 238431 264959 227299 252623 256723 253654 282236 237559 247742 280789 252377 233130 258516 222243 241173 246640 258195 247981 252752 254241 246986 249897 224673 275789 260464 222012 281329 241216 260895 248636 271289 233706 247861 260100 268623 257442 233035 273865 255465 251294 238567 258550 244726 242007 250792 247899 235152 241826 249645 204147 256156 234256 265188 259835 243014 205178 265327 229266 243161 206321 233750 239289 256752 258181 215144 242157 232262 257661 236298 249148 248615 251838 247709 235151 247868 254950 269160 229010 227398 266079 218795 229391 271193 255035 290154 266638 230961 241547 243477 267304 254080 238595 228882 227318 240676 233056 232729 234825 
251508 228691 250004 271643 236332 254672 255610 261360 274690 240810 256599 277524 259737 231752 258813 215767 263087 241509 248807 252437 257137 245346 247540 247601 212303 252309 250197 242012 277934 243821 236139 247061 263080 229684 236381 249575 246018 243809 208850 272250 240293 266741 207708 236531 228853 225097 247336 264619 210861 245741 240665 198708 251891 217432 269009 247620 224465 203280 258876 238298 230533 201977 226632 250131 252508 242269 200601 240773 217047 225949 239235 231540 256604 252922 233250 228849 255260 247797 250374 240456 217277 251972 209845 219240 285060 250578 290000 227574 244486 230943 218308 237295 248524 232207 214667 209725 250440 229440 220181 240446 
243838 192472 216450 239564 202028 208542 223766 235537 263761 226882 250786 250200 252558 215823 228583 210709 231708 234139 237827 231474 230656 233845 206836 248524 202201 246092 241614 217768 243274 225507 212166 227422 234716 235958 233062 246788 233298 252422 201670 247099 226180 223228 207848 240829 224651 206051 237518 228566 215738 233137 239055 185338 242459 224279 242859 229623 229161 190234 233090 214812 215422 183194 200411 232002 239163 231094 193502 219915 202341 226083 225372 236054 235884 218647 231814 219447 232929 227478 242063 212358 185421 218261 203914 219927 263664 225203 270079 241115 221239 234634 223027 236314 232649 226737 210519 208990 214355 214041 207117 203813 
248619 227930 245189 257825 213431 243389 254401 266263 286130 248806 252341 261273 249231 228935 250819 223687 257358 232693 253198 243941 234897 255039 244618 249390 212138 255781 262463 245507 275077 230547 234552 233175 252200 233477 237838 255550 250337 255961 221947 260386 255539 257607 221366 248431 233866 228746 256089 256493 230945 249150 234923 206188 259486 240361 269096 243141 243962 208729 256953 234665 238987 210114 221823 237258 261858 251058 206489 247662 201076 237230 240430 234297 240201 236756 247654 222311 255223 247885 260974 226716 212571 258325 207132 242175 274409 264898 273038 245650 236718 226488 235556 250474 257633 234597 225625 221652 240303 234234 221498 225369 
250495 215680 246456 252239 230133 239158 228947 263513 273287 229903 237830 257171 229485 245443 242083 229823 243101 247004 256736 232673 238667 238115 223820 250467 211175 242588 265192 239329 264753 235737 242610 233781 260267 234283 241220 247927 243716 246202 210899 268467 244595 253169 209278 261603 223316 234530 245234 239957 198499 231462 244198 200128 250530 225529 273068 231366 242143 184358 243991 221160 224405 211820 229789 243836 257279 235945 203935 259740 221168 245469 240824 236923 241340 228460 239513 233786 236809 227409 272995 216981 200526 246712 197076 236203 275403 252333 276991 247142 232115 240717 239616 245289 250434 237819 207570 217866 236000 216861 227951 228365 
247803 226731 252934 266568 234107 256900 242711 260369 271388 229449 259973 267548 268057 251844 287630 235848 254859 242586 244696 252009 265217 263553 246567 271031 228142 243851 252955 242583 281600 254572 260937 269321 280027 232583 246059 249857 257522 257691 232470 260990 248301 254647 206478 242410 250451 258008 251978 253950 223546 243752 257152 217055 255896 234263 300275 245992 241981 192936 261496 222470 242276 194232 246891 252498 250187 252165 199597 246697 238123 250254 252047 263084 238599 236880 257408 234968 251971 234545 270690 216453 222200 241284 211890 242163 283660 255613 289737 246723 239957 236746 222842 265295 269589 259976 222363 224508 257071 222042 244639 239172 
249965 228972 244150 259812 236090 253095 264550 262982 268433 247576 259926 282055 246794 244446 268480 242128 250950 235808 258088 254322 260660 270354 260079 266063 228968 258061 262846 243026 283043 262416 262742 261626 268786 256068 260885 269579 266115 259588 239591 275615 252217 252262 229857 253228 257004 252837 274361 264131 230200 268302 250291 204486 267896 258514 277931 277549 254820 212459 271302 237287 254537 220678 239312 253350 245491 248174 218808 255088 227683 246456 244780 250261 246538 244339 262620 251028 264805 264910 274465 240897 221229 264928 222329 234158 283433 261827 276071 271221 245604 246251 247844 266988 266897 248136 238353 226464 253498 252371 234306 240743 
257010 218814 262012 277027 242614 272195 255009 279018 280663 242342 269109 278160 264228 242637 291661 243238 258520 247346 256185 258523 264861 278100 268873 272760 234775 279747 263996 250062 274488 257455 265112 263559 271998 267486 258303 267920 273141 265352 233996 289528 267631 259571 222119 245894 256157 258888 261905 253741 234470 260178 274492 205812 278175 244692 283491 268459 268805 212380 260941 235479 250515 222837 256091 264721 265292 269878 228853 264807 252011 276048 254043 275347 245691 241851 262157 248735 266391 255860 279762 238950 217782 246352 224821 246827 305351 259444 286990 268597 254097 255609 243690 262570 277148 267765 247322 238160 257576 236700 232612 254918 
274040 235527 271854 278386 224934 253513 242103 283705 278185 252854 256621 293130 260784 240514 257786 244688 248887 261663 273889 252810 260856 272154 251311 253588 220724 255443 281633 250654 292080 242608 260653 257152 268452 260010 242944 264868 251078 270154 221180 288535 254662 255252 229318 266273 254432 258178 268991 279739 231841 248842 251015 216061 254819 230826 287551 262241 257652 206990 265283 250587 235011 204476 223663 249858 258443 258419 212494 250391 223238 258047 259889 266447 257112 245293 251949 252450 244208 257894 285800 239063 222094 262065 208741 242023 301156 239923 318047 260519 253704 256799 234055 269564 250738 243961 222280 237323 237449 236797 248955 238091 
262542 225426 257011 257033 233418 242009 244558 259917 278558 237447 260743 282963 249971 244743 263742 232561 233330 247262 244905 246450 256696 275967 256160 251870 224573 243465 264319 243437 280680 238191 261180 248763 269355 244456 239237 260454 256562 262152 204346 273297 243261 251651 217481 254774 250382 242290 260694 244955 231421 266963 244525 211620 268386 239875 282659 259001 245026 209285 262929 229756 247687 203967 237474 265214 256274 259854 214891 243597 222677 255969 261490 266465 241768 239330 250066 232388 260939 236399 273013 234216 216501 245043 217993 230253 278987 250293 282599 265732 244454 239633 238015 254631 247882 235642 236086 231697 244172 238654 228546 227086 
257212 220938 252456 260347 213771 237009 251053 267117 254202 247748 259256 276317 253928 234920 272247 208698 250935 241733 242368 254947 254676 252148 249929 248696 209022 237336 249329 233176 290678 246530 250206 249620 259429 244827 243462 251671 226388 251950 220961 263856 246682 246580 219601 243377 239385 226558 248550 254844 226899 255823 231661 203948 256619 232313 268540 249568 239602 211182 258294 227008 230489 198070 233070 238274 253877 255996 197789 220436 209049 249230 244869 260135 250110 251702 245068 228786 245269 234352 273523 214686 196121 230238 215403 220419 294199 239739 287368 240566 232643 224576 227051 240460 242400 245302 242053 218393 239702 240004 225590 224059 
239041 210066 230148 225211 197506 222619 211240 232433 274799 212028 232143 258107 223908 212939 234934 205347 230702 222174 234081 217382 214500 210484 218988 242059 216173 218237 224519 221568 257370 214026 213277 224531 231821 205274 215662 236622 225281 235285 210080 240794 220332 227675 202368 232023 206636 222452 215594 243834 198082 215584 218292 195129 233330 216046 252779 213056 212384 184125 231656 215034 226458 189797 213686 233642 239814 219496 179215 213728 202553 218128 229825 221455 222788 218295 238598 216996 202379 212840 238843 211292 196126 223753 195708 215655 258351 218177 252213 227735 215206 206822 209076 232126 227424 221100 192011 206718 220530 206096 220545 203747 
240400 206648 220559 225247 204541 213642 220525 245897 240823 212580 228703 240757 221636 206146 227261 198386 221211 216019 235599 228191 231365 227278 219176 220291 201429 218348 238158 218225 262744 232988 222405 211048 235171 216864 225100 228085 215825 234708 184456 231085 222920 226431 200020 223615 217057 219682 233482 229634 185652 225704 215809 174357 227966 229471 250889 238060 212108 186576 231380 214528 212319 189723 199733 223382 217948 221565 186598 214870 188887 215114 216409 221156 219559 197067 227789 221438 206847 232418 254145 203217 178572 215215 187191 212726 271098 215285 241145 226266 221335 207036 204555 224679 231647 205852 213276 193063 216083 214813 204918 195117 
256468 237039 262645 264412 232278 252506 258431 272891 283572 259062 247695 290626 267720 237341 269702 231893 255364 250857 247578 269159 269587 274160 246932 276707 230422 255173 256634 251439 281363 276013 265962 255166 274366 242651 252231 255003 252448 272937 241577 273268 245272 268620 238638 255753 241026 246655 258180 262736 222609 256940 243462 213839 263321 236290 288594 270617 254712 217572 258533 247067 240825 219246 252175 260818 269557 253863 199628 239901 233143 249343 267993 257992 255111 253236 263414 260320 253412 241818 279321 236909 224540 259818 236159 232484 289826 257007 296899 253716 241524 238571 243968 246361 269683 240478 235015 230872 254460 245072 257557 243203 
253385 210235 259448 258479 225324 237293 240054 248386 256634 237220 261324 265992 274605 251449 252307 216311 235655 236782 257079 241861 255285 262634 243984 251855 223216 249361 253947 245565 278617 239049 251984 244839 252069 259190 244215 262867 243460 251140 206778 263824 244293 243355 212975 236653 243464 246451 256639 262013 220705 244786 245996 209708 262702 242812 269931 254886 242138 201082 262315 228307 236529 212774 230969 250069 247013 243483 198919 245987 220631 243418 250625 263213 243426 249576 245777 236428 224183 241099 273106 228542 207510 238865 205499 233370 287583 238992 285729 248008 231927 257546 225645 258195 245355 237363 229223 225949 228500 230079 241637 218729 
233016 220531 229885 237291 226130 236111 217642 241615 262730 228279 228586 259401 235942 228201 233699 207758 235651 241686 240898 231041 254411 256409 230768 237868 211764 243550 246109 220917 247496 233364 246938 234284 262371 241771 234066 237920 238662 230887 205221 260502 244266 243471 213807 231220 233764 229691 236219 265559 200878 228691 235267 190974 232402 207080 252080 238494 231332 187133 244480 212010 205875 191902 208404 232573 246841 257962 191338 228440 195962 215892 233432 237720 235109 227956 244036 226737 237652 229097 253999 212809 196864 227173 198427 228525 262051 230241 269632 236934 229536 222801 216207 255791 235666 222698 221459 208726 231228 210643 203522 221831 
244022 227678 230778 256912 223339 238551 259696 267972 261315 250562 261840 275243 263579 256250 264178 231071 253138 241619 243958 259721 265385 269385 241848 239175 231154 272310 257934 222057 296050 255086 257690 246087 289149 238871 259373 261531 274602 263011 235698 278964 253907 257928 225760 253994 240078 252037 265164 250888 223964 263506 255149 210656 253928 235252 278594 260746 249975 214174 277288 221445 234998 205429 227041 250122 254332 264655 217914 239928 227227 247419 247184 253029 246745 243456 265518 238798 253532 273994 274708 230437 200262 252968 216353 237691 287545 258362 284273 258967 247678 236506 235675 267473 254826 248932 240491 221259 251265 229431 231349 241067 
253623 218220 240575 251549 213811 251066 232242 259819 271366 236221 241391 274237 236687 245905 237157 239055 241331 233859 262642 238059 232158 252854 235830 257950 225069 255420 245443 231846 264678 244332 246669 242587 279151 241055 230773 251440 239246 252125 214018 263246 248577 246633 222964 263059 229335 245167 242780 246363 219733 246342 241766 202727 256695 210040 275351 249968 246885 198664 254884 232763 235200 205048 233656 242744 269316 243982 205345 227351 219758 241106 234074 233671 230577 239778 256626 232178 244931 253874 272194 226876 201665 260290 217657 219999 261594 236102 277205 260837 250225 237623 239814 247438 246428 228111 215824 227750 240922 217849 223927 222441 
236114 200730 238332 231910 221556 232651 246662 274557 259408 227783 250008 270346 247040 224516 256369 228105 238308 225006 249675 237402 266109 264022 242862 259213 221612 259614 233458 223450 270331 240636 254036 243225 272658 240290 239091 260396 251377 244224 209161 272435 242009 237851 230001 242754 241838 248288 246644 249081 218338 238440 252984 203224 250087 220850 271640 264895 251299 187287 256676 217115 234200 218533 225101 237627 242353 254865 221745 245160 222515 254185 227719 259668 235996 215823 246521 242597 231823 250112 263208 223396 205878 251986 216738 236164 274106 249421 281509 256072 237684 237829 236573 247973 239583 225573 225456 236699 236707 228077 232478 219661 
236326 215126 229499 251337 220731 244453 240353 252229 256079 243482 249999 266297 262993 232406 253801 209696 246350 238570 259364 233127 250429 249787 235621 243298 225025 268335 255299 231711 262853 221473 254562 245066 250587 233792 231854 267049 253783 256218 219169 281844 252051 241129 229334 228157 212582 227068 234957 264026 220946 252502 244671 201889 242214 232566 266332 255419 241815 206317 253901 228187 221864 197485 224167 235667 267076 262713 196286 247016 223164 252988 245552 242360 255391 231743 258238 231985 232172 248319 267860 230011 198044 242429 211660 241998 284565 246667 287150 237772 219801 230095 233451 264901 245463 232316 218443 222295 222005 230234 240718 234298 
252947 238394 279062 271655 236371 277131 266597 275283 297268 267580 270959 287932 279040 276017 274597 226092 263569 261545 280253 268039 272807 285062 272084 277367 240074 275843 275549 255239 286553 261287 272768 272215 284388 270094 247719 279308 263275 282931 233012 278847 264753 274263 246411 269453 249180 262945 273934 280322 241937 266815 249809 223394 288241 256573 289620 277967 259542 218346 262434 262005 259975 215514 256307 257654 278584 275538 219611 268703 228808 262787 291096 257796 259675 267242 274170 261871 261233 252460 298553 243147 233276 273179 230518 260654 304754 265515 318088 265293 250109 265371 250780 276703 258863 259589 241679 237085 251849 243693 246426 234197 
