100
247204 222255 229349 246178 235606 244947 212783 233458 242077 254453 246294 257889 245688 226367 223110 212161 217087 235954 223200 224966 239214 217766 224765 239268 242459 243505 246892 242865 212386 243706 218500 205323 235040 230947 220618 275834 252407 227173 256720 217561 236010 249196 263239 227401 240560 224684 225930 243768 231676 243938 272566 211598 225635 217175 242540 252440 227830 245280 250453 245707 220316 266487 265231 235863 271373 233103 246789 236469 237715 230164 245339 214209 225036 213058 239153 243848 239725 237986 274852 252545 248893 227295 236257 235262 230852 209560 223239 221303 218381 244760 218357 226884 208881 220919 242533 250101 228521 269081 259239 229475 
260931 257668 259292 265379 273394 245819 232938 240888 266757 273270 263492 288350 252553 244136 245224 246463 254175 262411 241394 258513 264385 223073 245958 271103 262461 243514 258843 252409 225154 249895 233125 235560 235754 273322 258597 295154 276800 245965 280264 241982 235580 245966 284887 260829 263146 236885 224582 280001 261224 272007 270355 211643 235311 253268 264992 258728 259811 272747 271396 250807 256975 289744 271158 257549 297311 253578 277521 241880 254822 231594 266456 256242 268584 256746 265048 253627 241464 256034 258204 264814 254838 243333 261114 271815 271479 243947 232843 250687 245320 256297 254938 246722 237817 230792 237300 268482 250736 302210 272873 215187 
263261 250111 262527 249607 242048 260779 248861 242222 262737 276966 265565 283112 260165 245565 234784 221801 254241 258209 260209 229388 275620 226940 251691 248770 250176 257353 242415 248258 236709 243276 258784 232206 241675 252583 228891 304593 272649 240586 283273 228575 231749 248511 286978 244837 248993 238414 228206 264734 244363 263874 285601 222710 267525 251446 285993 269689 253157 261186 276014 244399 247537 260800 275129 261559 257763 266116 263286 237600 260409 237202 263425 243569 267307 239812 259044 241549 262463 259417 279233 269128 257361 246673 264544 250564 258099 246950 237340 255563 212181 242486 242730 258583 230093 237210 249369 266430 253520 280361 250908 218852 
243093 241081 250553 265709 250785 261493 230387 245843 268046 274039 261498 276607 263393 248137 236940 232533 243850 240456 235254 249700 260902 234251 257588 258208 241470 266919 247803 241269 227456 241599 246923 233961 252279 249638 233763 286372 259442 230949 273902 229947 236584 262352 268689 255689 245207 249000 234819 251552 244498 252947 283272 207794 237962 248069 266796 256056 242866 257015 251321 245593 238727 270634 280242 252780 265161 261595 259631 233906 246621 221207 260137 252176 252416 244277 264293 249329 253564 247603 272048 262241 259368 232892 250074 262235 265382 238003 227916 244355 229105 255935 245913 252520 223564 238692 243274 271717 261425 271163 259665 220215 
241480 245770 243223 227929 230050 222841 218002 212860 234793 257350 233830 245897 232382 224188 217034 220809 232710 222870 224341 237539 251326 207117 226763 234955 240246 230250 241988 235202 193185 215009 212723 212940 235095 236860 214933 279644 244437 223910 239738 214251 223200 249829 265667 233419 220381 214318 206094 257000 224729 250016 248537 201463 216552 219912 249401 246236 221388 249546 242778 227986 221219 236349 255861 239021 246089 211785 225925 221812 234665 210994 245441 222774 230477 206237 235665 229742 218328 223484 247633 247107 233213 229097 232114 227893 239742 217926 221739 231218 213434 236864 230485 229201 205136 221912 214964 231664 243672 272608 252366 187199 
225248 225157 238186 221910 225556 220546 198603 215903 221212 253831 228955 251590 224958 221747 214442 213384 225895 240815 225765 226818 238006 201141 234886 215839 212553 238476 232041 205460 181872 194323 229000 208844 220801 232207 205309 267975 229670 212205 258092 206537 211068 226686 231595 219429 237677 223901 209009 234527 224506 242103 252674 194763 221615 211735 233265 228325 220704 234373 247846 224608 211320 232377 252331 241333 249585 227535 238407 203842 237198 209829 256204 228962 242943 221748 228692 220864 207315 230591 231054 237985 220058 215636 230381 244188 234870 205890 194614 218493 189955 226200 217465 235074 190617 216533 224949 229805 234168 252055 235312 201625 
251951 243963 263047 261116 247484 255194 233638 229347 266903 284136 258087 279724 246383 252168 243550 216693 239324 232704 239763 239224 268816 229444 256027 251673 245436 252871 271358 245466 234176 240953 262443 233771 237904 252929 240597 289215 274065 241426 281871 233038 238857 270753 282718 241576 245515 234000 227163 278993 243030 271020 275324 216220 263243 243381 272646 257644 249536 260682 267588 250839 244251 278535 281818 265392 294828 241882 269820 237149 258180 244446 273038 243299 260265 248394 263671 254121 229553 265038 277083 258614 260702 246056 255710 255586 250980 231280 233101 237688 255107 254837 240225 256504 207564 236247 251664 270188 262416 272486 254103 233296 
249981 254069 250876 236551 244215 234893 225781 233948 246228 266747 237711 269336 245661 232742 223381 221579 235195 249768 244003 232537 264514 219596 236464 239136 235462 256541 242476 253807 218337 238511 252759 222957 228367 233950 230395 297175 246695 237232 244724 222922 220256 250349 257392 231929 249992 215849 227077 255836 237992 245614 259454 200389 241448 212533 253237 252153 238960 245263 262107 250554 225668 252859 262269 242891 256494 220311 256032 220969 254797 241854 262407 236896 242882 239907 237704 233013 237524 237522 259886 258665 243823 232359 248487 235093 244829 251822 211734 244152 218445 231362 217338 222107 203198 217054 237067 261102 254956 281713 260372 213781 
243394 230803 230818 232070 240275 242562 221625 235231 239959 270710 224109 252444 229030 221246 223568 213329 224137 238827 238258 213757 248813 212775 228116 248482 224882 215018 233221 241934 207410 224964 222361 223285 216940 242572 200288 266603 249615 229300 252868 216050 218165 232123 265405 241941 245040 213312 202847 244818 220515 230274 258294 186204 228017 235724 249540 249026 236976 235286 264185 238355 227433 268415 254588 242045 256873 205090 262059 231501 228806 220346 247261 229863 222769 220552 229130 233796 216460 231898 247952 261171 235002 231130 242541 230435 233016 219101 221184 238910 228343 238413 231081 232342 215615 206544 215217 248202 220929 278481 235876 216581 
239587 232423 239521 257063 257416 247967 232916 231230 243479 269273 255281 270553 230374 224797 219260 238615 234876 222574 233450 241653 255692 220653 249651 250111 208792 243752 242753 234266 219783 232583 245758 218596 228368 256428 227484 269502 247659 214247 261945 218637 237939 227652 250159 232934 243167 240904 205769 255662 227314 248986 266061 214683 229851 232506 252225 248261 244599 234982 248711 242985 235695 247282 268877 240912 251209 235553 257316 233498 241026 209115 250293 249588 244602 228925 236318 230801 235199 237991 265401 246609 238206 222678 249906 253468 249365 224881 225401 227611 229908 264977 239011 245904 222738 223678 235481 265412 235380 273280 239973 199163 
247466 237134 223665 230326 234197 238392 217489 216746 245706 242006 219783 256705 227461 234964 236452 229440 236523 233725 223078 222357 241986 206809 233641 239453 227467 223532 245644 222240 212019 229269 221828 216514 222641 242589 243353 274575 246895 221277 262837 222211 228531 246016 264799 238924 231932 237077 216680 250907 241803 231458 250027 201338 235339 240273 252791 233336 227564 248359 252003 230676 220075 265883 261688 237728 244391 232952 248415 224361 227091 230212 240685 215925 250280 221862 236768 239755 219618 227251 263572 244024 242583 233033 242364 249671 245945 223430 212732 239582 230104 233816 233091 237292 212081 228561 223234 239166 235531 261663 238759 206180 
224489 219701 217067 220272 228596 210737 215405 216559 228208 242467 224200 252652 220497 212745 194490 214104 213774 220963 208227 217852 237373 190649 227656 216708 209639 228730 233067 212367 195920 202153 220719 202252 224623 227099 200471 259871 238397 212616 240519 209403 221669 215903 247644 214802 223393 210325 194586 246057 219103 239176 237335 184786 214039 216962 224321 242754 224440 243389 232022 225138 216826 243319 249630 230328 260369 216573 223705 205054 230174 210010 239598 224017 231220 200923 234962 215851 224946 211211 235239 225208 236518 202982 231204 221567 227530 206223 199255 225379 215142 228914 217530 228116 178626 202730 218784 232841 216830 252498 229930 199337 
268768 251350 254635 253198 251966 255533 220287 225101 255336 275259 244282 263222 260284 233882 235369 242147 229075 225226 242775 240299 254401 220792 251089 235257 240940 252867 255862 242421 226136 230968 234314 223841 231736 234568 238450 274627 261121 216050 256908 227092 241781 254778 266853 253126 240092 233951 216432 260713 230346 250457 266735 209948 251620 230242 259747 254454 247347 252030 259276 234218 229736 257108 268144 263397 263972 236185 247863 241140 260261 232750 256524 219379 242630 212737 239874 236186 244507 246654 269662 254118 230486 245133 255084 244675 262290 237005 227959 243586 224665 243275 246076 244581 205799 225064 234182 270769 252380 272047 261685 223428 
262721 270451 249545 268285 250038 255879 237636 245713 254389 277637 241780 269373 268949 245346 253508 230609 236553 236208 228271 237279 270459 229174 239657 239684 244443 241340 253409 241135 233963 238527 232822 218078 225018 255376 242270 281281 268218 217033 276001 241082 253445 249498 261521 249725 250655 233339 220114 258211 228303 260106 280177 217080 237864 247631 283780 267406 251245 252594 270011 244752 234162 251252 290123 261147 286603 256131 264817 241521 259329 257895 266999 238857 261810 233337 264058 248358 256354 258142 243979 271148 258523 221410 246493 255230 260538 231554 230837 245977 231344 256009 254592 248106 234732 230156 249025 267272 254578 275421 261033 208418 
216835 226248 216439 225759 211135 226969 227211 211561 235390 248417 234899 244589 252614 214372 223634 221139 211483 218912 226228 203346 248604 214451 228339 233067 229661 232834 232107 223219 197211 215402 234017 203397 227267 224591 213913 252961 252512 205051 253836 212411 225261 252464 251581 235825 218874 227199 197156 244137 235536 242691 255526 192154 229451 217861 235273 242917 229314 237816 251925 232175 207230 252392 245362 237760 254096 221491 241790 212860 233906 226463 247232 212738 237942 226414 236633 222744 224344 223787 243622 230634 231155 215971 224919 230915 242719 208567 197095 238392 213904 231781 237947 223098 208850 208349 246406 240312 233721 255598 246115 198980 
255087 240893 249094 238043 229272 242940 226883 223624 254947 253179 248228 256849 233221 230528 227494 240128 252958 238071 234947 235554 250397 220674 236439 251364 246205 231094 238108 234666 224139 234371 237250 244170 237792 239631 227798 280556 246729 220542 266809 228013 222914 256509 267097 253956 230040 240280 202918 251874 245392 245772 268322 211579 234523 242480 259395 238411 248970 239618 244535 247644 222301 261547 269587 247854 259699 239986 243024 215618 254975 232148 255413 235300 257315 234217 241635 239805 241947 256405 253278 247896 252514 240104 253437 235031 239605 231319 220602 243887 215858 232995 234092 248460 214480 220736 234559 245891 247167 276706 264361 194282 
258284 246039 243173 254771 237454 246955 243504 241991 265643 264453 264711 290454 249970 266922 241500 235380 231616 247533 245267 228627 274563 228150 249822 263657 249405 275054 267236 254990 234802 234914 249782 217440 231546 249765 239998 281361 266799 229257 280705 235147 243552 258409 275818 251096 257987 250108 228561 271569 243465 267290 268142 207201 248409 231486 268104 265651 265184 266063 254710 255576 240015 280842 273016 251432 283432 236567 269430 232332 275345 234355 276518 254458 270068 242470 272070 243407 245829 253877 273105 270550 257456 224643 251859 256491 262704 240697 227007 243846 245691 254038 235665 245222 203650 224081 254809 293162 265632 286041 255881 223241 
227641 221020 198340 206047 211502 211178 207295 192644 224848 240668 210793 241376 214033 206386 202612 217890 226224 202206 200912 210237 221379 185162 222428 232359 208210 204920 211172 210654 180410 203141 207080 203797 204531 211050 206117 250296 240762 189475 240963 207520 224491 220422 232798 224008 203557 215161 198393 231641 203685 230379 240588 185631 203619 188287 247226 223116 221723 214021 229018 221534 219088 223124 250020 216453 233249 210472 241623 192868 219250 197265 238461 200622 222562 202531 212163 223671 203605 210688 241122 217276 213335 207761 242121 221725 222250 201308 210411 225580 204918 220930 222088 223617 195724 214348 206315 240772 226708 229193 237548 180553 
196640 192953 201788 194464 205121 191944 187739 169584 188177 223125 192429 204277 203951 187916 182075 183816 186926 193356 195746 172271 205322 171385 190016 210813 183153 191769 187977 205296 178493 190610 203583 174557 168803 200861 168577 233693 198548 177528 218880 178842 188270 196313 207722 180790 180599 182618 170187 217197 194167 209724 213312 158055 185031 189801 204834 210706 208718 199111 203502 214207 191626 199792 209229 216881 228109 185085 213534 167593 194139 185635 219399 209309 204795 179420 199907 202826 189119 205317 199381 210149 189576 192490 196338 206414 194483 196319 174277 198286 184337 186638 192388 203090 191839 167717 195229 206305 193334 221106 207139 176531 
231657 221791 241922 233475 245154 240961 206232 213530 229762 240042 235604 249550 224646 212412 207836 222974 210182 234465 226957 208679 224088 201558 215197 224277 210625 232566 237188 212101 211160 216323 220400 209343 206556 219611 215127 244083 236935 199997 252230 223369 212401 239741 244117 232164 230633 219334 198096 233941 229697 228528 245173 191723 216898 230424 232343 230416 233737 218196 237252 231538 220016 256793 256237 234708 251790 215942 233484 224379 224165 213748 246935 221436 218861 217188 210519 226356 209089 226164 243427 255586 234912 228936 231422 227667 223410 210674 194743 223597 221964 231925 210093 223486 200037 207913 233889 232176 214038 262710 241352 213700 
270789 263182 250292 264923 228583 251879 251243 261996 266153 280416 262356 278917 267448 238237 248855 246099 241378 240169 241566 251191 278686 226049 253623 261630 249950 253685 253806 257451 227704 261115 243986 228766 253217 255122 226316 293243 275563 230352 271502 227876 236550 262659 273500 249184 262038 248133 225867 271221 241300 268843 281166 233497 237795 249118 289014 279218 256267 268239 256478 247077 233079 270427 259738 267414 277133 267167 256463 233985 271826 239329 282775 239322 266222 237913 270450 245234 268352 256452 267393 268721 266243 232979 265565 266626 270813 241355 236107 250368 230710 262459 253754 259137 214980 247502 265876 272152 283465 290217 249459 209805 
265350 263393 265579 259584 274387 266014 231994 252020 271670 273893 259808 287964 267820 248680 250891 244022 245514 266539 253414 248695 276878 220668 257060 253116 247511 267199 269534 235516 243032 244305 248631 235585 246696 265327 254642 280995 269601 232397 278624 242166 247798 276781 270655 261490 255165 245723 238626 273998 255383 275770 283623 227478 252737 272680 271128 270073 256700 261921 271494 259308 250524 280405 288124 267939 275494 264153 259597 242590 261434 243951 292645 268144 265240 258401 261712 260914 249743 257578 267795 259617 271915 234421 260156 256183 266745 246050 235857 255342 242750 263278 267606 254150 225009 230089 271646 270161 264129 291414 261133 232030 
254028 257512 246497 255376 249035 251415 220049 227004 242746 262925 245112 252844 249085 239283 222005 214632 235818 230611 243350 218831 252278 211913 228826 243554 240259 256232 259156 228730 214912 235713 225987 227714 224215 232632 210828 275952 259076 206648 253880 234406 233107 259654 255930 246298 223346 226954 235393 246294 223204 268972 276549 219882 228406 234750 259772 245441 236439 242952 251219 238912 239002 258097 266854 247954 263666 248229 249802 222956 245424 220272 262321 250366 248451 243292 237942 244363 239286 246112 259422 267109 238296 238283 248887 249772 241954 231042 217895 238813 230039 252273 232791 240281 200175 230413 249805 249504 270716 273703 259411 196855 
243875 267547 257993 265384 246390 259691 242509 254411 262388 278749 276651 297818 249950 270269 254770 241192 248516 266576 241246 253902 270182 229669 257420 264636 273886 259550 263949 258581 234901 248227 247382 235720 241290 271373 260362 277132 276621 249895 285945 257881 245270 266784 273102 258363 275185 262386 242442 274913 251030 255590 289389 227128 253041 256850 289351 273487 264583 274425 272257 257716 244705 284855 291962 263808 278345 267879 276747 237588 265851 246128 283980 244653 272323 228917 273236 247865 257397 258319 277491 277105 263485 235907 259438 266882 266408 242407 230849 264959 243574 255375 241855 258056 221182 244741 260798 276099 252746 291124 269614 227826 
224003 231695 232174 231677 218038 248100 224377 212265 239571 255075 245750 254642 241578 241760 230489 221443 228463 220475 214105 220833 242629 201106 221440 255131 247805 215683 237752 231413 219774 223865 235208 204804 225403 241151 217490 261152 249100 215198 270689 218096 219346 228436 245224 238777 229005 226074 204236 241396 223365 244126 269150 191282 231858 212705 260428 227377 224912 229222 249615 242258 212238 256349 260095 231115 254395 223376 262519 213171 231390 214237 257679 232376 241898 209966 246177 232341 239165 252591 241922 249155 237500 230454 240000 238686 228494 232610 218633 249000 212850 244477 227627 231525 216391 208922 236875 259160 224499 260361 241143 207208 
256876 253175 246475 258099 247035 252519 236496 236059 266710 278806 257474 257628 261643 236033 255359 240495 250641 248037 242819 226742 248743 237503 242945 276243 267644 247157 241824 238094 221225 236776 235421 230227 242574 249157 222323 289321 273143 217478 271036 232933 221445 274210 283068 264219 237559 240472 225676 270722 246904 252997 288696 206761 239818 247363 257935 270927 250023 269270 272981 245642 252611 271398 261626 252165 271511 235674 259947 225859 244962 240145 268460 228680 262980 239976 250715 259030 252257 255924 279946 262125 242616 238863 257584 253372 263895 241696 222541 245014 230375 257502 234562 243783 239084 237453 245742 261779 258530 274683 267010 217027 
242067 239681 243019 244747 238618 236117 228285 224384 252159 264183 247459 264727 240973 213913 215842 223292 222598 240499 238353 228537 253830 213974 249252 242425 232399 256317 261478 222685 219753 216623 221015 204773 225904 242063 236293 269188 261548 226282 258630 218629 216471 262402 249542 241916 233039 233006 224153 252088 231769 263993 260387 188827 234970 236570 250566 260655 229733 249102 255762 241555 227687 272487 263939 248306 275554 248444 232566 226832 251627 219639 264929 239163 246430 226219 237794 231711 236390 232292 251884 242697 254510 226544 250455 242521 256935 222217 212526 231991 230671 238323 239758 242309 209152 209277 243790 257253 228090 274788 235711 225352 
237378 230684 239561 242796 242139 227136 218677 230490 234200 254986 258903 256302 256299 227585 224463 211744 206235 234276 232769 220876 260195 218714 229751 235764 237965 246985 229229 240400 205213 227196 232047 212196 221864 243609 221877 262459 261100 232563 254077 230849 215712 241927 246605 237777 240050 211864 208611 242891 228625 234377 244923 190667 224982 229451 248737 239989 235073 243580 241597 229846 231228 253058 250534 237354 268727 236013 251927 205893 248655 221320 273198 220979 230563 226433 231463 227168 221448 226744 255155 243555 242048 225516 236191 236122 233689 224150 202672 219774 225345 246061 220559 225563 215527 202293 234521 257921 245268 262317 232976 212235 
238709 237525 232069 228203 233823 240729 225151 232495 227755 258347 231547 242515 243572 234832 220127 203829 212473 213459 219300 231148 248810 211326 227731 248041 242041 226397 243126 238161 206208 216768 222142 213240 230619 229562 217196 262799 243477 219218 241898 205376 213009 241672 270344 244557 227835 200846 196381 260756 231667 238331 248338 195704 233189 215399 249275 252020 230448 241090 239890 242772 215815 249278 246018 236530 261843 226552 231595 227928 235812 212315 254348 227037 229733 206520 254488 229854 219353 231920 251469 248824 252450 230912 222918 245793 232572 226002 213403 236922 239218 232467 233148 231133 213492 204087 216997 237128 246283 249611 248153 228606 
243965 239587 234852 232747 243855 220210 218427 214168 257964 249512 227662 256253 244799 226594 228953 221879 236927 226868 217960 227210 249328 196051 229608 252216 231019 240810 223162 228693 219765 224731 230888 214374 216164 235930 233306 273931 259899 212338 255419 220395 221817 239595 246245 241685 220662 217922 226926 242743 235552 240766 262744 183973 240999 225149 246290 234268 237288 249341 252411 220620 213932 249059 256346 235792 256922 232925 240161 201173 226908 217634 242136 218953 249719 223720 246922 226073 219292 237892 247440 229995 230000 213017 237527 231652 236084 234122 210672 230195 217713 204383 222746 225689 209537 219396 220815 258913 228846 245441 247319 204509 
247478 266881 268789 263354 262684 258172 246061 239688 265045 292507 272182 297813 265056 250770 257926 251478 260618 248684 239259 255567 270368 241338 257242 270786 262073 261213 269546 258270 237801 248903 263812 233851 253449 275188 254721 310696 270853 249534 280704 240352 249348 259304 281341 257571 247810 256290 243809 272772 262270 262891 284978 216171 255846 249112 271085 268480 261394 266933 269991 255067 257002 282071 284985 260887 287650 264440 280071 236026 262368 236502 267749 253809 280622 248599 268296 254130 259739 256392 273995 264958 249909 247903 261745 274719 258760 244066 234608 261460 238321 267559 261538 262120 251398 237221 246871 275502 251454 284195 276861 230652 
253727 247165 253682 255706 243863 250221 238241 238202 259697 288498 272737 276096 267534 236659 230515 235044 236718 235384 245782 230936 252320 221032 256555 238155 243590 255753 240568 252997 239357 234224 242031 226638 240247 249045 204722 285724 263013 219832 259038 230449 230606 227746 250898 231844 242129 221916 229692 262971 222033 259314 279780 209768 249442 220119 270370 259454 231951 261941 277691 244682 240002 265183 269539 266998 287836 240928 262229 226986 258783 242986 278705 241724 249258 226615 250336 241491 255732 255280 257581 254227 236480 240472 260305 248460 252489 248352 220083 252972 223293 265826 240652 245101 211484 228478 251888 254635 247205 279134 253198 229619 
267441 267567 257392 251287 254337 263446 245183 253697 276011 272219 249952 286203 258516 235161 248669 233326 260771 270941 250252 246689 269270 229930 260552 269205 248878 273568 274638 263811 226319 250426 260579 242528 244874 257479 253863 294026 278828 238659 266692 239803 248092 266183 270997 246924 255683 250241 231584 262813 256158 267741 272040 215366 240869 250385 273996 267989 254692 264263 275423 256137 250041 279550 281934 260705 282673 249462 279803 247637 270372 248269 287441 251067 282823 251492 262869 257669 241026 258803 257321 271673 256800 254694 247940 258070 283470 243258 218636 272899 242725 261659 250334 249704 224939 244695 253067 283987 264281 289578 271575 237275 
241321 228803 224551 233929 211785 231173 216025 229712 254699 262934 232540 250414 219643 224611 214883 215811 223789 219696 203775 227563 248574 209394 221636 244802 227089 217361 232016 237837 214987 251400 238160 223059 225514 232343 213140 267922 250882 215306 257160 205344 220309 232765 252515 223597 223267 210732 207866 246976 225314 223147 259124 206687 213824 229158 243314 236972 233678 220620 230150 234485 212634 258439 234251 242018 258470 239082 230725 211549 238981 211799 229840 223055 240853 211524 239064 236580 229536 235167 246487 258876 239540 215537 238546 231029 240498 219053 213420 233396 216396 234495 211634 228340 209861 215673 228312 237770 239405 253181 242059 197203 
247913 241101 232029 229910 227549 233837 217958 223401 245252 267323 240082 255265 222802 207661 210189 222608 228354 238047 244115 224959 255219 198457 233908 233536 212343 232325 234948 220465 204602 223800 232706 219689 213721 228404 217946 278863 258277 208812 241389 216924 216380 254482 244631 224688 227508 225043 213716 244568 227434 254628 255371 208410 223396 217626 250819 254223 249776 228938 248277 242426 220101 245376 242469 247216 255129 217665 262068 217488 240746 228616 259858 227391 235873 235461 231431 234354 214191 232916 241099 243231 231764 227067 244015 229606 241039 228763 215299 228710 235080 230682 236181 245207 196551 209125 231388 241048 252071 250196 246910 218614 
249988 235758 225779 237108 241306 233438 228605 231025 241397 256012 236742 286828 228637 215743 230271 232073 230812 250182 237695 233355 268578 211722 250106 249428 229301 240841 244913 228997 230280 231863 227351 202761 227322 247772 225878 274147 262364 211731 256412 240167 226131 250029 253491 248411 229550 221814 224049 248426 223711 260118 249984 203665 230496 225476 255956 257292 235806 239399 250738 235284 235642 264167 266279 234804 265597 253834 259513 233998 245619 234382 259502 245344 262248 232028 233873 237778 224148 235002 258824 253088 239956 221330 252631 239229 245933 223888 216473 251874 235900 239326 233448 231839 201938 236219 232049 256633 253780 258925 244119 226904 
260609 240257 224913 248905 231939 252327 229147 231673 248169 251442 257932 266947 223347 226917 205837 214241 234794 238502 245908 228755 247921 207202 232756 254021 229833 229480 234187 240706 228182 227097 242813 216991 230714 225687 231250 275353 259675 207303 254879 233219 218761 248940 260461 236856 226440 214720 210255 245467 231502 244202 252070 223707 218704 218656 249808 251689 245472 229097 241433 243078 223265 245999 251956 242238 247548 231051 240997 233172 228089 228572 243849 224277 240141 228686 234671 231083 245053 234811 265179 249595 236490 230741 233242 240672 230106 228697 227276 227520 224888 239755 219258 245223 208077 228545 242224 250469 235294 263096 250946 202942 
250848 226898 248307 249917 226854 252902 210757 218787 248629 250906 244661 249306 247199 225769 223969 232649 247290 231489 230093 231380 237828 224308 237980 228252 241893 250842 244330 226632 214930 222028 239393 226592 231789 242418 224224 272749 260274 203162 263069 226274 229655 252410 257150 245999 231581 239239 223798 247557 232483 244700 273093 215336 227719 235286 250164 247144 235275 244106 251913 245840 228520 255598 270575 251153 265679 235399 242575 233922 245688 228161 274407 230427 254750 228936 236748 240510 239397 250635 264286 246380 249251 236812 251942 233185 247629 216633 219143 242743 213717 237442 220809 238014 208696 236033 235562 264290 246881 262511 246970 213815 
251317 260997 243460 265782 234413 258374 233106 250283 249625 268311 253030 277222 260654 248855 237002 212074 244067 244420 234800 242329 265285 234017 243074 273598 263196 261671 254217 249637 222989 261097 246529 223549 248682 258823 229229 301976 259780 228759 277300 231917 239515 258132 282404 247947 243944 243046 240154 262926 258499 262519 278735 216775 240938 238086 272514 279397 252396 256330 254380 255356 236547 259798 256992 258267 260890 260345 270179 229776 248552 229916 257449 239651 271797 240041 255579 248037 254060 253028 265029 266523 250905 254985 249290 247368 256704 250322 222051 247602 209808 258385 245521 249382 226376 221343 244566 255964 263164 283943 265874 224987 
267791 260903 266243 284870 272442 265407 236260 242258 259894 281185 259214 285059 260369 232882 249576 243477 256979 242308 246016 228257 261603 248499 266016 265736 258559 247271 271808 258923 234954 256830 262200 242845 249567 259919 253170 305720 270069 229125 274764 257188 260799 268309 282733 252217 259295 245261 239443 274688 255608 264637 283336 224810 246170 252781 260671 271000 256370 260806 275225 260930 247661 280842 298056 269092 294217 249213 275586 244445 260120 258111 270201 251894 265785 252211 262527 273123 251159 257365 288183 287697 260137 243857 274732 256004 260931 234044 233256 257018 240920 266975 245744 260045 253472 241330 243126 274664 275136 271001 275813 218588 
253440 229321 242013 237037 231771 240654 213786 234591 258648 253334 238066 250972 247455 240221 246138 217564 243210 240107 227097 211743 246678 214099 221263 236873 249120 245713 263099 245640 216457 230656 245728 223807 229951 230724 228244 269463 264556 225227 258630 205293 212901 245421 282423 234651 235842 227982 213649 246210 251000 253644 268141 206341 241404 233857 256708 236720 242544 256084 265450 226418 236167 258152 254170 241401 264777 223580 239538 214970 247554 228971 252594 224054 246302 226673 263090 237833 221936 228531 269334 254283 246911 233840 230550 239076 247860 218130 211689 253184 226144 236103 227683 247001 216771 236706 235100 259782 246538 258264 242521 213407 
233073 240993 224263 238688 224987 237707 225012 228756 233440 263502 237324 262790 216240 235381 220719 221153 231251 238061 216844 209806 249208 213845 230013 239591 228106 241742 228448 231266 210289 226815 234149 207632 222906 217841 212286 272886 244853 212698 252285 215148 217038 230381 253366 219196 243859 220722 221467 242275 226276 242828 262494 196156 218658 209888 253153 253061 243058 220084 248986 243687 227525 242812 246154 240176 251507 239489 241366 221475 233786 225640 248136 224761 244793 229738 235106 220376 234169 237355 243624 249518 232321 216721 244112 231362 230643 223265 211035 235021 200206 232300 209292 218493 203306 211948 239311 242555 228820 263213 245674 205547 
229922 229593 214344 232843 210524 210820 213343 189620 226057 259953 223358 243394 235572 210543 215720 196371 221131 210235 207914 222528 234061 202238 229389 240091 227858 219239 237939 217912 181397 224054 210291 204368 227191 227639 203130 259069 245812 205315 234392 219687 209790 213875 237308 219919 214743 218870 204087 248965 225551 245805 241973 186619 222451 222012 242149 248104 206104 233493 229248 209849 210401 239961 239373 236341 243460 234659 231162 197095 237059 216535 242609 205605 232856 199676 234092 218270 222471 238439 242067 222815 220925 202195 221802 215897 242660 206714 194203 219562 201653 235308 234912 224256 195660 207249 223267 236247 245723 251835 233425 183471 
244169 240374 244580 245567 238517 242244 229350 242696 249269 271255 237659 273491 248626 228347 242836 226400 225060 249178 238262 218655 260856 217723 243180 253297 238198 254736 239534 240329 229023 215818 238716 228509 226745 249043 215451 273757 247677 213928 281231 213560 231674 261586 265738 242610 241541 243318 209996 249023 238833 239224 276940 199135 252761 235307 252958 253978 238877 248500 257544 236958 235461 261717 263888 243400 260833 234280 258692 219114 243110 237470 262860 249263 245490 231022 251279 253890 236313 244237 259522 256767 256054 228616 244648 254950 248936 221950 216596 235595 220470 255290 232777 253013 214703 220025 242178 255965 247398 265966 241769 216768 
237937 240221 243529 253552 234683 234919 238147 230417 256997 264976 258077 282833 245878 235833 232960 227978 230109 231458 243765 232269 268000 240320 241995 251262 224386 255523 257744 224806 225411 216067 234643 228718 233200 259511 233292 280765 266927 227687 272227 240071 234371 251835 264052 247074 244783 240199 216262 270156 248896 264759 287152 210524 252942 240515 256591 259211 249011 245036 255017 252346 237291 263726 272925 248876 261045 238061 270324 231386 267553 220432 268741 233868 251199 239440 239584 231327 233421 257397 258832 248560 240009 225940 238757 241593 247003 233631 234082 233283 236875 239784 245083 236033 210602 227784 251347 265103 239587 269165 247387 231507 
270693 263037 268569 261649 264236 261505 238546 236077 272848 287941 259111 287839 267942 244088 269848 256507 254700 272298 251908 245331 270035 225168 260516 249942 263234 262532 270514 240009 236058 243643 262465 243672 264126 268580 245969 288904 278300 231790 295660 245589 230061 264111 281584 265757 260616 246107 240077 264842 257465 266382 286182 200924 254421 251198 270441 255061 254941 263854 288532 266013 252110 293109 293673 260403 298105 249147 278330 242567 261954 255425 293435 255546 269587 250672 256340 264242 251480 267638 274000 284432 245368 264347 266930 272032 273796 250323 223859 277431 231436 271394 240649 247572 237514 246631 263893 284854 260398 276132 276813 240336 
234151 239656 238201 237697 243166 230811 218616 232162 244682 256502 235686 243395 235321 236782 238032 218492 241381 238613 237916 219139 242371 214854 214439 248679 231896 242532 244423 232603 206658 234179 234393 210699 218243 238555 212385 267586 246734 211087 249723 211709 208802 240114 261382 226562 243108 220395 210090 245583 232090 237778 264804 200430 221183 238016 244998 245797 241736 240472 257586 240190 234618 255440 266384 235980 255492 223298 245324 211504 245824 215655 250355 225344 241401 221650 244040 225393 236078 226824 233584 257664 237928 219043 230941 236003 243683 223619 206394 250504 209264 224628 218346 249575 230924 211490 239006 247109 229504 264641 234813 205529 
260721 261114 232981 240801 221638 253298 245090 237657 258218 260645 251205 269159 240438 241130 227613 230799 237260 245498 241699 230843 270765 206527 245396 262219 251173 241070 244370 251564 226702 251995 249004 225378 256784 247165 235047 283993 256174 237003 264940 239575 237392 248431 271678 240621 236934 236220 229111 262415 245216 257422 276626 215096 245686 237198 271990 257028 239729 249441 249739 259225 214411 259584 255932 238471 246172 243242 261462 215620 245499 230977 268068 247936 256429 243083 253416 249171 245083 255061 275050 248744 242788 246280 257519 262701 257451 242895 225762 249639 234495 264042 244508 230460 215704 226546 257839 261625 256586 276714 254390 221455 
243761 243765 232591 238922 229145 237895 239080 229709 257801 262266 258087 265106 234828 233434 227542 248616 231992 240346 237594 241990 248912 212023 239531 249356 236442 240956 244361 243711 212434 232943 240176 223748 240088 244008 213989 269023 250063 219525 256125 222910 226348 247946 251365 240960 247518 230474 210397 248277 237628 252958 254811 216301 225371 231996 267645 253273 247956 237027 244217 254496 224116 260299 272380 245720 248379 234733 245910 212317 249886 216698 270311 243915 244175 221332 246495 239294 246293 237022 260595 248687 245686 234453 246698 242822 239151 231435 214464 239894 241017 253173 240567 251364 214321 212040 238531 255315 252860 276789 256525 210568 
256380 248221 256683 252461 253750 240972 223217 233194 266139 257656 238345 250571 241484 235311 226893 222191 254565 236495 236447 227884 250839 219444 244874 245854 230942 229191 233027 244700 232584 236200 229110 222606 227251 226890 229556 287226 259118 216733 265457 228485 228809 251059 274806 240922 230468 227492 232313 250730 248628 245473 273031 208149 243938 236941 257749 237370 248307 255496 272887 233611 237890 252744 275592 245282 261818 247099 259798 243950 236975 226258 240915 230428 257124 244453 242170 234716 231404 253432 260436 247759 248094 238122 252209 244256 243030 243981 225200 250339 231151 230994 226004 242093 226975 232968 227365 248728 238634 249600 263664 197590 
249892 239453 226836 242084 239261 264923 222979 231864 250023 242697 243481 247302 246110 240173 227313 230082 228687 229057 234161 227430 252716 219844 238839 249058 247626 220836 240484 253889 232673 224741 215083 217558 224182 237012 238958 270268 266608 218601 257686 226072 232010 243527 259396 243965 245050 213015 216230 259514 238026 247044 270985 199148 228449 224022 254691 269686 235254 236806 260050 251011 220296 256227 259142 250802 257946 235174 255880 233755 249154 222602 256149 227493 239512 230118 261618 237279 242697 245179 261148 258717 251236 229850 235764 245444 257372 249417 219752 243176 230773 232316 225539 241291 224265 209842 237379 246067 239343 275876 250093 208778 
251715 242171 249555 251797 255985 238140 221558 232364 247438 276536 242166 277118 252094 231172 241470 222851 225670 239116 223855 240149 257237 221453 248544 248398 240927 254151 253372 241242 227067 231647 219178 219316 225201 258675 230372 278817 254156 225852 268161 230036 234838 254901 264195 244218 231555 239680 224276 253407 220343 240722 256297 209415 242354 230937 264132 244178 244570 256360 260454 231501 224155 267310 277431 258285 281627 230403 243824 234569 246094 222115 249771 232740 262867 214092 247179 236253 222851 243973 246646 263123 245309 223415 249789 232266 258467 239760 220372 242834 237609 247113 234215 248281 208967 235499 241903 255549 248554 261947 243364 207721 
265230 268057 262529 252704 254901 260192 250691 246880 262605 279439 252327 267406 258623 251294 239294 236102 251047 254361 240993 237635 266182 231075 222580 267429 258909 250863 267722 253313 226149 251252 242095 244932 249077 249528 234804 306216 273365 241013 278398 231317 258458 270400 297517 258031 253806 238456 233427 271326 239052 270750 293269 213243 244778 255740 280157 264348 244796 255018 275423 249320 237388 282157 278087 269454 271949 243161 265497 227494 262534 238157 265267 251885 260424 250857 278616 262077 257705 268566 268255 282266 261916 257813 261183 262953 243082 248889 239966 251250 237957 261500 246585 247614 234048 235427 245899 268045 261254 293684 267463 219881 
234565 230366 231107 225501 228599 227810 195247 205370 238933 257289 213458 248840 237133 216453 210918 209809 216317 195151 208269 229753 227159 205413 228426 231891 230412 229220 237647 225650 194170 213543 210053 199195 220836 221749 200790 259458 234576 202112 235778 203992 209700 209874 244317 225249 212665 202864 195881 240841 202026 227594 227081 178901 220993 214753 217253 229653 214070 234196 226591 211554 205885 243468 242943 232094 262987 222332 229168 208003 233754 200043 237189 203440 229086 211270 226628 212208 220544 221689 228103 228079 205266 207344 236526 228378 252236 217923 187050 224559 205961 231001 222292 220568 188142 203534 206752 235213 235158 258139 235132 187345 
250641 262278 259252 267747 261513 269030 262653 252062 272271 292846 282361 293353 268769 260679 243701 252908 258787 258052 259704 250399 259923 250145 257932 292429 253432 272493 274328 262829 253979 264406 249673 243899 240455 262379 234468 311445 281811 243342 294650 260569 244813 272366 286433 262146 264404 270047 240720 283154 254918 287811 298261 215159 261414 243563 277851 281181 264228 267476 269866 268197 251888 304507 294861 273506 296307 260394 295947 238254 279408 255074 270506 262715 271715 244450 284106 261477 260250 279667 279764 284758 266905 249995 263038 264563 269379 261690 232673 265326 265083 271955 264586 274307 230615 241869 267173 285694 274823 305868 279574 249577 
252216 242502 253352 267090 248625 248632 239000 248435 255943 276269 268245 265233 254225 238933 225491 234187 230632 242839 250881 243598 266172 224183 253816 248632 239061 255039 247453 249148 227880 236136 244336 226227 245143 237529 221077 278055 262647 227155 271648 228478 234481 272165 256357 233672 239440 222215 227863 252395 238294 257909 272249 201933 237589 248621 255822 250375 242785 251664 257345 254760 243193 266380 285834 269878 277117 252205 241153 230997 242490 225801 276573 261489 243369 231046 251837 244831 252351 248527 274412 261522 252948 224878 257004 245810 250737 232021 223663 249827 233016 257879 232487 253740 215132 227201 247566 269546 249740 270056 255981 223527 
269717 283024 265050 270850 255913 274038 253552 250102 288212 289500 268932 303098 266031 265040 251538 241987 269019 259463 266591 254985 268484 245884 280509 277726 251773 281450 281558 255162 245820 250255 265561 244773 252164 266326 231056 319990 281844 242888 284586 257110 244569 274442 285409 261279 268283 274264 244139 278451 269522 278190 304771 237018 264330 258864 287820 275560 257932 264175 282248 271255 246320 298389 290324 278549 282469 266716 277197 250835 275370 244920 287990 253984 279458 244643 264125 261468 259093 284304 285094 278482 268309 255263 268018 267636 270491 249981 227697 277943 257267 270781 255037 277627 232678 256645 292898 282494 280910 297121 275648 242382 
271017 260119 262407 241762 251482 258020 233803 236399 267679 263693 252708 264327 262551 236066 251920 235515 244999 259874 251266 236816 256116 220767 255214 247351 245082 255482 258321 258540 243019 244521 246144 225802 242906 253453 239976 286431 266821 238094 281316 232797 232361 264226 262501 258005 230665 249548 224241 271533 245719 269425 271748 211108 256864 241202 261329 262361 262972 249582 265750 259181 238760 268922 286660 257096 276464 238284 267597 228383 256618 234793 280094 236112 241016 235004 246002 252411 246011 246240 279850 266213 236008 242570 253667 248545 264659 249762 220156 260512 228908 240295 240021 257120 223148 241607 250379 282437 249320 275694 276753 225376 
249641 239858 230789 218275 222062 239439 200205 225592 247795 237927 233925 259194 239152 246508 238159 215779 224278 232584 226742 225653 246581 203319 240742 224882 232501 231162 248548 228709 231086 211374 223675 213862 224459 238375 229031 279534 254243 228498 248275 213724 205601 232468 263467 234982 233703 217629 201485 246810 245375 237422 259735 215210 232177 221258 253673 230748 245131 232826 258076 235383 224735 247951 249602 245592 255467 231475 235464 238640 254305 216969 242898 230412 254235 216545 241150 230335 216356 239249 254801 261159 223405 225518 234603 235140 254934 227235 203099 240297 229647 216328 228080 237412 205850 209441 232286 244436 244588 268809 247726 223208 
253276 245334 243040 237420 228477 236847 234745 216018 259846 252673 247567 263608 240461 226910 233884 217641 243296 235478 239211 220064 256933 222857 241408 255948 247656 240773 263938 232462 217578 224732 227220 212547 240996 232486 229793 286111 263900 217084 250691 233538 221005 269791 258733 242678 226542 239990 213184 255041 245023 264559 262276 215058 226829 227765 263341 247686 248383 257291 250931 248672 232901 266846 261112 254295 268276 237762 249941 233720 245334 217067 269653 232181 257912 229062 239858 235121 233901 254413 265261 234260 253038 230857 234342 246949 241814 239845 217347 239820 243362 239650 231540 235418 202686 240430 239297 264237 249412 256084 245867 212280 
249230 239841 233390 241762 231841 238779 229251 230675 239124 265242 237062 256973 228376 233059 222006 222540 231540 247503 220954 214747 247580 211811 234862 238810 231929 265971 262350 243634 223188 229374 235508 225117 216211 229827 212603 263689 257611 216991 254333 210466 241278 258291 258490 209732 235673 250956 226837 241521 231979 261305 263284 214141 235306 217439 261646 269000 253904 238374 248405 253122 225534 263804 256137 265741 271052 223155 244698 219151 243027 214927 261260 234425 252595 226123 257968 227082 230196 241708 249411 251679 237634 223251 236721 249886 237632 213007 209423 242163 225769 228940 228932 250186 187370 221585 242993 256833 230036 259025 248557 226403 
219840 238147 243765 220488 241040 221251 202000 218799 249715 259128 235188 269316 223425 221847 232535 215358 228866 229571 224781 218707 249146 191508 237722 225659 230412 229256 230436 224379 207723 220257 235981 209272 211983 222516 217357 259432 229272 214174 237142 197460 186239 224805 248992 225297 212306 203671 201898 247620 222272 227130 238944 191913 228509 213187 234882 226718 227187 232110 244105 227114 229448 243493 245332 218511 246649 234791 232662 202758 229793 188898 242063 226319 241308 223763 219547 229913 205822 213605 246387 240194 211799 214027 239634 250202 235074 218612 192201 237642 204101 215965 206482 223631 210310 217759 233370 233727 241143 241795 234673 205565 
248398 244788 228334 248783 240425 252278 219601 238849 262370 273403 259483 270425 247551 247950 234723 232783 238448 234746 229996 247335 253136 224753 258990 261753 243218 230590 237216 248139 237646 243448 236994 232757 254425 233607 234780 286978 258325 239696 254896 225488 235748 260381 282589 243905 239328 227790 224463 248609 241454 239611 270255 210118 237283 237100 265278 247225 245953 248608 254061 234919 230719 273065 265005 264351 257663 248078 244906 230802 249616 215106 247808 232447 252705 219476 263059 236206 249547 244625 261860 264391 243351 231768 253180 234637 252492 232449 228498 257521 228066 248046 249246 252471 219733 208643 232096 260047 248074 277858 261228 207353 
231182 234889 210259 232982 218311 218475 203146 207397 227169 252220 229651 245459 223136 193210 211242 223276 215573 216953 208680 209254 228594 207005 226760 247304 234820 224254 224557 222605 199789 219775 202585 213547 219806 231830 206039 262589 241785 209479 240582 207330 211594 226840 227120 218025 223033 220743 206063 231006 211363 233795 245488 185140 217964 217246 226072 230606 220616 233824 229751 212906 202873 249748 241885 223637 246964 216706 227285 199729 216504 204860 235256 208814 230964 201590 236040 222338 216420 236628 233364 237546 220778 205696 221394 230151 226878 214029 205050 214296 208666 230354 220059 230491 196664 200393 208007 228576 223657 255739 234170 179897 
237207 237090 236995 233656 229368 231095 214419 229552 244656 256037 241739 263545 220044 232705 206697 218456 225615 230398 236088 232149 238696 201127 226647 232333 229882 235495 244666 230574 217268 204639 227122 215472 221669 228628 203856 254437 235521 218349 254416 204490 221870 219018 255438 222960 218459 213564 213824 237896 224118 236931 249723 198272 232402 231137 228558 231911 218548 242168 238090 215142 224079 250244 261815 226146 247854 229655 226948 203823 219618 199506 231109 241760 236336 213870 252677 226998 215549 219285 245799 243463 221757 210371 220515 252899 238463 204630 196854 231418 212897 222232 212075 242382 190439 210405 215759 236552 225743 256968 233872 200895 
239031 223391 227103 231411 218702 224953 204267 226894 223877 260293 226833 252668 236415 233506 212583 202185 211588 228518 216952 210014 249698 206765 213814 230820 240528 233043 246794 229127 203324 208087 223027 203495 206600 232581 208040 261434 249812 213152 246855 211409 213186 227118 253034 231175 222178 206164 191476 248833 223098 231202 254013 203197 227402 228983 243739 234704 238900 235939 240231 228834 218113 241586 245840 227379 265759 217575 230874 211751 252736 214810 238040 222256 232023 218608 243428 231805 220000 224407 243451 237297 228646 211664 231686 237474 230520 210318 209831 218093 214706 217029 216556 231496 191531 204889 216752 251861 230816 257395 234284 208999 
250466 250743 254422 259824 240587 246258 230691 244022 259177 259921 244431 273394 248914 234885 236024 230331 239940 244665 238006 237952 251004 215508 231003 256531 256728 260736 241976 255928 223899 248796 243145 234966 247562 247412 226583 278850 247751 237208 284820 227194 239677 246670 261265 242759 238758 243012 238645 263204 235570 256214 283646 202385 261750 254400 265065 264756 241041 255087 269921 242989 226553 259642 269225 246033 269574 250266 263531 219395 232852 237186 266420 247161 256721 246339 271569 249858 242112 252824 264176 247794 254939 237930 246719 252382 240635 247570 226935 252553 217321 246413 223471 237209 217363 231468 245141 258105 249064 273647 248164 225662 
237243 232767 224038 239391 236517 236129 207900 208134 245328 245770 232675 250328 235157 220383 216649 220022 224151 209785 224739 225008 231130 200068 224965 237725 221271 229461 241566 212160 213012 209996 223205 195162 217116 229664 226081 259490 245111 199007 252032 216640 212954 234047 237124 238993 206413 218290 212910 239849 216641 227554 247675 192662 226409 224160 233905 231364 211239 232400 235487 220026 214347 229346 254168 223811 242426 241749 217791 216421 225911 194804 245660 215704 234808 208812 232703 224789 224968 227523 256228 238379 216703 208556 235414 246205 229584 213501 195467 219668 210916 227653 214917 231370 210505 228017 226065 249673 240090 242382 229451 186899 
250745 243584 266595 257656 235267 237536 216108 241838 266609 263378 257791 267070 250921 236663 236258 237572 246305 241728 215894 231413 236764 215056 235220 235891 267020 253406 252044 230527 232316 237514 230527 227536 239192 257862 225365 283768 274724 235681 289593 220341 222619 252831 286214 236558 240034 231820 215506 257993 237418 250409 280776 221051 240346 235385 264652 239286 235961 262854 276365 252446 243106 270114 270881 254008 288067 232019 238099 234743 245128 223783 251762 229650 254299 228487 257348 251443 217147 238346 266454 254091 247159 246506 250029 249913 256850 228071 211016 245419 234580 248299 229375 245302 222176 224832 243456 247534 241201 254709 252073 222516 
254205 243395 230346 232252 229293 245608 223097 216763 262624 260430 246216 271342 240640 219191 235021 242436 226660 236570 233586 228238 249599 212465 236807 247740 233886 245044 244565 227484 226854 227399 221930 212588 229634 242317 220533 271958 256981 209593 262894 217239 223251 246421 253117 244073 232758 233366 204871 250517 227762 254350 264746 214201 233518 235677 250786 241782 230692 242505 247908 221368 214891 259813 242413 236079 266494 229516 240274 229809 235873 226800 254437 226143 250964 229291 241786 240271 235009 250837 234808 248817 237218 212941 238630 249356 251889 227909 223533 231892 222230 244470 244120 232765 193786 222314 227036 251962 234334 271944 240909 206227 
234097 225963 226356 225518 226541 231568 208260 215990 250149 246199 243305 257064 229933 230431 210206 220865 236499 243391 214194 222994 238523 189689 233524 238709 226376 238827 224901 214924 215722 233971 233895 218445 214217 234292 227203 259893 241195 212550 270909 207968 211001 236332 248827 230470 228050 238844 216975 241898 238509 238713 255991 204904 230484 230791 265328 231461 231575 226711 254168 221187 215762 250905 249032 231132 246899 238658 240515 198531 230042 211066 232374 216009 246893 226551 243512 233293 220231 216470 242379 234192 239440 213665 239300 241904 244545 221690 194942 231031 211200 222899 237788 254531 204863 214853 235725 234854 234452 252640 227723 194792 
282072 282538 284967 287484 263150 275229 251395 263871 283853 296036 285725 294298 276226 261772 253918 259218 271192 269350 266829 265100 297885 254707 273796 271515 270450 277823 278369 270184 253132 255884 269618 260282 281796 270703 250500 313187 277226 248548 302688 257430 250392 285483 303773 263973 271449 259421 252175 296601 273602 294706 300947 236610 260275 261231 288216 285979 273315 285545 271122 278786 254096 293573 308243 273489 299696 268482 283436 250204 283828 256796 298670 279915 292159 272074 290965 274604 267710 281136 284193 285997 286647 268379 279087 281334 277153 265277 253535 281350 257518 279993 257853 270556 236497 253437 277046 289983 300528 308430 286445 239449 
251979 236852 247111 236274 246396 255672 236842 241256 248623 259504 261960 270287 251626 247380 225339 231875 253283 258526 236094 233824 263104 214347 238468 260944 236552 253403 239373 221596 224642 226369 255758 235222 224728 247270 233282 279657 265018 224931 289099 224476 203222 235532 269962 252851 246738 241660 209308 255467 233838 257883 280506 199029 246694 231062 265451 250575 261364 248938 256816 256535 233833 250705 247858 257031 259579 246231 259724 211843 238146 218421 273585 243808 264324 237308 248829 226371 229537 237903 266702 253099 243814 237890 252789 257019 256285 245224 215530 243996 230530 245265 228973 239699 214674 236921 246925 264019 245046 263194 242583 219055 
226459 235733 236570 216078 239647 227919 182299 222083 228793 254803 218478 251137 229997 230056 216923 212700 230698 227961 208809 220495 237172 188596 223789 222879 242197 221860 242363 196656 195349 212212 227341 206708 220413 220555 206763 248641 236133 202612 233705 202862 201970 230370 259410 230205 226050 212918 212165 237005 220070 227725 249573 204076 225899 228003 222357 238970 215778 253542 222565 218454 202769 249132 235238 234126 248398 221643 221755 198849 229620 208961 248645 226674 246683 213660 245376 229578 206646 231970 227117 243644 225934 214280 237764 240949 239983 203089 194691 227340 204725 227734 213853 219330 187418 210290 229851 222907 242332 247139 230441 203349 
258350 239940 238527 239387 238446 252724 236548 222909 253194 274258 252515 277979 262590 239841 237713 235915 230222 249689 244366 246346 257970 219764 255277 253561 241801 243540 252230 250391 210701 247984 244240 213629 235249 251658 231138 281558 267471 232512 260264 237903 226985 256278 257224 241783 251275 229531 224938 268653 240697 264831 264904 230758 235640 232585 274270 247647 256889 249362 262270 255388 228873 259393 260992 258605 264480 243626 253338 247338 255186 231399 285982 230559 264778 220731 241756 243232 229442 266893 263354 255932 249728 233934 250331 240221 261383 231145 236227 251424 232103 245827 250577 237243 202079 231072 259885 276484 268941 282885 265888 220402 
267062 252045 240586 259180 247395 257683 233581 239831 266274 279149 253623 275807 260813 263393 241341 244650 256173 243758 246880 252177 267373 227147 257319 267581 246344 238533 253408 240201 236506 243580 249357 232127 254524 253340 236698 293856 282332 237790 298066 247091 228944 248336 279600 272411 252242 236691 213421 266000 247943 266377 285941 211479 252067 254946 264741 255943 258736 253846 259881 261714 235680 272421 279086 260922 275165 255716 260939 237446 264997 235767 267627 240236 255220 227891 260651 253629 237519 257833 285550 266607 241225 239011 272785 248328 269722 246535 231093 268374 247194 249363 250727 251895 232664 238548 244830 286560 252099 287346 270362 225655 
282364 277503 272728 285704 267458 275547 254128 258443 292912 284915 276464 298780 256778 256584 246834 256520 268783 245026 269321 245702 272202 247681 266598 279802 260091 263705 268211 261574 247433 249226 273617 243316 263492 273608 258602 304846 280229 234582 289377 265705 259214 278169 290064 271472 269721 257019 245198 274082 266121 271872 288271 235280 250884 264627 285746 276024 266343 270787 282573 254196 245630 280394 294457 258197 288115 271949 276936 248195 271487 262694 265080 258338 271553 256344 277998 266704 274433 275204 290788 283503 265922 254113 273800 274569 280524 245955 242105 259787 247087 266247 251528 264296 248219 262796 257409 286592 283632 278794 272013 217043 
259271 254501 240691 247894 231743 243662 233387 244345 269946 260170 260424 276011 232074 240729 232487 236823 250221 243837 241887 234405 266629 217401 238665 266444 241706 248938 259293 251048 230215 240088 256388 245497 247532 236827 235326 292953 262516 224204 265689 224978 235725 252339 271686 251103 243572 246945 227976 249978 263525 253644 285933 220268 250830 235182 260611 244587 257049 256755 248125 247724 227132 263109 272024 254715 263858 249097 253909 222343 252863 230079 263975 251304 257060 238824 249307 250250 240445 251473 275179 272900 254528 238542 254270 252900 247261 234677 216504 241532 236250 257814 236495 249610 218359 233973 249195 264843 267186 273292 262012 212999 
237560 234565 258060 234085 251747 235445 207573 234539 253511 251923 248845 259740 247866 227290 218924 222996 237966 235279 225217 233325 251480 207896 234495 242865 228692 241992 251200 235135 216523 231920 238292 224889 228138 245971 232348 267976 246308 213541 255921 224335 221040 248158 257153 240067 233363 237615 211201 253939 230149 238195 256370 212366 233275 242983 245753 245946 245768 241587 244449 252357 211203 257290 276341 239080 267846 236771 256841 215452 234245 228569 265863 244841 247436 243386 236848 239991 233591 243533 246988 241601 252093 228196 246506 240504 246272 224295 217372 227013 237779 246328 226435 241847 212254 212682 247562 247840 242276 269674 244347 225564 
266989 251458 249918 261014 246032 250277 234065 243688 255760 289924 262740 266244 253355 241721 228691 234664 244181 245143 255145 242470 253766 222537 262648 261514 236043 249154 245191 245987 232065 241931 226625 223699 242954 242117 224935 290516 254945 232210 264982 239239 236552 243159 262312 232418 256175 250902 226837 256288 243505 251226 281551 232790 247668 232330 266395 255709 247092 259822 257486 249168 224216 257517 261419 252980 274969 250679 259332 241339 241449 230282 265408 238805 253644 230490 256847 231931 252686 272299 265178 260411 243552 223780 261932 261010 267701 233052 233350 263258 232140 243113 238728 247219 211243 238906 249637 268050 254186 274780 260008 222630 
245934 246493 250189 244922 246516 250523 226756 215962 251843 269162 231045 268221 249381 235068 247874 222497 248165 230631 222957 249097 243189 218236 235156 251018 246290 221439 254616 240897 221794 232665 237622 223415 231672 240168 239835 285659 252671 215784 255841 220671 229185 247278 276137 249260 239790 228222 217493 270085 241540 255716 270339 204046 235422 229186 250702 263844 235445 242871 255661 245665 219990 265483 270914 250581 258069 230222 259032 226147 252019 230632 254735 232297 237915 226418 256888 260176 231327 247751 272636 263640 235926 237407 254182 248734 248511 228788 219034 243075 226469 248145 238219 233105 230285 223042 236815 254425 247377 282216 274069 226598 
248547 252712 250978 253780 236351 242349 234998 245762 253023 261700 248396 266878 239814 222750 235564 228995 230529 231032 232329 236518 239902 220645 231072 247022 239752 245075 256397 240729 216732 226132 235316 222152 233222 242058 220887 268850 255905 211528 276331 219787 236742 265690 261816 243942 232381 235579 231199 251592 227841 252681 275890 206842 242807 232686 250157 262346 236074 258350 255261 240495 230593 259893 268429 254247 257529 245271 256252 238912 239489 226813 278600 239990 255330 228784 257365 244049 234913 244997 255157 259365 253580 239560 247773 255664 237606 213085 222904 234142 224042 262111 220065 238491 214834 227316 242003 253795 257458 263446 247270 212561 
233986 257621 241240 252648 234563 241962 230570 237504 240564 266343 256041 268859 249848 244903 237197 217795 221835 219678 236479 227677 257186 225224 244404 250980 244204 245150 248775 243362 210622 225498 232066 225528 240033 249447 223058 271654 255721 236419 254249 227428 240210 254704 258812 242945 251458 235718 211808 261922 227519 247880 262100 205851 230358 246042 268796 262995 244892 253607 253068 240783 233430 265483 279481 249183 273699 222268 259199 233372 252497 233258 269522 230292 246496 217246 254119 238608 245968 239512 249512 265762 251453 222640 240842 240283 248903 232833 226966 246666 241522 247827 234117 253132 216795 208742 255307 260075 240742 276302 254229 215586 
250786 257124 255706 263516 243790 246759 227296 234317 254836 273875 262190 290904 246542 235249 240622 231286 234237 250101 237187 222521 257489 220055 238836 244882 257121 262976 261414 232479 211260 226609 250321 217605 226910 267466 228730 279355 263122 231076 265923 250725 222436 266337 258916 252145 244737 240130 234408 245635 240628 257386 273705 208835 241446 231624 264644 251868 241405 248647 265459 241922 232810 276138 269831 228343 271950 231951 263131 215905 261729 233827 275298 228419 259045 236840 240141 246599 243061 245956 252760 272979 242582 229113 256497 236733 232177 227068 212188 250382 218802 251021 231359 244893 213911 232823 248551 268397 260628 268959 242428 223527 
239917 239085 247644 237499 230054 239965 232609 225831 230447 257830 228798 241565 246383 207033 213276 224366 221335 219971 220822 223351 248705 206607 227013 237337 231548 218398 236991 229708 208114 224916 221013 218515 218544 242652 216938 284864 250729 212803 257424 221652 219219 223768 255605 232342 224034 218342 194250 260662 223130 238114 250556 191184 223988 239226 242908 232391 236875 240932 246725 236125 224006 262571 254651 248141 271607 232187 227488 223945 218001 213828 241833 236604 241122 211732 236095 215452 238201 242059 236025 241499 250062 218981 220878 258260 236863 223665 226406 225874 207952 237878 235554 240138 211845 215631 219849 237591 220511 271400 245305 185557 
267807 260607 248710 257966 231155 245309 229597 238061 258370 274086 254157 262744 243144 228657 235664 226520 241430 256740 258948 226194 283700 229909 243359 249116 234462 249479 262943 231837 222005 239521 247852 221670 247468 242234 215375 294474 258365 233681 265473 235608 228232 262987 277036 233746 232981 238791 229861 258855 251380 279328 275716 205090 242248 252169 265441 253054 251328 254216 264232 237493 229655 282468 272266 247886 269063 258062 259362 224322 246121 235532 265560 245184 249689 242666 237248 245397 246354 252511 259526 256760 249280 247790 240699 246595 250124 237896 218379 243329 226479 251182 233468 245312 220958 233830 248453 266326 262111 290850 243647 213814 
233106 235992 223174 228581 234284 222688 221539 213504 222659 245986 238716 247626 222740 215148 201768 208090 234526 224581 227440 214574 246493 210658 218614 247296 226674 220907 229600 221694 208506 215969 217067 213014 218241 244688 218989 268217 256633 207929 259303 220639 218332 226585 248484 219947 215663 224155 203822 242142 229216 240232 259566 194400 224981 210714 243160 232678 217364 232416 232447 232948 218508 236699 260755 223878 238821 228714 248817 201144 226968 208567 228396 230194 242966 218844 231443 225062 224902 229173 252677 243249 232191 231730 241235 237898 230471 209842 209764 225162 222856 227811 217594 226819 213218 208328 224437 241419 232532 261610 234501 194538 
245896 236246 235247 233956 228683 247335 231749 245140 273961 237257 247575 259794 236418 233997 216578 221144 236927 226372 258045 242449 251879 218956 231409 243602 249315 245317 242165 250097 218708 218368 239723 220874 235015 238202 214992 278058 262710 214870 263010 216127 241543 248274 265667 262123 230613 229690 222066 267593 231758 265413 289477 205425 254800 222095 251619 264797 256505 259336 258130 244091 240963 251034 279175 236435 242472 231434 264569 213530 257380 219455 256383 240010 247887 229110 234037 233382 241666 233811 276541 245566 242191 229936 254497 242253 245356 239985 231037 239856 219917 242193 223962 244193 208995 233421 238278 250868 246467 275939 250280 202242 
226892 211665 222704 233658 229690 224097 204751 205177 232411 247445 231420 240675 223673 208395 220829 207116 231542 215646 227790 211880 214597 226712 218448 244363 227247 219721 212068 214875 205018 218208 211718 215365 201929 230030 195016 257760 239576 197202 230870 219975 208120 230263 240599 222620 227036 228177 205536 232440 216361 220792 249610 193251 220350 215721 229441 220292 215731 235369 238547 213939 215456 251004 246047 214786 246708 216386 242707 208035 231783 209324 239847 197014 227880 216668 210918 222947 210979 241466 242246 218259 227303 219159 235067 225021 230437 220129 190484 219595 228107 223424 212611 217477 199269 204788 225566 218264 221449 248614 244912 197925 
240068 245546 256281 233258 231698 236178 240906 234908 272329 270379 244144 277568 233226 246479 259171 227581 238857 246983 235118 223097 268227 223918 238225 242632 246289 243601 240624 259386 218702 229642 240543 235667 239232 245345 217624 278792 256407 227030 255981 224579 222574 242318 269183 240446 238522 227424 227229 263258 239924 235871 266504 210397 246090 240272 249898 262856 247522 246526 248217 240918 239192 259651 247128 250686 254751 242712 253249 211912 250161 218217 270227 239619 257309 249023 249013 242582 231484 235934 259856 261987 238134 219854 247263 253844 255901 234678 214669 251697 227804 237803 229453 229586 215364 233409 252852 234569 256434 256836 260097 214959 
258295 242857 238709 243937 236490 245521 220552 231771 243803 261559 241529 254402 237741 224597 231537 230173 248387 237301 233633 228436 259173 207049 234441 233522 236694 229271 236647 224292 222070 231301 232866 236031 236018 243364 220916 278244 266408 218831 259205 228247 233002 242097 267365 244323 229729 230396 215935 242201 229600 248015 268781 209380 239565 236569 243575 256501 238196 244519 231361 228195 230462 250750 256928 236796 265253 239028 262899 218157 239232 226556 255585 229647 240394 233651 248439 242277 238635 239401 254110 256281 230685 229236 248650 244032 238229 215339 225666 236939 216708 244772 243482 235634 207521 225361 219875 250667 247495 253635 245756 217896 
235442 242568 227377 229083 223785 232927 235863 227411 269413 255394 238302 260400 234800 224006 227078 221211 222605 238171 243668 227735 246303 211479 227020 261399 234518 234247 241948 239823 226182 237719 220803 219428 212053 238529 228124 273978 256428 214718 260286 219964 233169 250163 257921 239657 234583 243302 207774 252819 235612 229163 257243 194331 242066 241857 256198 251666 242733 247734 253756 238108 223529 272610 259835 253607 257765 228468 261510 204216 236682 233019 243959 221361 240446 209332 230252 230462 241305 230514 254531 240797 244796 221200 240547 237361 252325 230225 215950 238990 224427 232640 240111 235986 214591 208844 237887 251863 225497 260887 240315 205427 
243420 245530 233921 225276 237379 231824 203599 223366 241720 254685 239023 245029 233795 242593 233607 217653 239821 234519 222119 219143 242886 214229 234138 246096 238781 233244 243812 226295 229388 230114 222203 222387 229806 233644 223229 283379 252034 221257 244813 229663 219127 237500 271506 235816 236090 226484 212278 250490 234036 244279 268532 216433 233850 228894 245828 244826 233814 242737 242617 234472 223498 246712 253045 240178 253895 237169 231522 212201 241977 226569 240926 229069 244454 216198 245028 236428 216715 247001 256897 252246 232826 218287 226001 236660 245492 225170 213269 231520 219150 218109 233434 231645 217900 213022 232468 240336 235483 268412 252664 209406 
231987 244262 227017 241116 239806 228142 196863 220510 229623 258536 237669 280459 207096 227857 220818 215691 234929 228785 219331 214489 245781 210649 236634 242414 236644 232988 232955 227458 205769 221449 233331 204740 215764 232709 215993 267437 233608 206611 256228 217743 206950 225881 246429 220621 234340 218910 207958 228766 224714 239202 241028 196589 224884 204413 245903 246989 240326 240820 237375 236667 208762 235065 254421 235706 254662 229535 248950 199624 238963 217198 231874 216828 243277 224997 219566 226109 227182 221262 245512 245808 209964 218618 262834 230225 234743 219619 198904 227943 198250 232092 216838 236150 209168 215635 220330 243580 237137 248119 240392 195007 
269485 254579 263705 256237 239256 250471 229234 250557 271635 273925 272410 268928 249650 236688 243809 252201 238208 259378 251251 237976 259232 227175 239858 241439 242688 251396 246614 242235 238549 232020 230334 228741 231733 252825 224538 291336 258429 225966 262052 225300 216149 243738 274351 255365 246335 225577 226583 272050 233488 250694 268867 205357 248196 248608 252155 251035 251896 258876 274868 244294 233408 279755 261040 249723 273697 253910 251925 234919 264863 238219 260581 237477 251556 242277 244035 241100 251333 246272 270738 255264 230984 237445 245506 251920 251735 254316 222655 237827 233794 240428 232019 238600 219894 224174 239121 264541 251325 276627 265430 233465 
271519 266482 253040 267750 258079 257300 243185 257636 272757 278333 271483 292291 264719 260534 249366 240427 258245 257429 242053 254953 277032 240722 263063 280876 270215 285592 274099 264362 228771 266516 283539 236824 258664 261787 255599 306539 296310 242221 278619 243660 253094 279833 289363 257745 273423 251649 246731 279625 265201 274148 288728 240083 254968 250716 281511 283123 277224 262334 281849 271383 261127 286384 285433 277570 285584 256790 272233 244689 264018 246816 300269 251919 272637 247256 267460 260376 260050 264530 300664 288131 266811 244846 268670 263469 273378 245232 227454 264135 241169 269918 239563 262731 241547 246890 273539 299438 275369 288750 273439 241708 
260638 242432 253229 243714 246357 247531 220112 233444 258090 249556 246951 275741 238359 235789 230704 239275 239067 247932 237076 247655 264147 213754 245747 232593 233082 246947 244343 234507 224251 225109 238162 217001 226647 257236 248538 276975 259951 232791 275182 233739 230735 257829 262114 258092 245938 234916 225978 246619 245349 245081 278714 202498 236215 236966 257896 250568 237051 249467 269088 237111 234293 266697 284662 233495 258614 240521 260626 227640 260248 236268 243754 233924 243583 240885 237416 253817 239718 233652 274506 257171 232075 236412 265168 241219 259672 223027 208881 235477 220419 243559 226362 240237 221675 235146 238935 264565 241845 280833 245235 224835 
261308 259724 259960 256153 267261 251538 226612 236267 280211 264192 247423 278409 263266 234183 244349 244852 257939 235267 244316 227402 254195 229339 255857 248787 249904 249088 251797 256090 217436 237524 232986 240512 240838 266743 246175 299217 268784 225130 270011 242837 247872 245180 269705 250615 256553 243551 226406 269710 253709 250883 285340 225450 242347 245008 263832 257264 252591 262652 278765 252917 247038 271544 283371 242252 274362 258133 264918 227344 259139 246780 261125 240912 254500 240448 251500 262287 239842 254267 269639 271203 261549 248252 264259 249806 265262 251742 226743 269220 217708 251757 240674 257560 249341 238478 242001 244230 268254 278545 271504 206537 
243358 246328 239521 240421 231765 230987 221751 224322 244177 259077 239335 249549 227735 237924 233157 222291 220065 220887 212698 220712 252274 198529 228877 234587 223056 237949 242271 234748 226081 228038 227373 226225 233678 223612 219719 268301 250949 222037 236473 216558 222265 244285 266215 226369 229063 223649 217767 243897 210965 249138 247601 203459 220894 232754 264558 254350 241213 239918 241309 237943 221797 254524 248677 268101 264714 227460 225475 218031 241134 215933 268044 244062 250547 222949 259556 226899 219426 238043 249033 261139 236978 226446 245830 238807 247037 211212 213244 231575 236866 244904 219209 221694 195203 205522 247330 252353 253719 266115 240083 210778 
238518 239797 244310 255467 237466 238051 225476 225578 242484 247486 251392 278033 236852 232522 228223 233709 224598 228364 231980 209807 254397 227256 230269 236617 236464 251400 246531 244621 217045 215078 251039 225554 223458 252367 222798 274496 235816 230793 270215 219278 227910 244779 252819 224629 242536 226143 221872 240903 234656 251678 250872 195200 224293 229448 242800 250672 240198 244870 242119 229004 218209 248013 260796 236324 256505 241975 250435 209480 249515 235169 250013 240626 265636 228777 250319 243936 233046 234289 246521 265948 236299 233125 246444 237253 234129 222024 202609 217751 217017 242602 205271 240123 205687 208393 231766 241884 260888 278175 230074 199087 
