100
227548 261510 230897 226851 228694 240091 248035 252561 253375 231860 215922 226476 224066 267157 228989 237697 229074 233074 237061 233941 256183 245448 265606 269343 220850 232391 260678 219454 226354 229530 242843 235962 232215 239933 265083 270275 231056 244972 243535 231162 234342 261588 220179 230975 262073 218230 250849 244261 200667 235129 234981 254371 247229 249159 224955 224512 211036 254848 244887 218621 252845 228261 239514 234864 260299 238739 215413 248397 240855 246615 235009 212119 225883 238940 211902 232394 202325 240919 244125 217216 234038 230430 256817 223412 220719 264854 219211 241916 251553 229969 233877 252945 259224 215540 216314 266826 238630 244891 255662 231206 
247476 274358 239323 234434 235072 231479 279572 258359 261857 257503 224617 218371 242952 289557 237570 232451 255085 243245 235931 251825 260991 256181 277883 271026 220719 245235 258887 239658 229439 240964 256406 245918 258154 238639 265499 266758 232976 264933 273331 236671 262077 264201 231914 226588 262641 248919 253619 239219 216385 255189 253891 258416 275781 244465 243084 246400 244629 259973 258502 225737 256469 220318 232183 248179 271714 244038 220480 257161 266122 247273 238742 229389 242313 251600 228619 251503 205244 247764 269324 248124 253993 253224 260842 240678 204665 277200 236417 268762 266844 251094 240762 257546 266482 241876 234015 271146 226953 238692 274998 249213 
242794 278839 223334 226159 217858 223881 272934 244265 241025 239698 221170 223775 243919 274696 232125 233252 231781 230519 220285 225342 244426 250976 274801 273194 225079 244671 243279 232418 229809 243494 262311 256350 240388 226534 265490 255762 241286 253678 266751 206261 251501 251480 209685 221806 268978 228269 254845 246796 204729 251122 228609 238786 270354 249737 221868 224477 209382 250733 257592 235536 258824 223375 224280 219305 247947 221360 230598 233348 246266 249202 234137 223111 240909 242529 215006 245645 193587 227939 245906 243406 223453 236052 260174 246615 196961 264861 241550 241992 247748 235964 240850 231307 268698 230261 211974 259591 203513 238388 255310 233932 
232358 253434 218149 226393 194993 216396 229791 230686 240206 229341 217507 219197 217890 268231 226872 209945 231567 235442 216991 232552 245811 236944 240056 264894 222964 238333 226390 220544 226363 232934 253695 251050 242092 232535 244521 247178 227480 247298 269240 219164 246334 267004 208160 214692 260211 219493 235903 229713 205968 229633 247567 239795 246713 234835 225129 226691 228980 228245 240247 220336 236598 217751 226687 217467 243270 231214 210710 246707 249939 234369 230072 220259 228995 224814 213382 224535 212296 224100 253551 237305 215714 225556 232601 217296 190037 253391 242860 231121 254539 223907 224972 235309 262664 212720 217934 249382 212957 239783 265714 244855 
254072 248196 233001 241974 214144 233879 260973 248238 242050 237696 224544 221633 223014 283435 238038 243835 246438 233559 248976 252067 260051 241070 269182 260357 226509 234887 275072 224417 226575 249092 254012 269113 257528 248278 292257 274979 250833 259987 265451 229477 238871 274656 238428 236353 256437 237140 271522 240310 211117 264807 254142 265116 248492 255526 222106 240929 217715 252971 273224 228014 253128 231621 239436 239125 258988 233796 220079 245294 263332 250035 235935 242711 241789 239125 230873 241270 206699 243679 248938 237790 228951 218078 265629 242818 233999 264746 248430 244312 269746 235617 249124 253986 275239 228541 245909 276587 237349 257487 262328 261741 
214956 249460 219275 219542 207001 216069 272787 245539 234190 242460 217795 222448 217947 265408 219791 234123 239114 232211 221925 241434 247071 247161 271584 259857 226314 240385 250762 240297 232762 241114 240157 266251 248444 243462 255762 240901 230575 227974 266675 221079 251474 257479 216657 212626 234145 235553 237008 234518 215303 249642 244765 268034 234914 242549 226069 235766 228841 251522 246449 223656 236892 220674 216594 239876 257464 219565 213247 248876 245514 234889 237388 216207 247010 232612 207818 248651 212560 223970 250408 241913 228516 224025 251538 220425 209916 262017 234745 246236 248218 235963 234823 218196 259845 225880 222761 266310 214418 247562 269889 243650 
240401 257276 229674 238877 230000 231124 276720 254259 246387 245731 228577 244256 238278 284117 241624 252416 243920 240935 246255 268773 257090 264247 287462 272540 228957 249975 265697 241292 229615 248200 240648 260389 260816 243052 265178 274672 234331 247746 275311 231980 266914 259099 203403 242869 261705 247471 262055 241984 228118 262959 257843 268926 258794 248129 227875 239670 230071 257845 267696 244564 263009 230697 229855 245434 258113 242017 224529 259103 256877 254427 244532 218774 242732 239143 232685 249205 205879 255611 257658 251219 234435 249124 252790 243560 212409 272191 254843 260105 265370 237090 251793 249496 283165 243067 232071 281365 238148 262989 275021 260404 
268048 293609 256650 258469 230166 261312 287436 256406 267294 263008 236453 262778 243089 298681 265934 256915 271247 255959 252725 269844 281080 257676 287771 301014 265545 268628 270185 270276 242488 263417 267036 292667 272455 258801 276037 293577 248552 284783 287831 264078 267794 290829 238286 256550 296867 253887 297989 263282 239443 284533 272922 285525 283485 272800 245249 270659 239282 268944 282714 259794 288497 241331 253106 261587 283984 269962 242349 286174 270327 284264 272141 245284 253168 277254 244128 264677 241790 248866 284211 279986 259494 253983 275850 262487 232038 284927 262174 264538 287001 253749 256608 259570 292354 248552 237491 295839 246221 265378 303532 270029 
258486 266140 225020 241182 226185 257341 280482 250622 255353 256950 232325 236801 243901 297631 250769 260494 250712 245029 238499 257413 271759 257597 288221 292836 249007 265913 265609 251385 241789 238744 275160 282841 259353 240264 278389 274803 236878 266614 288281 239247 265599 268979 222047 241258 271592 244149 277959 259677 222076 250739 262411 252042 254121 259370 238174 252716 230416 264329 268891 247378 272738 229545 242184 258055 267831 245804 226437 260057 267540 268105 259216 236013 263457 274019 215681 256414 214828 241517 264425 240906 246970 251603 263550 251738 225840 273795 244487 259858 269212 252477 249856 261054 281944 246545 231615 281551 232987 260084 273842 265892 
233660 257763 224938 226698 206464 227624 263745 250210 247867 242066 225625 216775 237334 274734 227337 224035 251433 220688 209828 238588 247414 248139 259744 264133 209302 248088 241628 216662 223932 234354 237728 252888 256047 227979 256218 257429 217562 264705 250914 222970 257911 258980 216879 232548 272769 230698 244274 237584 205320 245019 241662 266267 247712 246150 222045 239124 232391 242170 258899 237086 248177 223384 230874 235146 269163 223952 224708 240007 255998 244008 248647 213968 245407 258745 233601 233546 195540 248748 260379 222157 228442 245096 240863 211380 193598 270048 233733 246819 246630 230155 243610 243225 275479 230109 231782 272783 223449 251108 257415 240409 
269486 294761 240515 257675 257738 279464 299918 266610 278285 263063 245279 255575 279089 299152 277847 259541 267280 253763 254530 272356 273926 259597 303939 298212 262730 265417 285822 258729 249257 275259 283613 292534 267799 265183 284149 291669 270301 286967 283277 265937 277596 299546 229779 251207 305414 259553 293597 264828 227148 272115 276953 282095 287406 283649 261245 269001 249240 266183 292970 268191 284223 261596 270570 267779 283262 267141 255235 270291 270421 269820 263923 260287 272645 274967 255534 263242 222790 284244 290944 276990 269338 272185 285145 252551 219899 290507 260308 282298 288795 267275 263975 275546 307202 256038 248854 313091 251248 270723 288150 268860 
219103 258168 220679 237545 209267 219601 266147 231663 234434 238464 228938 217558 217691 270962 230216 228786 242494 216251 231547 249442 250681 236295 265143 266616 225741 234037 243228 220426 223603 238142 241551 252843 239120 233182 251719 256784 233382 255530 264584 218379 232630 248827 218999 237083 269982 216775 259262 243463 191031 252047 245716 254539 243469 233068 234136 242778 213325 219781 245796 242878 262526 225091 230295 233058 229224 235488 206856 234569 254488 250494 235415 209722 245178 246347 218317 232401 202195 234573 259170 241115 232191 241810 251896 235473 202604 267042 229998 248029 260599 234413 239039 237686 255014 228153 208112 282988 220876 242800 250013 225510 
247896 260306 207607 231069 220871 238466 275311 251294 244826 237370 220664 234930 248669 277937 235319 244760 248569 209558 216720 254046 245996 241216 283456 257768 226121 247502 245896 239058 221702 245856 231046 266651 246930 231837 267425 271332 242795 251968 271418 233451 249576 246655 228280 224187 257108 231814 261101 254668 213091 263517 252623 252794 256178 260785 223916 246140 213230 248452 266712 227866 263122 228160 225042 242731 263574 235172 224009 249310 238218 242907 240601 227537 248783 239441 214267 255781 205768 260635 261176 240213 217112 238648 249999 228376 196040 262220 220870 252467 237717 225423 236220 239391 262674 243607 224912 265837 237177 249430 262783 250006 
230705 235043 202963 204488 184292 218073 238591 218248 214868 210114 212969 199198 220721 250597 202986 218212 217739 206058 192419 216123 218499 223987 236432 242330 197987 214661 222974 218310 201556 220513 229884 247470 230419 206515 225905 220513 202423 228316 238303 201408 216723 235444 194861 201297 237878 198746 230844 220812 184003 212031 213021 211778 215979 223122 205900 210496 211436 207151 239970 195951 237423 208241 212377 220533 230150 209997 184841 207362 219577 221344 215144 205089 224413 229783 221007 209350 195178 221749 234695 214954 202848 199508 225486 211824 182703 230860 199935 217801 216018 207356 209391 209152 244523 203510 198938 243851 200174 220222 238252 217669 
233547 256326 222008 227798 222319 223807 270311 235463 246048 236333 228750 216995 228718 268763 247129 238628 244964 227843 223123 238916 253036 230952 266632 270346 244448 250648 248306 220459 231705 240376 248282 267665 257125 241097 255037 258488 247408 243988 262819 238505 240802 271588 215899 227813 261223 224198 262980 255782 203793 256927 253623 253285 253138 248393 250069 224182 218604 238134 257712 228346 253896 235503 240247 234138 253539 225740 212098 246022 241712 259627 231586 234650 252810 232197 215627 239001 213178 234152 249246 243284 220042 231298 257130 237713 213743 271588 237547 249162 256054 224320 221621 249879 259178 211923 221568 281800 232856 246896 253723 233653 
268171 308301 261937 264584 239718 277940 317290 290487 284876 281509 260585 257007 253586 311512 278436 266096 292323 257855 260305 285466 293738 277960 320118 295359 270373 288120 268149 278879 261673 277433 285006 310289 278901 267140 289214 292889 256427 301389 302082 272088 300973 303931 244308 271767 296119 269495 300988 281913 249018 292650 289570 290547 300674 284008 261145 276872 256581 278751 294953 268406 292063 258382 256709 284004 289929 269836 251202 283892 267376 290802 286075 262981 281925 282496 253363 280482 238054 283019 298094 285658 262609 279489 311822 281805 247966 295698 282698 286878 304760 272028 273118 260432 313550 276481 257915 317681 258873 282099 296607 293733 
234697 237572 204974 227826 196763 218371 263216 229906 228832 223783 211930 237033 219649 259660 214843 226014 223171 216181 213213 235785 235455 234871 249942 256936 207548 216274 225189 204578 218154 224938 233417 251444 250384 220230 247129 237992 223377 234191 253446 212332 236829 247303 202375 202673 245920 210034 235651 234753 195656 223626 236215 212851 228581 244477 216366 221014 202602 222686 236164 224810 235093 218875 221979 212834 246306 211962 207999 218246 217934 225334 224618 203584 230251 234429 208278 215097 196351 233193 231799 238258 216051 224262 233374 222552 180064 242786 221588 232042 231219 209610 216818 230227 256300 209863 214884 258658 215645 234397 249983 227176 
266294 286821 266308 263857 246033 257143 301142 278927 271004 295191 254539 272307 277004 315891 267484 281803 257714 256694 266816 290889 285498 278081 309723 306365 256369 274704 273331 261987 253115 268272 288190 290780 284924 270786 288656 304447 269373 278977 317300 254777 299443 281742 236441 271715 293923 265322 292228 293188 246123 287247 276720 289456 289607 284432 248476 251460 236718 291299 287358 274901 288972 254754 249365 267210 295300 259778 252860 289331 290600 289110 263750 247122 281198 283831 257095 283656 252166 279766 293730 271721 261364 273146 297105 253039 237503 288281 273197 289629 287505 260580 281878 271875 310959 266104 250776 311598 258805 275881 289329 276619 
216346 244183 201476 204463 196366 202547 222396 214691 221115 222016 195412 187094 204567 246374 201669 205323 237934 199538 193538 215843 229588 219736 228490 237606 209845 206486 210521 211519 198485 216701 221615 227943 213642 199582 230534 234708 204290 233736 245894 197500 221935 223233 195656 183453 233894 198635 214240 201086 190481 208339 210356 205962 220766 219766 202408 197824 205571 213340 215185 200001 221293 193630 195713 207594 226222 207507 188906 219964 213179 218881 215828 205905 207284 217603 198891 204078 176849 203839 224099 215913 204561 206532 223051 200525 173268 216128 203277 216302 211302 218511 219285 203910 221174 201410 173623 238516 193084 218699 232870 209836 
242204 270730 229138 223329 219678 249913 279928 253392 244822 252815 235548 235916 256009 300344 252448 248955 261309 235133 232665 264622 260897 255125 282981 287157 244399 246804 263716 257071 246087 252763 284422 293680 256223 249791 268111 274010 251205 266551 272765 236410 263202 268828 229319 234063 277512 247700 266887 268912 216018 259500 263625 263048 260204 253495 243122 247789 223115 255090 266951 226531 260996 236224 240567 255363 262929 254837 221470 251303 258847 273674 250622 239498 268290 251842 224159 255275 214051 251417 258951 265032 243276 246115 268933 243313 212995 273765 251870 251428 262343 247642 241639 254008 277958 241768 244333 285902 234243 257827 277123 243453 
236130 254161 218403 207488 200134 221708 251606 232016 218687 218649 221604 206218 233966 259612 214875 227194 229278 223671 215389 231298 252426 229743 241830 248940 217514 236709 236977 205592 219076 224487 242248 250219 244996 223631 246641 253162 221750 238207 267392 220142 247531 236031 202522 203287 247351 201253 245878 240922 212583 244730 236907 246044 247462 242796 219524 210674 231961 231710 229661 217609 246411 229668 219658 212678 261631 241053 208167 242592 233015 251747 236706 222329 231053 233634 212169 231805 200360 233745 237583 244503 220998 231402 243403 226954 208415 251766 228626 233473 250551 218502 214329 235443 260558 220778 214177 250871 235477 236498 252353 226666 
210101 246560 212490 197803 200159 193673 228979 219423 227620 222395 200462 198615 220709 240499 216103 220895 207476 214426 221848 213984 232785 220277 232562 241980 206371 220846 223582 204214 203960 219910 207285 232495 226943 218640 239755 240850 220514 215535 239225 200866 239646 228383 185844 195870 231144 210520 229047 234618 185716 225002 206502 228325 236029 222459 209089 215984 209174 227505 210872 209982 234508 204731 195205 208715 225647 213071 204167 246442 233682 225541 202907 194979 218328 215428 208580 208461 191577 227190 228149 215527 219076 205054 248676 213799 183991 244692 218134 233977 234073 219018 227334 222452 232420 221371 199153 245595 207782 231161 245233 217360 
227544 246428 221973 217187 196493 218023 247641 228459 220220 235571 214104 227326 223644 261562 213761 239437 235579 206077 217969 236920 247900 219745 245543 251025 205154 212621 240206 229313 200721 215961 233873 262776 235763 239213 247809 244215 221860 243364 249382 216128 244467 235088 203242 212483 237294 218971 228807 226571 195673 234740 242990 226844 240624 240703 211651 232909 204433 224546 238226 218988 231540 232025 202791 225593 254991 229686 201483 225537 238105 219245 213956 212548 244200 220049 205352 232838 203135 228544 229984 238550 226208 226397 251019 229571 185990 239344 228507 241901 245358 217027 228573 222325 255867 226927 226719 257954 205608 236221 245824 234625 
235272 272647 217148 242984 220310 253029 267505 247663 229794 230926 217791 230835 231933 273765 239537 252711 255346 221882 230056 250527 258547 245229 265499 269073 220446 236627 250440 243209 226305 252600 248084 260904 253493 244913 248580 267607 230232 257866 265628 234350 240344 255239 204210 236281 246317 221009 261215 248608 220402 254526 249633 246405 255655 251622 224076 234888 214150 248335 267204 242082 250096 230400 233036 241637 262388 242143 219674 248988 238417 251077 243532 223903 253836 251672 231330 254441 220514 246134 259865 242257 234771 240289 259676 228502 205937 246968 227760 240001 260273 235147 233456 230162 279132 242842 215126 261166 217949 245271 253963 241930 
251612 269960 249628 233584 229518 254755 274830 263751 246719 240848 241978 245592 250486 287237 236099 256320 259401 244756 243627 238865 263662 257509 285147 277760 217895 253259 266084 241355 239545 260268 252722 271885 255330 237035 269490 284379 234817 257124 284207 237998 256616 275543 221392 251468 271828 227247 270588 243107 206334 259673 265884 261512 250920 258086 216343 251052 231174 247491 279826 235554 264902 247220 241200 244888 272446 245753 234713 250056 278545 256912 252983 224083 253957 248037 237047 263121 221550 244813 274104 266963 242955 237516 267406 237462 214140 272984 248015 256311 272658 254498 239281 253433 278290 237107 227436 279113 231833 256861 281405 261916 
214643 255584 194988 206072 189171 199781 231607 230305 223628 227518 196486 185123 207167 249254 217536 214237 227616 209266 211966 214401 239407 220942 239946 234338 203520 210308 237212 207618 207559 232172 225789 240620 226773 225908 235197 231349 211702 240039 222842 204125 212935 242170 190832 187543 225959 197458 225658 209829 176534 229460 226305 234579 229966 219369 205891 207843 193263 225591 234719 197863 217503 187069 212335 227003 238049 208205 194361 219445 223507 214014 214911 192440 221712 223264 212541 208722 174140 214823 235707 215342 211654 205433 243268 199659 182875 229872 208435 209120 222141 218017 216436 216519 237977 210303 187650 227842 197856 230468 229816 211166 
238143 245747 218159 215502 219548 233002 284434 244660 256511 236180 224034 222015 219505 272353 225911 224260 244186 226042 215422 234276 257615 238716 250546 255444 217689 239571 249104 221561 226967 234932 235822 251155 242927 244724 253278 255377 218549 235028 246050 225186 243338 239828 216408 210732 252413 222660 252074 251071 216189 245708 249503 230921 249379 259015 235006 242658 222895 246674 248736 226331 242937 232841 226540 231969 268349 234194 212754 234147 230210 250351 241359 222467 238637 240172 205213 235227 207162 237045 258559 250580 233984 250856 243962 236899 202587 260014 227560 240918 242398 231435 220093 235697 254746 214769 216119 263005 224511 253168 259573 239999 
257811 258568 230012 233153 242593 244142 294501 253590 256051 254602 240971 244215 244474 289653 245367 246227 261495 245758 230340 260009 263749 251949 277304 274455 235444 252352 260828 246666 246924 239288 252329 262805 262757 238310 273023 268746 242641 259488 273182 244771 276724 266068 230376 241006 270553 250089 267303 259407 224236 259271 253952 270541 253502 269143 233255 243795 245445 264674 264409 240331 271817 242740 245492 243176 271594 246068 235434 252030 250917 265091 258597 235360 247767 269695 236404 258137 210056 255988 285194 259947 248675 255015 256178 242750 231464 276104 255365 252266 262191 242253 259934 263282 275927 238913 239199 283029 239939 265176 271807 260632 
232673 259163 218252 213654 224809 234777 267809 245188 244369 226456 221168 220350 218154 271318 224857 225507 240632 223440 213287 242526 248194 237960 263311 256817 231956 247840 254546 217811 227404 235431 246260 248011 242808 226116 256271 255834 231350 247603 257463 206109 252658 258731 221279 227859 254629 235062 262178 240171 209472 245227 242042 243817 263320 236004 229391 231081 200684 255307 246295 217781 255821 225870 225357 221567 251203 231584 216623 245747 246626 244301 235368 223119 247708 235071 203333 238548 188440 241684 248520 245680 227538 241084 243983 226977 213243 260298 233991 240807 252718 226684 225130 240035 266512 222035 230834 279531 240089 250878 270886 231925 
243878 261367 227006 230728 208533 250032 269773 263743 254078 238815 225231 226909 232660 273705 248640 225473 254073 224629 240095 238178 262974 250562 268958 282397 224382 252673 249856 235498 224724 253362 252410 267424 250516 233246 258113 268867 229297 256439 256480 236370 257148 258171 221225 231119 265020 236440 262465 240208 223396 257495 237344 251980 253361 250432 234621 232579 209503 241035 266798 224721 247520 230300 231419 250479 269501 238254 231421 242703 244100 253116 248702 238212 256543 243488 219921 250312 218363 243689 251946 246039 226248 244408 264601 237673 207390 253541 237058 240152 258241 236548 249446 244122 274048 235433 239761 279248 229170 245478 264344 250888 
228717 250447 214392 222148 198361 212041 242377 234344 234430 232072 204721 212897 212912 250016 238163 219621 230493 210630 215479 231522 238942 225132 266328 238318 208201 221024 242895 221738 217892 227318 235824 242749 230270 225028 237999 246529 217894 242919 241826 204577 238945 262338 202831 218744 238556 214391 243033 224135 193039 248557 240426 231213 234443 231511 218804 218163 209796 246717 232403 214574 239402 215388 210248 227893 245018 235655 193818 228584 233317 244197 207085 205354 225477 218801 214934 220254 211854 226946 250460 228627 223620 229212 245607 223407 190508 241909 218200 245765 239972 211114 210744 209839 251892 220526 206129 250719 206435 228761 257215 230511 
238315 268907 217428 233483 211353 226437 282892 239968 236878 229649 215931 215356 248524 275128 244004 242788 232297 225147 216809 242982 256616 250577 271697 266204 218218 245823 256961 237398 227008 242527 257007 261359 236700 235828 265017 246808 232271 245313 254202 219086 249084 256780 195257 220733 249178 226203 254238 230838 224471 253073 246603 240785 249547 261497 231829 234943 220945 233951 276387 231547 250806 227523 225371 228326 256206 229792 211740 240229 227733 255673 240367 221210 254980 235317 215033 243287 194026 247163 241282 248606 220523 236017 249656 243374 197761 261039 228935 222979 244664 227202 240567 240018 279924 237162 216093 268393 199981 235357 263408 237385 
230964 249385 200569 223564 193668 216448 250717 237109 246319 242529 215057 220869 226147 261804 230106 226585 234120 212051 222409 251319 238853 243151 257946 268583 234450 246665 241999 231637 209995 226783 227871 259911 234919 230725 251233 247986 213494 241250 252133 240851 257848 254953 206347 200466 239987 219308 246268 239287 203406 253270 233605 248134 240496 246797 245004 242864 224732 238980 230077 211204 225108 219151 231964 238930 239702 226622 208194 227392 231884 244233 219765 232413 225618 231963 202515 228075 213920 234525 247525 220265 220815 239130 247295 233026 194342 253044 217676 250207 244467 225811 237941 251031 248871 224711 222004 283697 219965 246969 241163 236937 
264134 276118 251594 257553 225603 248495 288473 265440 278087 256592 257899 250999 253499 297003 269681 258512 268339 252649 249071 278639 288576 271113 298834 296862 252860 278626 258821 258956 244385 256824 274357 295281 288574 255173 279169 276290 245534 280423 304958 238081 274088 293751 235585 255988 286468 260640 280001 273288 255862 253822 276810 264261 271652 262860 256522 264396 256240 270691 275073 249685 286325 250715 242447 267822 273446 263208 226403 278625 276052 278647 257876 236350 273181 273424 242238 275971 231168 268318 272413 264987 251325 257224 277639 265962 225134 289575 276211 273127 278980 252017 255740 260215 295911 262890 261655 296836 246941 282714 308555 262110 
240785 287974 239434 239537 223433 231480 287234 246572 242442 259255 242167 238602 251127 297061 258345 241693 260322 232310 232728 262771 258010 244298 280434 280144 240414 260677 259364 244878 250853 252143 259575 287694 250552 235791 253477 273766 234932 283402 266312 233043 275386 279563 231394 241890 281274 239094 275982 266371 224179 247016 255981 278169 268585 268294 243704 256551 241905 252056 264861 234129 259593 233460 246240 246474 255405 243494 233798 270606 269801 259518 255533 226055 260679 277940 241122 265645 223006 280114 271663 266968 249497 248364 275419 252621 220669 288498 258262 267166 265376 235387 251357 251515 275521 246921 246292 278190 246532 265783 269830 255138 
233338 253711 230551 221056 203235 226250 276025 243717 238589 237820 215260 234983 223888 274010 230370 235668 237692 230336 234141 241385 248652 252455 274522 279996 220287 235204 265344 226868 242309 241999 263639 267278 257683 233537 259522 266311 231226 247574 261136 229701 234795 270709 217837 241682 260333 226696 263704 249257 212348 249988 259354 250556 235962 241679 229573 226971 215083 244480 271102 228498 245941 236651 231671 248139 253138 235712 209763 235395 259880 265129 244226 213189 247337 256497 224067 236859 213257 240873 268080 245298 233754 242157 262258 235571 203364 270378 239066 239597 262351 218797 229852 246194 280805 235605 226365 260875 228532 243280 258870 251320 
226765 249074 222069 217006 194980 231304 254072 241169 243761 231292 212946 215729 233399 269003 229953 224248 249766 221215 214565 242151 259001 244155 244476 253374 222254 232684 241216 214772 223417 240662 250832 255453 249992 225025 249125 252238 214369 257646 256396 224531 244316 255512 207035 201245 246751 224104 240124 244563 203823 241377 253199 241968 239089 239946 226331 231590 228858 231194 240255 214429 226009 211635 217719 234712 239688 226117 181149 245674 249225 236974 232505 215413 236982 242704 213537 231218 201837 226895 245254 245596 233240 233631 251348 210330 200118 245240 232944 237981 252467 230762 212733 239482 258058 226713 224555 257664 220013 239519 261127 248913 
267987 282007 230209 245005 236891 248191 296937 256745 249714 265101 259254 250648 252813 309310 262377 280936 268685 248122 229639 274035 274998 281084 289570 289593 261809 285117 281033 260659 239105 260823 267047 299678 279458 259321 255955 293039 250980 274847 292463 256905 279854 277248 221507 256455 274803 226572 290240 287698 227175 267453 265734 280601 285989 272309 256549 245708 259294 257319 275562 248826 282894 258354 252730 247629 293931 247648 230765 275176 275013 279477 270990 241242 277300 272052 252006 268138 230311 266079 266301 266429 247568 254087 277796 267173 220359 291805 261390 269015 275628 255314 247796 252874 291736 245718 233528 297830 265646 272593 278449 259352 
253588 277476 244660 226664 235873 248539 275980 254489 247133 248774 235730 225188 254616 283678 235702 254784 242849 234963 242636 245304 268660 250238 276180 280562 239461 248477 268897 233039 241947 255354 266002 273086 260298 246941 268453 273187 249462 274379 286683 237167 264044 265769 221482 236353 277033 244258 259998 255148 210148 239208 243608 248805 261278 251337 236515 238359 235561 245076 264329 224077 274203 242009 244282 246399 262199 251908 229713 252241 257076 268662 253828 228555 245965 253384 226520 239677 205121 245901 261723 264683 244894 224340 280188 260983 214756 273023 247027 264983 274066 242529 240740 242051 276549 235544 226083 269796 237509 255883 280409 248792 
241426 248575 204721 221212 210153 239581 269270 248568 243120 241677 218176 234942 239171 258188 238093 249559 243113 237744 227611 264954 254561 235232 272416 266270 231804 239634 253158 231541 221993 249066 241690 261545 252486 238189 254339 254690 239037 247088 267294 252323 250343 241531 211689 229349 243776 230443 251076 255245 215986 256262 254202 239530 256327 253280 233063 226101 215755 248016 256165 233831 248878 233241 217304 237371 264553 241367 208191 262981 224608 243191 240136 224025 244317 231538 225179 237683 211515 256960 267327 229496 239690 244159 255489 227566 205532 261278 226188 252167 243987 231122 225507 236343 250221 236062 230716 258304 224550 252307 248788 242408 
245746 257322 213936 236634 195030 227957 250929 249278 242642 241767 220691 220914 233661 260071 240271 223611 231036 209989 228022 225823 263692 229102 252801 266894 220912 232662 235015 218917 220023 236168 243452 259275 242369 236787 241077 252730 219059 245950 253489 237698 237906 252755 205965 205917 254627 206817 248919 225609 207673 252444 230990 217453 244807 236939 224180 225363 213727 231719 239142 216232 239890 222069 221399 229564 244921 236647 212926 229314 243322 240711 226434 208255 227068 224088 209535 226264 198871 222376 257241 226431 219432 237856 240882 225722 185218 246813 227213 246550 251591 221063 228636 239925 257243 222997 206028 259412 196506 225088 263883 256876 
246914 266619 230859 246774 227176 232738 279529 258816 239548 257418 222953 240175 234690 274421 252594 243821 236165 227901 251808 258902 262376 250053 284036 268677 225978 254614 263708 229937 228066 236822 252797 266258 249399 242433 256176 267661 232063 256022 281959 243140 257656 269914 223174 235080 262200 241372 271338 254561 221256 254670 273827 265979 253871 270889 224936 240251 232240 245701 258624 245947 253429 230817 238892 233246 260248 245649 219868 248299 259210 243756 254938 210096 245664 257488 222272 273202 197141 261171 257684 270011 256957 247552 276644 249736 210920 275437 239524 258532 253390 229618 246672 252992 274398 243657 239583 284403 244927 242224 264203 270216 
262812 255882 215466 250456 228988 239302 272256 261469 237738 246868 229443 233746 244117 282793 249791 243995 238240 236808 235429 249847 246809 253183 283183 265055 220373 255794 266553 238482 238732 243744 252581 271531 255999 237980 269257 277393 244098 252516 277351 240086 250400 267852 224012 231655 268676 236628 266482 249255 211973 262264 255088 259029 269360 255205 228827 235809 230790 254255 261116 233085 263933 225805 242846 239623 252210 241321 232436 252193 261859 249608 258477 225161 241302 245987 236547 259161 191770 266854 263597 243731 231693 237221 255005 241096 197595 275826 224426 252155 251761 230117 245749 240974 272363 229055 233685 270201 241208 240257 287250 264089 
227505 252572 210832 204747 196970 237944 242042 242059 240716 231247 221052 223098 236556 259710 232742 227659 237757 222179 205550 236647 254628 233772 253566 254985 225974 234168 230207 221383 212665 237779 248324 262581 240559 229722 244497 252682 208539 250162 246553 233274 235397 248357 198562 234035 241381 211218 233198 219750 200774 250530 227725 245380 235559 230327 219892 226699 215018 229400 241327 215380 247092 216763 208991 227335 260996 214560 202131 243455 233003 231708 225002 213780 243772 223373 218170 228363 219244 226361 234707 225377 217040 214971 249119 211590 199575 252956 239104 227803 260289 246558 217908 229558 257232 223333 205874 250627 207261 227190 235832 213123 
249287 263736 223747 218140 220282 227228 269903 234982 244832 236462 226619 243937 235898 273145 234579 239381 242067 228876 219462 237081 251284 234596 265589 264604 226850 243129 237935 234007 233607 236924 248487 264610 237539 233916 241829 262883 228502 252110 268223 222746 249450 245317 219817 221067 261080 235246 262626 257240 203230 232653 236242 238829 261554 256552 227322 244113 218898 248009 257847 237920 253371 238334 227524 247173 257328 224001 226994 238184 247484 251464 233601 223543 242277 248978 217020 257892 208145 246221 252182 252014 225574 232321 269103 234836 191661 254114 228618 252576 248425 222388 230365 225914 257656 237066 222528 259541 225527 238013 268408 244919 
259277 279842 239031 234745 232484 254667 283680 273761 269427 273905 263142 250783 255994 295887 260600 256591 265255 272601 241547 285210 279529 269279 300323 284343 239486 259273 290660 260150 257151 265290 269318 290238 270352 266656 299724 286011 257562 289110 290306 251505 267391 302991 233668 250104 275048 259924 270752 267917 234030 282097 290527 282154 272642 283654 270632 266588 245700 272175 277484 249521 271268 262522 251350 263061 282610 266315 220319 272409 262763 278318 261005 245985 258577 258211 244052 268204 236090 263004 276035 260132 252195 261577 286805 264817 235477 274221 270492 263087 277548 269298 249101 268442 284674 237503 242813 297882 266167 286266 280835 266255 
237862 250572 218977 239288 207881 233789 261814 247126 218475 237688 218188 237014 232472 256696 225974 230512 230832 220224 203366 243792 239396 234631 259016 251139 211991 228808 249474 219517 220693 230665 231341 247234 252564 206868 263214 254342 242327 262377 260653 218177 249217 263119 219283 239318 252526 228792 246839 247915 208509 243672 256333 250058 234839 255373 207488 233021 219319 235336 254223 245805 263062 224860 233954 228684 262631 224788 218686 233977 247928 244365 242743 216409 237564 249625 224232 232259 203101 235892 238460 234303 218083 215211 245734 233060 208280 265846 235287 241022 257599 220898 229986 238792 272135 215259 219987 274991 236784 240577 260665 255801 
254203 264540 229775 231341 226676 254185 275740 261994 262018 260209 234279 236871 246002 281655 247404 244745 251623 239833 246308 262320 271500 241076 271657 286593 242257 244464 260665 241638 235871 245360 265543 270843 256059 261317 265651 274928 254448 260220 277079 239377 269210 273454 228883 235281 275288 247764 271142 267782 224966 257791 257481 255009 266846 268441 243594 233686 231620 269969 267765 249858 257336 236918 234344 250572 282239 247431 242113 265331 256469 267520 254646 233445 268289 263765 238465 245911 233994 255388 292038 246967 253004 259120 264066 239625 213900 265409 246086 281795 259065 250814 261874 251209 281011 234021 233859 281792 243945 256442 255208 255349 
252333 275764 234159 238270 223674 247352 277228 266371 247193 266461 235195 249649 238553 292711 244832 233032 245144 234175 235242 264945 251094 254519 289727 272245 231625 248851 252887 242247 243133 254808 262997 269360 243308 239815 266420 261724 245755 262060 270779 251194 255396 265385 227148 238435 250863 233335 269122 251360 214476 270800 255349 273871 271051 272472 242655 248846 242348 261755 260975 241700 262960 223803 247227 249940 264185 232964 226746 264534 263802 240749 245260 215226 253614 262673 244842 259555 217153 259289 264544 250530 250801 250192 275490 233663 215472 277006 249581 264209 255628 244452 256931 228091 279240 238425 234003 281684 224500 240493 271015 255269 
213750 245694 209391 211009 206989 214594 258774 217930 229298 231080 198691 205621 221532 278306 219182 218672 225582 218631 219948 232709 219413 234021 237486 258938 203135 225858 245040 220627 224357 211407 224600 246280 214989 232267 251951 246197 215150 236508 221258 207802 247031 239281 189405 209514 255446 216418 233695 221223 210650 234298 223730 242442 225233 246676 214983 234881 208994 234984 239932 207137 236168 208098 217179 224828 222470 225791 204538 222172 222833 240306 224874 211575 208719 235305 208925 224609 203661 240188 242575 228778 220184 227619 237223 226816 197289 227255 228792 226922 228305 216943 233457 240321 253531 215720 202086 249176 202994 235961 234562 233275 
208058 230745 206240 195116 198313 217091 239647 218779 220626 199620 206588 212732 212658 253347 209815 212424 220998 217089 193206 204155 222140 221433 235608 241975 203031 208501 213593 197821 213229 214572 232503 221799 211700 183324 226104 242170 211366 223874 236820 198956 228431 238950 192727 209975 220478 211173 222083 225320 197222 206207 210145 218511 213074 217305 197185 202177 199374 225133 231201 191821 223338 201381 220554 216018 222816 203011 189345 219174 222482 222776 215201 206367 213225 226739 188124 214786 182429 210133 226112 215323 209488 200831 237600 195490 190849 228596 210503 225265 229360 210634 190049 227104 244604 203387 196053 232692 194301 220150 238684 220654 
243054 271585 205754 214582 204899 213186 275887 222304 241584 237327 212031 212157 234777 248600 226061 227080 236307 230141 198727 220195 257271 237001 253501 262204 226805 247390 230626 223152 229120 226604 239421 263382 240074 227793 236620 247262 209901 248265 251518 220881 251162 244775 191092 212738 250139 223959 258370 231543 216359 239141 222357 241130 247341 242550 230646 223080 216285 243821 244426 240879 246530 213064 210802 226639 254271 207188 214692 253387 235270 234012 230009 222444 251403 233841 221040 243587 211753 237962 244657 222994 212983 232901 239131 223456 205506 256904 237960 241711 255600 236210 244459 217691 244450 222606 210097 269321 208232 235959 250831 226773 
247642 274685 225449 221822 221599 236955 276858 242880 236328 239110 233683 247441 234731 278120 236832 236562 262257 232288 222607 246096 254205 256207 267022 273949 217305 253791 238799 240802 225430 240147 248578 271861 264987 222964 257782 263098 236062 252248 265158 235800 263980 263497 204973 226668 270921 244018 253841 244779 217867 249319 247792 261090 263415 262880 228056 239315 227118 256830 253315 230674 258742 239453 224060 233959 266341 231344 226504 261342 253402 244540 241785 233873 240858 237449 238681 239367 222479 245638 251571 243859 245805 230450 245225 243092 226572 268271 264432 260311 259035 234531 236733 242575 268270 229056 235280 278064 231979 264472 251197 251534 
259632 310249 244588 238599 239182 256820 298951 267083 268414 269144 251783 267990 250627 287991 253852 247279 272711 239632 237764 265669 273599 261665 281658 277424 248329 268330 275333 258529 255199 260661 290255 304379 278513 256068 290239 274358 248937 276528 290201 244723 257525 299742 249815 231827 289723 251501 271982 268113 219700 274761 271816 268284 283726 279973 248576 248833 236606 280772 279104 239867 275037 244535 253513 253824 281204 246883 238257 272471 261118 265871 258520 244904 268544 267008 262625 273015 225771 268019 284921 258434 254566 246363 284205 245332 233510 301082 279614 266705 273175 252695 266732 255519 290074 241016 245550 290746 266664 287399 277910 244732 
259614 266320 228355 231990 201768 234115 261392 241527 244081 225448 217616 229026 242862 280041 238841 251072 230449 230794 232743 272269 247783 246989 283305 268469 229702 240356 267437 237316 227277 249809 254895 266680 240464 240358 273771 262126 242551 266598 272404 227882 247328 259063 223161 233177 265187 231850 266257 247905 224235 267126 255755 273669 255931 260309 220678 249016 239955 254946 280895 220849 252452 233239 252884 230195 259844 256760 211958 251329 249103 261071 243944 232744 238320 241078 231359 243213 226456 240358 265058 245275 235351 228060 265388 240359 199370 273403 229878 240908 262466 237948 242006 236712 281544 231220 228112 273730 223986 244837 275310 241181 
268433 291471 254383 245011 235994 240792 285746 260173 275010 273261 254608 251086 272448 306954 267907 258410 277909 256887 265264 268498 286869 272261 295604 302742 255853 286291 273982 258564 241846 267150 262362 295304 285635 265257 285168 289257 257007 293422 290485 259450 279053 282976 241420 260998 307343 258504 302416 280052 225507 278011 261942 275034 285103 282107 263328 256266 247063 253377 285258 261186 271603 262371 262336 268142 276009 257999 236645 275639 266380 284438 258823 250704 267335 267686 251308 255468 231276 277112 295031 260414 245423 264731 289993 266989 234589 288654 258397 272432 279489 250884 264445 276299 294899 257966 252766 304201 254641 275932 277914 282353 
247054 281776 236700 241647 247356 246528 281647 262125 260385 255142 235428 241019 252377 293011 247967 258715 258307 241186 248764 251499 269330 256232 282684 285542 223460 248602 269526 241068 246018 247701 277170 274011 251418 253978 270419 283414 232667 281716 283203 257228 262475 274344 223392 244164 269849 237478 278319 266074 232621 266336 265345 255460 262024 266161 237643 244041 236691 269684 266404 224557 256904 228032 237183 244475 281147 258734 222604 270366 264413 270298 264771 223387 248868 269410 237396 278699 223607 244784 262898 271926 260785 253973 281689 264070 220191 273647 259347 266434 270664 253636 251204 247567 270579 258115 235521 271638 236136 247881 295141 267749 
249638 270385 235906 236587 218032 231509 277226 251587 265378 252227 239707 239188 237345 282695 246117 236322 255462 247569 239053 250350 260949 251372 279402 282682 238978 255377 254372 234601 236770 249456 256935 262513 269313 239289 267180 277938 254463 258756 277499 217857 253085 279017 222918 230754 293795 246615 269266 261716 222271 260570 244566 272156 270783 250625 247059 247398 226788 251414 271542 246972 265307 243729 246149 249802 277535 241851 231644 265574 255939 265816 234280 235908 253305 245853 223556 238109 224823 244200 264512 243630 253101 249550 273090 233470 222293 277738 245785 256840 268802 244806 226882 250917 282406 235277 242496 292665 243547 266337 282770 239344 
207795 217956 196763 193071 192247 203201 231020 200678 208844 210502 204061 190621 191643 246531 197479 211081 216278 207546 200711 213046 214448 197615 241680 223624 197021 197359 212179 196373 205063 220970 208727 230888 205376 200962 228221 209313 205399 228005 229385 191862 208073 225781 189826 190926 224538 197402 215290 196631 185813 236666 218748 218100 218159 208487 197441 207634 198281 210000 228982 188191 222754 202689 205956 199870 214994 204359 176104 214186 214651 197780 205678 198075 207923 209177 202263 211944 182256 193106 229294 211363 196522 194996 228185 198152 186596 219918 216740 216052 219443 205549 196724 198015 215590 184416 189878 236943 172281 211485 219707 198687 
237480 258795 230254 237024 212633 225715 263453 245350 238229 251015 228745 215912 227060 270837 234693 221181 245366 224312 228854 244375 267452 247046 274781 278170 234841 253128 258354 233163 221828 232794 233381 264342 250660 230513 264059 258377 244025 245251 265345 223560 263257 257689 222475 229852 272414 222143 266490 248552 213954 258180 242186 254495 260015 250809 247100 236319 228680 248828 248499 232020 255314 251482 226849 242914 256497 253085 208847 252651 240964 257794 234050 233802 240149 241161 211090 228183 223813 235911 255688 252387 231819 243602 266184 253335 223095 274629 238622 239172 248966 228254 245135 253187 262036 234559 215268 279844 236878 256195 250373 247474 
228641 262009 225897 234153 221865 221726 272267 251384 250208 244540 222011 220234 236320 276170 242860 249547 242060 237243 214563 236406 248256 242200 276294 267462 219438 241211 233691 243591 230945 237054 230433 253794 250827 239833 243448 261155 233675 252734 257452 221247 257307 261633 208375 218646 261840 232460 251551 256496 209578 244731 251762 251755 260248 252029 225974 230955 226453 244675 259411 236938 244911 229061 236413 233858 268138 238505 221747 254954 245646 245184 242586 215757 246860 244675 225548 242924 196731 258624 265425 245748 225957 241174 252406 240668 198565 265876 237080 246887 256090 231839 235157 237905 265671 221466 209766 273791 225869 246128 258111 248004 
239927 257013 219269 218077 205520 232702 241774 240866 233630 240616 224907 213984 231358 262662 251268 215704 245313 228358 213644 238951 245878 237719 257186 263631 234003 239002 238011 231880 219209 236740 249070 253766 239855 215320 255043 260326 236646 253135 268144 218820 247566 265594 214077 213428 258531 235563 236570 233614 207619 243063 247219 236524 248658 237728 220659 219006 232425 228700 249257 226029 256033 211876 226002 224289 257777 239990 222674 241506 243905 248932 243106 226081 242109 238155 204159 235148 201464 240704 253086 242825 234430 220262 254125 230806 188496 264449 231939 235671 240364 237663 218325 247463 258603 229335 226949 254382 233104 235966 248849 244364 
232738 253843 192021 206187 195284 226297 246897 223398 224357 210467 214186 235705 207793 254999 213954 215873 222384 212589 208226 238651 220827 230348 256527 249404 209532 215770 228722 218228 224227 224910 235476 248810 211716 211949 235899 222711 218600 237367 237396 214325 235096 248211 203464 221478 238806 207387 234851 233683 198840 237792 233131 226743 225480 239891 215760 227511 206032 237958 246228 208229 230096 226750 225248 228849 228502 215090 207913 217085 232255 242909 213603 202718 225236 240985 211035 223852 212894 215731 252221 225325 215249 231508 241946 218714 195449 246097 218233 230693 235461 200095 226767 213234 259250 215926 204351 264580 200945 218027 244972 235334 
234775 244627 215600 211029 191177 208010 242844 236938 227386 222089 208770 200522 220869 260431 204244 229270 221791 234588 220536 230697 243745 240503 244611 249262 205959 211426 241637 202809 226313 216147 229677 239926 239448 232906 238272 237384 223112 246040 261748 204050 238241 252592 201024 213752 236312 210336 239491 224459 210669 234290 233463 241298 233517 237459 213862 208662 236562 228351 246851 217510 229134 214829 207563 224774 245169 225919 199932 235785 241541 231864 225471 200138 224788 227810 222807 233861 198923 226825 239078 228732 215308 216531 240154 224445 186676 232657 215341 236301 238909 215614 237304 217554 245593 221503 213678 256925 215081 226096 251773 245891 
247667 244831 210367 219890 207857 233437 268738 236980 255579 238682 223665 240274 227712 263117 246353 251320 247381 229169 240065 254436 257495 255962 278703 262630 236815 234508 247164 227318 219953 245107 243205 267281 250334 246777 250464 268828 229464 243184 269802 248474 251624 254045 205195 225904 255303 228585 256368 258025 206981 265373 257226 239888 255016 238985 221943 227420 226282 254637 246822 238515 255869 229415 223103 237362 274438 237636 218454 252873 243718 259247 237759 217961 237967 233954 228354 233432 208335 249126 265585 242001 239619 247342 271593 235586 201311 268581 253515 262784 267827 237272 237585 237183 266787 244382 223836 267860 215812 239703 273527 245427 
237510 262193 223755 225082 220459 243191 261384 246688 242678 239957 223863 235488 241015 275049 231217 243943 245928 230902 228774 249429 244783 243829 265798 263685 227510 245191 259451 204037 241251 245465 248556 252241 242809 233811 258352 269671 235493 261759 269468 233487 247646 264354 217116 237063 256418 226468 255478 242027 216377 268908 244551 262208 256701 244915 231375 238734 219602 242570 264401 228918 258850 236873 226366 224485 249054 217890 222149 243129 244415 250652 242089 227793 243784 234743 229322 245261 209282 243610 240623 252302 223422 235529 259365 236953 208851 253570 236885 253476 263492 227403 234492 232357 270667 228575 225706 280253 232456 243033 257306 239791 
216128 235373 211473 208119 202755 199749 224074 215906 213469 210489 208966 216981 228399 240420 215747 219079 224387 205020 206789 218135 213808 227651 263544 231580 211708 222711 221517 211304 212085 227628 234162 231825 218032 196619 236699 231655 205175 229250 238802 200457 230677 244664 192403 208665 225559 211508 226413 210683 177729 241797 226528 219149 237488 222415 194320 215230 205087 222620 242261 203073 220509 219293 216716 202387 222772 205466 203328 218121 241650 222418 213101 199849 202723 211608 204333 226018 176623 216531 243275 220718 195211 211769 229581 219312 174154 242786 221685 213367 225651 213291 213880 205512 238023 208061 201048 247922 187524 222778 237879 223547 
240129 256776 227269 233796 209694 232586 270416 249474 236430 239309 231206 237907 248936 278936 242895 249145 243219 239127 229795 246833 240060 247223 275033 270856 215175 250695 254364 238594 225890 226303 254809 266507 271674 226941 258212 262721 233230 257831 264480 224950 265414 269788 219384 249524 271859 225392 257528 248659 210939 262602 245001 248473 260175 256178 224282 232855 233868 260943 259758 237977 258533 228436 226505 226762 270406 228950 233592 240553 252653 244744 238487 236584 250741 237793 234196 251808 212500 254224 256306 248509 233609 240062 253892 236564 203541 262456 244567 266085 263792 230251 237104 247822 276974 238936 234001 262126 221102 245437 262863 255863 
236107 249247 236404 234591 225528 232444 272010 250048 250544 239134 226990 226424 243405 285793 252088 241129 249630 241939 225011 239547 257309 246984 288850 286630 237674 243892 266654 249454 225543 243844 268930 262636 260627 241592 259331 275904 245000 245509 263527 226194 258205 256179 215289 233219 261905 243899 269287 261379 221900 270380 254437 243442 258679 241742 230033 254360 221598 259471 265171 242230 251427 228663 241478 242695 264304 241994 230014 246892 251017 267388 250960 236337 255258 234723 202274 247768 223058 247146 261861 266786 239728 246672 262689 256199 206036 266569 227227 253208 266314 254035 231031 253683 265634 225126 224891 287496 232651 247257 275288 264225 
247968 258719 229032 247951 224059 245164 272198 256834 254212 248490 253747 240320 242396 288419 262157 247190 250144 239950 247890 265861 269940 247173 283877 294246 238687 253567 253808 253507 237369 249730 267057 286755 264923 256274 257361 277212 236786 258183 278975 252856 261282 275663 221954 231888 272589 242119 260296 258698 222090 268175 268536 262293 263839 243075 239525 241557 237641 260353 263278 233977 264691 229812 228328 253138 264764 249599 228069 267701 264226 271250 262555 230056 257805 264615 230860 259462 232543 262366 272659 256488 258035 261902 271773 246250 205329 275940 249069 265293 265917 244931 254338 255606 275055 239130 241319 280176 238801 254633 272616 257735 
214273 249772 207881 219282 207649 224197 267537 246300 244919 240675 204819 222042 209799 264697 229783 236132 238497 220401 194785 227873 245258 231938 244202 248550 210073 226851 225692 211905 214937 218799 224569 238200 232984 208649 236524 256136 215391 238290 240790 223549 245934 236026 200315 210411 236317 225090 233024 236676 206945 233584 229404 236778 233167 247259 221050 219597 220769 246081 244193 223088 235299 209379 223682 230912 250867 210881 181920 246023 217508 209922 220725 201146 243386 247146 208469 220096 197283 222579 240008 218597 222841 213303 251234 212582 192227 251092 215854 244209 247346 222824 223890 220212 252985 223032 190777 258359 214570 229081 245778 240411 
239377 249517 213032 221006 216312 220650 271716 239508 229902 229998 219671 225612 207972 268224 225629 234387 229966 208452 233589 243706 246936 235240 266978 254571 202327 226946 238108 222087 227900 221345 235746 265248 245973 243648 257825 244641 214652 245497 252580 219364 231058 254015 208278 225125 251275 232665 245868 224082 204718 247639 241590 236511 227421 248334 208444 222953 200851 223003 248248 221901 239233 219998 217275 217840 249147 221589 203424 230228 236109 233159 233934 209973 238147 221804 217498 242311 191894 225112 241236 239271 220236 222045 241699 236659 188055 256762 239597 233088 241326 224370 232807 226508 253903 224286 220183 256987 210227 232237 244788 242659 
225626 253261 208733 233669 213634 219173 245444 240810 244378 252865 202387 220672 220139 261324 217024 216501 229690 219572 210251 239067 247893 228659 248315 261240 225477 234686 243659 209085 226256 233797 243267 244548 254101 231980 251998 243366 222305 233837 247235 225076 242269 243363 212335 210887 238427 212514 248312 231391 208454 238326 232331 217550 243329 244752 242735 235456 204904 243436 241952 228850 240379 223608 221904 225627 252528 220308 206747 237662 228538 241012 228555 203915 228068 231409 205920 215658 210627 229304 242360 236209 223381 232502 238750 235721 196556 246715 227114 236288 246766 229379 220353 224647 255080 212834 199095 255258 222483 237696 255597 243245 
261574 279025 234689 244256 216086 226680 266343 254912 239839 250091 213391 240125 231896 271737 232306 226820 242820 222370 239100 244596 261113 249552 268061 267836 224973 248882 259791 240522 228319 243218 254526 262843 248807 235367 270453 270062 238185 249147 262843 222824 254877 268898 232660 230777 262332 239782 266353 246258 204233 257478 238881 246163 266239 261621 227351 226805 222700 254534 264996 250682 269430 235529 253182 230646 265459 247771 224001 248494 242700 248526 240659 224854 251260 244957 237541 233210 193415 268266 271324 244525 239571 235469 267217 231986 210462 287845 234735 244699 256133 232509 251579 245095 270814 239729 222420 273586 227780 233054 273195 253894 
253290 275666 257260 250538 233859 255464 300170 249009 270221 244410 234220 258373 253746 290304 250988 257426 262838 255533 240830 262667 261687 263922 275118 301300 255837 261050 288181 247955 259367 266403 262560 276476 271599 253134 271135 290756 254613 259119 299744 249346 283641 264378 233987 246790 286773 237223 276378 264229 218835 266081 267496 259817 265697 271149 249913 251142 247308 262619 283052 260163 277033 254486 251596 260259 285419 261606 243543 273003 269451 293764 253009 229592 252702 260535 250673 254238 239554 263425 302767 272519 242834 266845 276681 248178 222110 287177 248319 275606 273042 247594 259458 256151 295065 242159 242443 288199 242003 264595 309877 257760 
252155 266375 224102 248932 229927 261122 282368 258873 247451 236250 236603 246722 254322 284603 236465 255603 253909 241719 234443 258669 273974 256247 272613 292881 242198 253455 260176 230856 254114 252619 266387 278627 263879 250361 277009 287734 227743 251983 290612 250399 268927 269502 218784 238691 262639 249766 250170 244720 229627 263855 265583 280659 248159 261089 232327 240481 244897 254040 279333 239808 260906 248813 248855 246345 266986 248673 238428 266705 265728 258776 263432 227859 256918 247359 227090 258919 232816 251342 271624 270815 255984 254904 261008 229088 225674 288694 255503 248723 286261 250706 240326 256268 289209 243092 242979 289359 242980 248280 269927 260448 
233462 249821 209200 221359 195452 233534 262562 239941 234990 224365 223814 224342 217421 257383 221545 229979 237079 215553 222737 233922 238962 236807 262979 269058 205731 238680 251304 235785 218589 224602 246149 261218 240490 222591 239622 254374 209818 259873 246337 222279 233181 261093 208882 234742 248813 228587 256769 241120 201435 233956 249998 245018 234745 249478 213112 235060 220494 244637 260829 214815 247770 212580 234393 233770 250325 238100 198828 239413 245478 240811 231778 211110 241049 243030 221881 234348 199249 235678 256678 227897 241896 222949 247733 224401 202021 259748 235387 243332 243595 226976 230374 236913 258488 232712 221927 254868 216612 238098 252965 254042 
219716 247226 227710 209560 200052 228299 257330 229727 237893 223255 222540 221270 224047 273222 225993 225505 229770 201941 222539 234902 231459 234138 257809 272574 217820 237902 230773 238396 211899 225104 242610 256902 228453 230391 235990 258996 219558 232325 246712 221943 250799 230525 208541 211952 254218 229297 253517 238166 204473 234874 230248 233531 233195 248247 218979 232955 207909 220298 257391 224747 243506 227852 233741 238074 233484 226658 220061 223983 227891 253240 230672 216173 229407 235661 198209 230020 196790 243536 256301 228332 210658 226452 255272 233795 190895 241122 222815 237468 230143 218067 251614 236147 266644 222077 207465 281725 219697 242097 247834 246748 
249517 271876 229084 229962 200036 242208 258682 246830 234694 238329 224758 230380 222913 274077 231424 242845 248499 230443 234070 252389 253988 248180 265108 277661 215571 231477 245072 244759 222614 233213 247409 271333 252864 239487 249443 264857 245388 257764 277683 233073 255565 255802 223839 224727 268574 221866 263723 255365 214329 250483 254399 239503 258846 254364 230979 230254 219744 256258 261289 240942 256934 234797 234235 247607 266220 250028 225784 250477 249026 260282 228430 230555 244352 239779 226798 237876 215860 238550 268102 247845 226528 239213 257118 241840 208707 256787 228521 258177 251776 219713 251310 224596 264606 233626 227029 283575 234634 250090 265372 261677 
245558 274144 229204 233447 234470 266223 296650 263272 258492 258477 242140 234002 239017 283332 252700 253611 254776 242811 236413 269821 249770 246628 300558 279827 247871 256132 272653 244898 240495 260990 248957 273161 250957 247441 272776 271400 261043 271700 281339 237228 273879 265606 231139 248997 266552 263139 277729 274348 230242 271432 262199 267045 281574 264755 244286 260333 225850 280410 290009 252217 274797 235789 236162 265424 267711 242545 237922 265947 259145 266086 247353 246415 261068 270977 230157 258505 226254 250567 279211 250903 240833 249549 288408 264942 221606 274115 258779 285326 272039 250005 268154 244222 286115 261530 236015 302627 239685 269862 269252 277208 
244273 247089 225969 208935 198113 221216 265098 230003 240505 230443 229512 232322 228606 264846 225375 237935 237809 223635 228324 234208 252866 239910 258787 259997 209545 237442 256357 234194 239659 243522 236831 260021 242700 228962 253118 261541 224588 253829 247561 220111 241193 260157 208910 210813 260682 212169 246539 237799 207570 250654 232523 240214 247594 241544 240325 225732 220432 229805 234717 205064 252622 228830 223803 243383 249298 229768 212039 229118 239067 248985 237004 217704 224877 239883 217489 235804 194156 250957 248123 235194 224141 228878 259593 245829 199180 261450 229020 242983 255520 215306 216046 233523 266472 212698 222589 245862 225355 250996 271781 225399 
239835 273464 220834 235885 224139 229711 262857 240845 251653 240029 212321 223099 237956 266296 230230 245440 251007 227169 231790 245167 261192 245589 275579 258438 224012 233233 251117 238416 225754 246504 240334 253529 246111 243396 261078 272596 218441 267545 256454 225106 252398 257939 218617 230071 255543 243709 246141 249595 216325 244655 238417 253589 251631 239508 207183 233998 215770 262210 254728 236159 249439 214525 215908 237134 268418 228370 216403 267633 251946 242794 234868 221317 237138 255978 231711 241471 217627 250410 270015 219147 234396 248326 256695 229808 204974 273123 232812 253798 267200 246023 248690 235616 266371 242503 224461 263727 213927 242057 262118 250172 
234310 259326 215718 211491 200524 229474 256700 239942 224274 219369 213864 209527 222625 256611 246036 228302 228630 221299 219672 230245 251875 225626 258530 245254 215781 229186 237294 214321 219460 224672 238767 260418 240332 238467 241501 268012 215316 252754 253083 237618 239857 257125 207461 223014 250174 222075 252282 240963 194221 246047 241775 249270 240840 229593 202802 216616 210829 231151 229739 227964 248912 202296 229527 222099 247244 220485 218427 238679 239041 238906 242895 220256 227091 229745 208461 236166 189261 232174 250912 228864 216286 222615 250668 232026 191711 268276 227870 241505 256459 224158 216854 231214 259338 216800 217068 250917 222759 231946 249960 237173 
255282 308623 260609 257062 240711 270588 289932 266970 275442 273245 251729 233436 280205 292619 273100 256426 262987 262060 247820 261863 292189 270290 295068 299060 256431 275676 284951 259571 254835 266745 288038 290983 265359 270698 289594 302025 258738 305501 287182 253157 282926 294503 232584 253876 301937 250827 289070 276283 239021 275200 284809 283226 289246 286814 257170 262714 253637 282980 283674 269226 302288 246578 257910 267837 296495 261481 248105 291872 279994 278945 287105 256154 269722 287006 255345 263385 237199 275580 280005 265823 257635 264204 293024 275844 231110 298768 268044 272799 275809 260704 278274 255311 304355 249789 245983 293989 254892 291001 287743 264645 
224884 268112 222890 224005 205981 206650 255589 221247 225009 226415 212104 220812 227501 255185 229642 223777 238145 215653 216836 228542 245501 242354 262325 263116 230336 248352 243439 222975 215298 250813 247529 262024 238551 228492 248533 269252 225519 225121 261558 222645 258459 250235 194950 216581 243712 221987 245575 237993 198649 245602 237093 242502 251099 245730 220671 243188 200820 261816 248163 228747 232610 234184 230041 220431 258445 234961 224305 245542 246019 254428 228705 224690 222003 227834 187980 224269 210018 230005 246389 252265 222993 231463 250241 234863 201462 259417 245516 245825 242066 228810 210982 232535 262341 230104 208333 259625 221499 248879 260601 236964 
247312 264769 223727 232379 218821 248222 263649 246258 241699 244601 226767 233340 246446 278553 231519 245768 234080 232944 224021 246122 257368 233343 267331 276085 230199 232768 246715 231781 229668 246628 261387 273606 250849 236554 266695 262375 239896 263653 262725 237893 260625 258154 211715 225900 258651 238215 252013 241257 214873 244077 240034 250870 251957 251876 221492 241740 224901 250484 251094 232658 265511 221731 245994 229494 256849 242325 226709 254903 255052 238506 242471 226065 248348 252802 229747 250720 215514 248937 254979 246233 240787 228621 258746 223386 205877 260392 254629 251435 269329 257051 237553 254586 270654 219656 236113 272743 223198 244513 266852 237881 
237093 254380 238005 229340 227566 246017 272020 250785 246040 246732 239344 237799 234875 294388 239959 247609 238835 226426 237375 271348 265330 243510 282791 266458 229479 236624 268212 245566 234941 243965 233572 263530 258689 245789 281203 263370 232711 254748 259421 224827 262902 258663 226786 249482 267501 245759 259561 237148 223258 251256 253394 261585 247588 254417 222754 247675 236069 252117 263185 230042 257794 228977 242039 234861 256471 237662 235773 254140 259143 253583 246308 220851 251804 243786 233172 249316 210319 258936 267834 261799 245950 244443 257130 247550 210301 272593 250572 244276 270546 237224 252046 248139 289725 224573 249665 271788 223139 250885 275563 253121 
252201 264139 218707 224181 202935 232656 271697 249900 239397 247185 223066 224973 229094 277152 252391 231880 243873 230251 235384 255360 246814 242280 282471 276374 225029 239504 252505 235701 224174 238008 254946 277235 251507 234645 269854 259585 261456 238988 260582 240061 253873 256492 217868 236931 271277 244830 268207 237622 219118 272353 251059 258923 265748 248966 232327 244660 221032 253456 258813 239301 257477 221858 230390 251254 258913 242713 228377 251904 232081 250852 227372 232230 243346 235990 226705 231922 223994 250241 256407 238297 241656 241581 273021 244647 214614 268493 227485 264604 264590 235069 237466 232546 271608 235078 230493 283708 231468 235178 277474 253153 
212279 239852 211098 203081 201753 201313 255317 244019 222310 236153 204787 199823 215598 247270 213567 199684 228751 207155 207265 217513 223205 218152 247267 244842 206825 233995 220950 211648 214179 226153 239388 236604 224667 202465 226714 237459 216358 217855 240210 212966 242032 234918 186693 195800 223403 213759 237895 222128 196239 254790 223045 230550 249341 234669 225568 214254 196191 239123 243026 216843 212065 218324 203943 222985 234402 208831 198096 221200 217034 221987 202996 207296 227681 228570 196402 231369 179060 222668 240322 220186 200189 245023 241608 201614 194569 228650 208133 237191 209349 206289 223036 219919 237388 208622 201136 262531 211748 224261 222979 230262 
248290 282095 239756 251743 234256 243396 287206 270466 270736 256751 236193 228517 253683 303236 257975 260749 265207 232227 232588 261752 288349 259472 293651 289047 254555 257584 276017 258592 243307 257282 267319 277714 277191 255284 277123 278470 253077 276808 272270 236370 285851 276864 230935 250044 267735 248513 277208 266218 226970 270869 269515 257101 282211 267444 245109 249136 250228 263762 270649 250107 271744 257804 251670 248325 292214 257557 228493 267233 264529 261242 266461 233424 288176 258813 243355 253958 219017 281001 280338 266252 257099 263526 293278 257551 220689 282795 248034 265474 275994 258651 254004 264858 292872 250074 247418 292005 226677 253197 288141 274599 
221463 248026 204810 207690 215614 206465 255508 213744 236649 241884 212774 214553 213791 249851 222192 221423 239408 216252 191519 222033 230472 215865 241189 255042 217744 229205 249860 228227 218603 217362 236654 240742 237105 223112 231530 252318 204102 240957 224301 215466 238253 245511 198786 202186 232581 232162 237814 226134 204418 229116 216870 229079 239043 232174 232594 233419 202119 244455 239654 207382 234861 196244 209016 219975 249367 220658 203933 235330 228909 237383 219166 207507 221063 234487 201748 220996 192992 238411 244365 231532 236364 230388 228319 225165 190873 244667 224171 237490 241251 227585 228232 230566 237146 214631 205716 253669 216091 241318 241894 228303 
274836 283133 228013 244446 226321 247477 273543 261401 249310 261628 242164 245303 258505 290160 252707 261020 260900 257374 244643 269723 267640 244619 283553 282713 229992 239458 248934 262440 245933 257338 262292 297510 270592 260369 283065 274135 250228 275922 279013 260786 261668 279317 238784 257826 278071 243677 272884 274863 217390 252224 275258 255494 259083 268666 235704 261260 245380 259768 260866 256585 279782 255161 241271 244147 273343 271140 241021 261056 274290 267220 266367 230497 262932 264523 266511 265803 246159 272803 287866 252353 246079 254742 264892 259550 222649 275246 265313 272754 274069 249911 256663 256542 274725 233914 249766 283242 225809 262893 286288 266606 
255182 282400 244612 231880 211601 240260 281685 260930 261400 241606 222987 239869 252420 279138 249241 262616 243703 250489 242545 263196 267488 260070 279766 293986 233861 259859 268200 251155 234017 255797 275394 274802 267806 246008 265774 267079 243903 265009 281822 247190 272758 276219 211977 235145 273610 255481 275667 259659 228173 265101 254026 258365 273350 267319 247770 236294 223584 254059 270597 229534 258546 219498 229617 246682 263994 256623 207758 264343 246062 257196 242181 232815 244500 249759 223817 251485 202529 255001 271679 255232 250210 241258 262460 257253 215145 275223 246588 267639 270752 251946 234464 255974 275557 243961 237253 283894 239180 254976 284221 270698 
247873 237895 213608 208070 211012 226939 265804 238533 237303 224044 224629 213506 218789 272042 236753 236659 231323 242637 226002 249855 246984 240822 249368 273264 225708 245123 246806 209504 233588 233772 239200 252360 230932 233106 242749 263891 225951 248864 262353 223897 251071 255424 197415 235356 252239 226609 263258 228111 215467 238961 244851 255943 233315 242982 233757 217293 235743 222010 255221 230713 261230 221110 223295 225963 252874 232376 214520 248678 236374 258409 251370 203641 235300 237247 221655 230040 201413 238085 245795 239850 231446 229794 249882 231601 206610 248455 231916 248367 246992 226377 232564 224620 259054 212186 213144 268330 231845 233394 259352 231895 
213124 231944 203603 203552 197853 194625 243335 213361 223541 222923 186747 193122 200349 244932 215931 220625 210864 205246 185688 215178 231159 211045 238157 238285 197084 217623 227551 210198 200318 198501 207540 218609 224158 211734 226004 224125 204314 227725 216479 191682 228727 237793 183451 208527 227838 211962 232503 204832 202751 219172 211018 219792 219088 229364 213363 189903 202606 215834 227545 207971 225641 189902 194401 205363 231906 209472 184345 232047 195227 214685 215777 182998 220082 211751 194141 205440 173812 224192 233917 212276 213922 206615 224594 206601 178224 230008 199517 209285 221315 204116 212116 201483 240214 200778 183409 236174 200984 220590 228229 212543 
245967 259688 212187 244262 221822 241120 267361 264829 244978 246685 241456 226026 236194 281341 244500 248608 259986 237858 212352 243552 262007 252900 281229 276475 221619 243674 254520 251059 226216 243572 244983 264871 264628 230384 251378 266345 231339 248787 254054 238964 257587 272751 218073 250589 246252 223548 255232 256354 224276 254504 254807 250384 251454 259452 227128 249243 244710 251878 267972 238514 250050 250140 234708 238155 268538 235187 219750 260330 245520 253619 253600 221908 262298 255955 227769 251799 229837 248923 252363 242960 245555 238661 263598 229982 209081 258393 234444 239502 252288 246897 243374 244479 262328 231446 217113 285408 224186 263080 273224 260398 
225277 269384 220559 209938 213817 230307 248526 225668 244113 225124 201210 220841 214490 259457 236374 232196 247627 233291 219667 227986 235758 248856 261663 259826 224281 241989 241504 220851 230417 233615 228507 253172 229522 240564 250942 265189 236252 255125 253358 199070 239014 263586 209045 222721 268029 219413 265214 256321 202818 232946 235793 250277 240315 245741 220012 232762 205357 238175 248715 248855 247822 221653 217114 228682 256024 222186 223622 246842 245097 243464 217242 231057 245040 231518 207088 234135 209159 236918 237194 229392 219499 218655 254415 225860 204469 258273 236184 245937 249740 230532 239666 225157 258961 234541 205037 273857 223926 247467 251186 238367 
258967 265076 227014 241417 209930 240907 263387 244300 246594 244509 228830 239276 258502 281630 250505 239711 241581 231272 223443 256456 269834 238473 262913 265136 220706 238505 239179 216343 217479 235627 241327 258310 255535 233888 253688 269714 232588 259262 265870 241815 261614 248529 225928 227944 270327 231957 260064 249238 223319 262202 245419 238567 254076 251652 218724 229283 236317 247238 270050 245819 261537 228498 243518 233753 277218 247869 221478 247176 240439 257818 252955 223466 255847 246531 224672 236446 218279 256919 269563 249330 241178 243812 254892 236481 195756 266919 232219 260198 258547 241108 225332 240430 277010 234883 226732 266700 229259 237187 261319 255740 
218777 262501 217218 225732 204242 223920 243960 243509 251118 236915 206324 214334 223159 261567 238700 228377 241683 217377 227604 238665 255912 242689 250767 268516 229189 233521 258112 222838 212448 246524 244469 264885 244700 236696 245470 258213 231600 262585 259229 224660 251056 264873 215947 201612 250060 231017 246027 229368 206860 238413 237422 235162 238614 235732 237125 234457 216227 242160 235694 218481 236511 214437 225504 233071 252528 251180 197484 240492 246067 240734 225302 215874 245803 230445 214123 224960 203358 242166 244944 244914 231500 240436 253095 232445 193205 247944 233400 252404 264533 237173 232172 235635 258727 232891 210279 260740 229277 248705 262060 227639 
253122 288264 228936 240879 224347 233400 277040 260002 266693 240458 233473 232376 237403 277168 253693 258292 258263 239644 230888 251791 269121 249284 268088 284588 235504 240156 256722 248373 232610 254453 265875 273021 260626 257587 258785 276954 240555 264799 265275 230517 263586 266981 220726 232179 254301 245313 258789 254950 215022 253339 243733 247409 272463 249468 248631 246039 226803 276436 256921 240273 264307 237682 221171 242489 265709 239669 231033 261768 256781 254857 217819 228592 251395 257795 236397 239482 214849 248944 269365 240262 252867 256246 272354 238113 212329 274918 241046 268565 267908 244264 261081 237437 271914 247030 225273 286722 214714 259277 278928 236954 
