100
258476 268459 287003 249764 235941 235877 250635 267005 240477 238587 249622 233915 268829 211248 248829 251754 262633 218406 251128 228618 233383 227406 240933 275692 246881 255718 235960 216752 272432 261262 232251 233300 252142 231197 209606 233644 262640 234408 251030 233860 246650 247242 257903 251186 246700 245282 234031 257280 235277 246093 261466 257881 241993 242944 269167 235239 275792 276093 229056 224392 227722 254358 240479 238914 250660 240553 231112 262339 219417 281455 231589 231369 264997 248965 244238 232941 227398 227889 251881 225556 258097 245445 272340 267029 246026 252308 256402 239605 235292 238466 238747 247785 268764 265541 241368 229077 225903 245486 268135 284100 
257164 280985 279773 267716 245003 219484 251762 264340 256632 257548 227908 249027 263469 208503 239774 278533 275572 215687 265979 229502 234840 223288 256399 285270 248292 274055 239899 218328 272664 259744 234467 247152 244065 246438 242405 249390 270771 253558 276270 240184 246925 266440 276195 262184 253423 269137 229662 252983 267669 246160 269237 274305 249150 239942 268520 252575 289860 284287 243452 226776 259666 267033 252159 265196 241337 238751 237145 275707 221224 302105 254508 249617 276372 270680 254194 251183 239424 223094 246310 263599 253895 238419 281824 268548 230790 266978 263567 277523 256143 266000 256844 274921 255956 280031 233499 237303 234454 253112 260729 277533 
259877 284047 275155 276782 239886 247381 269851 276628 255840 256701 273809 244267 252296 226873 246930 257273 260842 226549 276989 244681 246103 232482 245073 276136 241905 271770 247960 223881 282721 268424 241756 230459 260310 245762 232826 240766 270780 248772 258312 243064 262645 255812 269622 267805 253087 263977 243343 266226 259076 249001 283355 273596 262724 247983 272512 246096 284019 280535 226854 251974 264698 266199 242021 260960 251151 240255 232521 281061 232876 290129 256590 256332 276721 260223 246588 264568 240665 237408 255347 248005 247530 250035 285930 266405 235252 276450 245891 267770 253453 247340 247424 265925 266309 258442 246063 251827 232381 264107 274921 288288 
251214 258759 256201 229638 234194 209592 227358 244297 245736 234170 223019 224120 255256 214550 226423 230549 254189 199080 235014 223050 231017 222327 226560 257288 226077 247525 209542 214752 258698 223176 221174 209033 227528 220420 215939 232216 250478 227916 240600 218695 236690 257788 250057 250918 235437 259852 229757 237043 237222 223588 240440 239832 228937 208046 239094 218602 266440 252262 224678 229517 239206 212534 219792 250996 240707 224597 232554 258204 206332 264912 246461 238601 243644 261107 228160 224128 206234 205592 236838 234953 225890 236640 239735 239660 211598 236438 238303 248471 244010 228482 245025 263822 250662 236435 221144 218890 228716 233245 260548 274341 
262894 256932 257400 258467 242685 209682 235528 257617 235880 236704 237852 232047 248538 211278 240727 246212 263471 206434 262802 236136 237401 226652 241687 271728 237428 250651 219979 203806 267297 249641 231836 224662 239484 237399 228076 251064 250817 240274 246955 231882 243761 248361 255576 254960 241493 254552 228547 255208 244791 246664 246498 251642 245361 228214 262140 239099 272414 269236 232752 216872 237056 254151 235663 252113 257325 228574 219191 268901 213627 278959 236286 252617 272733 257443 220604 225074 219407 210604 240989 229366 256551 247394 258282 271477 223965 254529 253346 262952 239568 259315 244332 249297 242492 263323 244211 225695 228111 246102 254501 272628 
250927 238158 259119 246684 231393 213628 234584 247335 244126 245809 240033 231516 233970 197553 214931 228300 259411 202805 245668 229370 246077 207689 228389 251578 220983 252700 215198 194292 254040 242824 225171 223883 236694 219205 207023 224650 243376 242906 236053 233811 236753 219561 243385 245242 248144 248488 213772 250124 237343 224194 241957 241515 239720 219324 246434 220439 264789 272342 215800 229397 219139 239784 212440 242217 234183 218393 214119 246272 188943 260343 222777 229566 251186 261208 234761 235602 211766 207076 241846 241820 258032 221537 268291 240646 211358 248887 248878 244182 237965 237016 231580 253194 242465 260874 254075 220839 221129 260179 251494 250008 
260646 276787 267050 287785 239133 237528 250765 266282 255988 257292 246604 230711 276094 213433 243584 264026 276230 233987 269231 249727 244188 225244 248802 284407 258381 277613 236086 215817 281740 262869 232197 237362 258721 248380 236501 266513 259625 242629 253510 237341 263954 260763 267599 282114 257504 285175 237300 257968 268883 248571 264437 273390 263307 245487 256529 249088 274531 276065 251319 244882 248634 252729 245110 266815 266838 239791 233414 274691 211626 275050 238555 252117 271730 266664 243056 245792 229243 225851 259159 251099 246418 243500 279307 272412 218634 264094 259585 268283 248105 252053 254426 266584 263678 280071 250734 240069 236527 252661 256677 280199 
268989 262412 262511 270159 239443 227145 243879 244208 243938 241859 231802 217824 255828 213216 227756 270161 262377 214529 242030 228599 233132 224471 229465 267286 241897 262155 222938 200162 242310 244634 225182 235025 243530 226880 227653 241958 265193 229570 241094 216663 242038 249931 260517 265564 246396 266183 209759 247889 238691 244684 266004 249819 236253 236122 251933 230521 269033 265590 237553 219926 240711 243677 228106 254744 238891 220529 215025 267564 199196 280673 252058 243882 281268 252740 232767 223098 220069 225395 244103 236703 250283 239205 260646 241703 204487 245438 247874 256697 242116 254580 231513 259047 233673 258100 231463 229267 214407 240925 248229 256707 
262917 282125 278669 267619 237036 228430 253326 259015 244847 266211 253707 259600 259317 212810 249260 264709 261455 212073 267857 229804 239297 218914 241347 277571 250139 277317 228336 228532 276553 257471 248379 236979 239223 227129 214750 261675 267928 255117 254544 237003 250271 247296 274017 257119 250779 258223 225740 254420 252222 249131 263316 263176 240897 237466 249278 221459 271089 275277 228151 233365 248904 256348 228632 263475 241709 250127 235080 274975 231538 304055 240755 242961 267847 264771 248831 260129 225067 220505 243264 272988 260937 239915 277468 260950 225882 270093 249299 262213 256087 245276 256464 259492 266613 264102 251812 232838 230641 265709 252432 270190 
238672 259156 257265 252905 237450 223228 217604 265768 244793 246310 242684 233527 245901 204938 229160 239785 246569 225531 259038 216103 249662 240805 241871 259897 238736 258953 229993 211776 260004 246769 221878 217558 248860 229959 220649 229924 242145 254201 249852 234559 226271 251365 250470 249195 230198 247998 234592 247580 256138 212736 242993 256302 240313 221538 262207 218547 259888 252744 221122 215732 232035 242824 230457 247689 225254 233749 227303 250076 204701 254267 233403 241287 258848 247718 248167 240842 228206 228075 229197 246007 237063 231010 253737 244550 229540 249743 231632 258232 232045 256231 244518 248208 272264 267388 245955 234872 222797 235622 251460 257986 
267834 269917 301344 273835 273025 238647 258184 278744 273524 270585 251670 257435 274220 225598 251180 273971 285772 229583 276166 252055 248703 247639 264339 283319 260134 288790 235157 227634 293442 269286 242779 245031 251141 258507 230099 267814 293869 244760 271645 224385 261801 270016 279598 269822 266983 292379 241186 272513 279703 259620 275082 269337 260536 235599 283618 239518 301132 277458 247185 232592 251334 253989 254498 269650 249828 251229 243696 281686 232787 300861 265038 272674 288809 266720 241671 239362 245474 228082 267179 247192 253231 261030 275886 278040 240081 252696 271724 276339 263662 244676 272972 278064 272429 274588 261601 226969 228860 257642 273849 293625 
254903 265675 271005 245078 230112 225837 243855 271737 256080 243685 247520 228652 256368 215885 233179 237358 258446 224124 260088 238995 227077 232008 245498 269412 239344 259557 236744 226508 258832 248729 215588 239545 235640 229046 211597 229914 246545 242314 242880 237920 230995 247074 262690 254826 253540 267773 209162 248436 259463 233103 261461 247959 255505 231683 259766 228726 287101 263564 236273 231048 248319 246969 245311 267721 240052 244741 229715 264580 213320 281610 228069 238102 266732 247890 241549 226519 229346 225615 242641 240712 258409 242620 275246 262647 235565 263947 248440 254441 246074 235331 244905 252785 273301 270237 245112 217614 221974 254352 256501 281983 
246752 256642 248091 245366 230189 219581 251603 251921 251222 234750 226795 227140 240692 216354 239449 234169 258244 193137 240923 228920 221917 207439 225953 261050 223839 248918 228879 215743 266908 249647 228415 232088 242359 239243 208450 239543 243870 241488 248442 220503 230199 234012 251576 251278 239337 245523 212245 246343 237003 228559 245112 243270 230055 237025 240407 221393 254781 263535 213814 220764 225043 265725 211557 260209 238661 231975 229124 256459 195483 276498 235719 247405 266851 256593 244973 227912 200248 215977 253433 240001 235827 219591 269478 251163 210058 241377 243708 239268 243815 246550 211453 246498 248489 256723 241130 229819 210689 244122 252035 265562 
269133 277341 271622 290510 243255 220861 260163 267353 259573 262460 250706 236735 260195 214896 242137 259009 282150 228470 269554 239783 259624 224238 255904 275123 248268 268941 247673 207385 276679 258952 232527 231437 266791 251614 236305 245688 263914 259265 246722 235913 262771 240272 275316 270326 245372 270878 238186 255914 258397 250078 266349 252575 241390 227764 253317 239662 278531 277492 235142 226935 237685 264852 237164 259756 248137 242312 253352 272108 209775 283788 259767 245557 272844 268287 267431 243054 223204 222007 253952 257893 251300 237496 274944 264598 226534 266342 262715 263052 247962 256432 252943 272922 258421 276782 249557 248909 242214 246356 268296 278537 
262983 264023 277023 252783 244898 234901 245695 268778 240518 245339 237864 241506 256225 212859 236745 244435 266545 217120 269121 232215 251680 218561 245342 276443 234138 277244 239445 210992 261797 249717 242700 225207 246192 230946 216793 226955 249570 244738 253990 233383 243503 252197 258487 278287 241775 251565 236607 266851 244753 241004 253104 264250 249420 224057 262260 218794 280577 265361 237445 224587 251642 260531 238695 262041 230198 247022 219967 274011 230207 273571 235923 228124 262091 271645 228086 237016 223463 223764 243906 243211 247394 250660 280393 253860 212658 262560 253086 262970 254568 252420 242376 268270 266938 264473 247929 240051 226027 265782 261948 268385 
253571 278608 267113 257276 223845 221348 226659 239344 240470 232550 225299 231695 266498 208391 234889 240150 256478 213705 243885 235483 213405 219846 245393 283036 237124 258652 228190 206693 262364 256640 217191 222015 234480 232238 208951 240078 243043 224226 252192 241887 244331 261825 256736 263494 246501 255920 213064 233573 254166 244610 250752 247167 238313 237400 253913 234416 268878 264554 224224 216641 244070 259580 233255 265938 245555 233297 210495 261222 216010 278800 230420 232440 264634 254711 217180 232873 232355 216153 234273 235244 235594 239340 271028 249631 219562 252377 250345 244572 234548 253797 241807 255793 263535 250466 241401 220246 217835 231678 235318 266814 
240557 255381 263389 242818 217565 219899 249081 245213 248825 238882 218928 221160 253650 204081 232411 238988 245302 199827 241420 215200 232370 220176 229324 250402 226528 252074 223343 196232 255736 236511 230172 227559 237438 228946 228292 229941 244291 229260 230414 240629 234513 237141 250500 239070 234985 247007 213800 224487 247630 218846 242742 270233 233753 222596 251579 231085 247690 272672 235242 229042 245974 251183 224913 238413 236394 215048 217108 256673 202059 258927 231498 218965 247959 247168 229858 234134 214360 205867 230698 233605 247133 217085 270657 242585 218286 249392 236877 230591 239413 249609 235266 241867 242539 249105 236968 216699 218957 244785 241902 268961 
290304 280477 298945 282497 256223 237913 247555 253520 265019 266117 249900 244075 282680 219064 246881 274557 261915 224887 270843 245661 249876 231126 262220 284665 257279 268562 240191 217624 284778 262904 256528 225807 262288 259296 236212 253376 267411 243876 267177 229369 254747 262564 272900 272140 260694 263141 224262 263145 251505 261616 264645 277064 255006 241607 278405 252211 299255 294810 251159 237059 257514 250206 247711 275544 251605 242132 238937 281058 235210 288609 234647 253317 278064 271356 259195 251457 236715 244724 249632 242907 259387 243910 291584 265376 235180 265158 268076 260038 269245 270443 262697 283118 280855 261470 255185 249545 235989 268872 259294 281174 
233945 251023 250178 243572 225736 223182 220186 222563 230707 216879 219194 216573 240935 201275 221691 233910 240597 196751 225763 217045 230526 200701 225469 243183 222283 235005 222590 206157 249637 244750 208940 214042 210926 217633 212632 216871 234241 227178 242192 221554 229616 240995 253945 244132 219968 236568 216791 230457 239136 225532 250737 238331 219844 223111 232782 219619 261470 249764 205940 217371 229862 245386 222877 222578 232161 218180 212932 242005 204842 253424 227021 223458 267417 232659 212391 223237 199834 215448 238222 221595 229579 217141 244870 244391 218589 237832 218848 238087 227753 232198 220125 240349 234308 237577 218846 209273 214520 255419 256004 247551 
255152 266768 266149 259871 228092 223334 234248 262265 242655 229937 224725 235036 260578 208265 247810 235285 247755 217646 246661 230152 228437 231804 246582 283901 234011 271896 249200 217901 264225 253684 230554 235937 251424 242874 226705 246858 265171 247595 256419 242796 245664 249113 263086 256493 253609 267663 205855 244761 245463 228946 251980 255503 235290 231126 257541 240708 264255 270476 229429 213210 251294 258482 236052 254767 236151 229952 228034 260110 215206 274764 233487 246735 261250 260563 235691 238169 231444 215107 232228 245126 259324 230138 263829 258875 231299 247984 240831 260897 250002 253875 257122 252326 265524 262066 250544 231391 228548 254582 262589 260941 
276772 279581 271700 279576 258732 234463 263616 284685 270408 255693 246656 241825 279129 230420 254107 263213 272636 224920 260421 242130 243340 250379 260741 291857 252492 286839 243531 236628 273571 267585 232650 265063 253766 251666 238850 252866 266667 254537 260379 257196 257901 273627 292124 275090 275830 279023 221170 253639 259020 246898 265840 249212 263957 233549 277559 251018 287800 287467 248351 237559 269284 275326 250236 261760 243731 257449 241568 288473 218366 301361 267153 265301 278917 290566 258347 252565 239390 235978 260891 259798 269489 247659 281503 260440 238214 268872 256263 269121 262666 261641 266953 294164 280449 275096 257055 244584 246268 265591 274459 288126 
248312 271836 266423 251328 258832 222844 243277 259884 239962 252317 250893 232708 260832 224122 227086 249562 259901 224584 264149 237811 224595 253385 247575 273115 245125 266356 238949 227074 283306 263031 212041 255920 275777 251120 211533 246475 257249 256369 251106 244544 223279 248231 259590 264243 247517 266532 230117 244064 254679 238330 261550 250690 240491 232157 264948 220424 274497 265762 229603 219876 231432 258467 252895 258420 248948 242185 238053 271588 214702 286859 255125 249800 270671 250788 249898 252980 224098 231234 234759 250016 259166 240188 253392 264426 226581 267146 255066 257792 224220 247229 244928 248411 270923 262965 236253 244598 213578 249327 263586 284664 
234801 237517 255764 247045 210109 204680 223089 246667 240282 214530 206840 219254 244582 201206 216547 209024 230865 205367 232422 219919 204595 212649 228724 234974 223742 253784 242216 213336 236035 243920 232006 201672 234218 208015 203862 221392 237544 219055 234244 216322 225257 235112 237751 232462 225656 230140 192993 239261 229219 215086 239093 258236 218169 214697 238723 225633 254939 243538 213943 212221 227811 243475 217623 241567 224205 210841 198809 237300 212048 251421 237199 212281 256478 243414 217835 212339 211575 215514 229722 208867 208300 217537 247737 239030 216607 234523 230107 213944 248139 241658 235114 226312 258974 236850 233886 215640 227529 215005 231377 237663 
280796 289923 280026 286568 277882 252172 257048 268502 260495 251828 255233 244983 287420 228654 255646 252476 268616 231761 274250 256323 242258 242517 263069 284302 258857 281362 253286 237152 289657 285556 239937 245594 260724 253975 233903 252490 271335 250074 263661 237332 255604 264688 275909 285139 268125 279139 223690 260433 252600 255642 283499 256145 250309 243413 275976 250874 291223 278991 233711 231178 246543 263638 253450 274640 252140 257561 243670 289558 230752 309780 256816 269710 288643 289758 235500 245949 233578 243823 260166 260606 256638 260289 286072 256669 242298 263821 249005 269316 253193 254142 251489 289560 273148 264746 262363 253959 225060 264928 284602 286393 
287284 293253 311824 292586 270833 265422 277764 296075 274558 278170 274060 267409 299927 225107 255005 275126 289796 230230 286704 254300 252790 258133 250642 312025 265902 286909 254179 230543 296519 278963 251402 267556 281909 281190 229003 264123 299510 254407 289250 230756 276026 275827 282538 294523 273965 288312 265030 281279 270950 254975 281160 278109 277544 254491 304366 262315 290597 301166 238151 252807 261824 266609 267781 270270 267465 265588 251793 290798 239219 294512 270008 283489 290774 287244 272460 267286 250969 246699 252856 261496 283066 260081 296026 274985 234591 281464 278803 284850 263739 257921 256295 296812 264812 280497 267805 248590 235335 276686 276105 313650 
246205 249591 252274 243762 234096 226510 249046 250876 234889 242532 234791 211714 247682 196218 220176 235892 254475 200024 249356 215946 218791 206713 213419 249000 221177 243647 224322 196411 249111 232419 215396 224346 234037 218157 206721 223324 243143 233838 238205 214415 221449 238200 227931 249965 226885 239152 224756 237770 222530 232387 221481 250044 231314 230134 239635 222294 256898 262156 218067 213037 240177 247392 227358 247944 215212 227290 211179 241339 194906 265826 228513 227628 247791 250169 235158 223077 216228 219208 230175 214963 239856 230257 265237 247983 203812 233740 242327 224782 238198 236827 228338 251144 246028 252794 220216 214079 210100 226763 241479 272926 
269533 291631 284475 254322 230457 231585 248690 263979 263439 254366 240108 239970 271419 217740 250809 255829 267580 204963 257789 235663 235137 237906 265321 283224 252499 258680 246868 238378 267946 275106 245126 238611 240283 250792 233854 249025 264102 240264 265919 250153 241981 275391 276319 265818 256249 248186 235262 271349 277145 245714 264926 260816 244917 236414 281136 264486 289694 271889 241247 236395 269058 273789 239304 253707 256417 247515 245831 279830 224832 281476 246555 251499 282026 257890 233673 262972 243696 215741 262516 247489 260398 248678 276420 262764 245668 269999 246308 284226 237025 279763 249261 272095 270766 279629 251027 254344 234962 257933 260635 286920 
236160 236234 258583 239371 236418 206536 224150 253237 228227 227378 221995 214981 244093 205678 221611 233676 260454 186103 237870 213656 202812 208316 229723 235995 228441 232593 203487 201570 244958 229907 220325 220915 228493 225459 196233 212267 250290 225599 248815 218873 217666 238629 260940 252244 223784 214975 206855 234257 235803 233398 233582 243790 231726 221390 245921 220274 259091 259117 215373 230072 236127 237565 227773 225817 221134 215036 210292 246997 202013 258008 238897 223148 250745 249137 222973 242517 204509 201481 232301 227237 236131 218845 252077 255639 201829 236091 234217 237873 227395 223595 217613 241143 246750 250708 218504 220385 202200 245048 233773 255374 
284420 291296 281056 272395 270675 241749 253265 277841 266200 254860 258981 246220 272874 222223 262372 268056 280593 231798 272079 263423 237981 245762 249376 285896 258635 289689 257789 228960 283987 271048 243645 249268 266464 273714 234118 264927 281735 261393 270453 236283 256890 265161 276954 270987 256451 289546 232376 269706 265368 253064 286384 288477 257198 256213 291551 241967 287462 278553 235423 240844 270057 260611 251137 276235 240910 253407 245183 290076 223731 305242 258902 287914 301083 274560 250036 242416 248374 238883 241822 260015 265658 244424 290709 282503 247650 271581 261970 266570 256098 258422 256333 285978 272414 272688 259912 247035 231191 258422 265653 284969 
251597 278520 285237 247236 247008 229414 246214 262697 249766 249522 244845 224547 260010 220832 254908 248866 252334 211315 267821 233317 221660 237272 259277 276453 249070 252708 247496 224235 285811 259181 229369 229319 259725 238539 221235 240192 283269 248324 261768 240259 238451 264526 269537 255512 247206 256690 234884 257085 256599 244580 267614 254924 236129 228017 271557 246942 284105 271339 227147 235854 260234 247798 238911 245275 243158 244891 228867 268168 234650 293677 242884 250349 276058 264411 229391 246682 247972 221089 249045 243003 245165 244147 266490 265327 243939 268984 249198 252897 240449 246926 259635 262211 261113 253812 234651 229223 228295 254361 265975 273047 
242202 261766 250158 245047 221289 229683 241330 262570 221487 232554 222636 228286 242294 201856 244200 244776 252991 205258 246917 232639 221475 201645 231565 267556 229742 253645 225734 216619 269590 250869 220362 217835 245245 240612 211880 244822 254853 236127 235588 226121 243384 232702 245756 249607 247945 243253 217704 247056 241307 240061 261643 254776 242023 220672 251592 217386 266313 261538 214178 213943 234798 241228 228045 242927 243935 233158 216296 262636 213072 283508 226108 245951 274361 235510 219614 226296 226527 208149 235288 234139 239026 220680 258805 251768 215390 247697 247872 245056 222768 221638 217116 243500 247002 243917 234144 229242 207673 245127 249102 263739 
234919 248305 236703 240391 223270 185906 211027 221469 225966 210977 201069 207766 239723 199165 208549 232932 232573 213117 214866 209377 211794 208362 228410 247874 221641 241934 219496 176947 235125 252911 214549 198478 234477 213930 212254 213873 227907 209778 212625 223598 210051 226009 238371 238419 206213 236776 202634 228365 224776 213796 237547 231416 220824 210573 214091 222622 244211 235221 216652 205975 222753 214113 211526 225884 233785 206086 214769 253003 188582 238521 210860 209898 228194 239517 220454 190631 200273 199717 223258 220097 210227 206590 236527 237420 197882 227522 242024 215846 205833 231477 209058 229821 235783 235215 209499 214208 193984 218783 224044 237555 
229241 259553 243447 234997 212761 212650 218670 251690 212864 218029 232246 203981 236903 209005 230329 239103 229105 196645 233676 205900 204167 207002 219744 266469 212586 241326 210413 215600 240682 231242 204463 220865 231723 209496 212030 202050 244442 224617 233099 218910 236061 235083 241315 224266 241059 236567 207324 222616 235511 210322 228889 232376 227562 210621 228075 210818 247352 242344 203350 218361 214629 233699 212049 224982 230996 219390 219647 243997 194646 260157 237167 228268 235597 234160 223949 220795 210230 208559 222216 227078 221295 224621 240186 235488 206746 232946 238787 234735 220019 223636 231573 246173 238005 235358 225563 228771 210761 242279 245399 246527 
272473 290828 300646 274342 254266 238098 254618 282765 260764 280116 257688 253804 281245 229792 264423 268858 267689 228366 283120 242787 247238 256769 264513 290425 259378 282509 254689 250204 289015 275508 247028 250290 270289 255329 227424 250032 284931 255801 263925 244455 263041 278878 277967 258957 267754 278311 230841 270831 271275 239272 271733 275541 250359 236129 284236 243439 287082 291478 242542 226777 251186 270049 256335 270792 260625 246032 255098 277235 242817 307014 266928 252507 279491 266713 254517 264608 261113 228586 264080 255403 265318 266720 284449 279529 255365 281655 265199 260058 262382 266229 268710 267372 286477 272337 268916 245114 244794 252876 280673 289981 
245822 267705 257826 244981 247974 212169 237148 249319 234578 235373 228228 232934 243760 202252 226165 234511 247598 207155 241354 232989 215216 232111 236443 262227 242567 244837 225657 204032 256314 250365 226915 229691 235469 220214 199164 237318 250392 239869 240172 231715 227527 246704 251995 238182 245138 247007 211107 254738 253050 228457 230103 237226 224491 216925 254121 231292 269463 250823 208354 220714 233415 237980 234937 236091 248611 235321 214946 259929 204188 274102 245158 241149 264326 249078 214789 225480 207688 207310 238428 237937 242113 241677 250766 245310 224523 240372 240221 246003 226692 237569 235974 254240 240042 245644 230074 223170 212106 232429 244117 244032 
255006 270669 292632 265565 259848 253736 262867 280919 258041 276652 245369 257892 275426 211266 245593 264606 273467 223416 272646 237550 246394 232851 257445 276188 256952 257315 239467 234706 277356 260664 257779 245609 264522 257298 234695 242774 262675 263581 268720 238325 248203 263047 280254 273038 272915 276342 227378 269580 262383 250895 260918 265874 263664 236011 289261 258264 290751 294719 238002 227566 252935 271930 249745 260936 256283 247840 235889 265156 218522 296666 252277 258429 283784 281292 258443 256926 247809 233730 255992 257012 273827 239994 297015 269228 230202 268669 268555 263956 258265 257493 255066 276296 267118 283916 255126 248525 228693 267004 291995 288676 
261305 263051 249986 263057 238144 228772 253846 264418 256606 241454 236961 222727 248508 219536 222074 240842 263043 224262 255510 236535 232138 224379 236548 259132 252333 263701 233691 198360 267738 250547 215699 218550 246815 235612 212121 240401 265356 242275 255189 240843 235052 255609 256997 269198 251286 266653 216981 246812 254591 241221 261130 245618 252802 236513 248584 240743 269819 268689 222927 207113 242288 255334 223822 262393 239365 244027 224236 271089 198032 280477 249222 257555 263094 259740 246209 231567 224746 233832 226098 262285 241935 239695 266832 241096 231229 256486 259374 252276 234772 254500 226300 252464 267001 263025 237452 221768 226756 246013 268306 267356 
256996 265025 266688 269780 253532 223109 252482 262265 257366 263292 247398 241985 265978 200679 251958 268558 264073 214439 262784 231996 235256 226475 241388 268721 227740 256319 228194 219442 270398 246631 223449 242707 238051 240197 229414 251958 262835 250432 256005 229344 243605 250211 258726 253115 243647 264140 216474 256233 244578 239616 254451 248093 242807 215970 255374 234162 274616 274733 208547 232291 242902 259602 228417 266591 225818 228754 226208 266986 208776 290815 265780 263959 269297 263375 250221 239677 238006 231102 253498 242832 248618 232056 252573 261670 243322 261377 256419 246166 257544 251755 255994 262837 283380 252687 255664 218761 227955 237593 257108 268265 
268837 265323 272222 265686 245973 233538 260526 257939 252307 254468 245069 231092 270069 208030 251409 225714 261365 215578 253869 233516 238437 224267 247744 263677 264414 268732 233035 212234 273427 272261 250239 239681 255796 236765 209135 242274 274802 244947 249393 249948 233318 257674 265775 264565 239816 238948 234336 264987 246617 250044 255260 264414 251651 222381 267194 238662 275324 285037 233463 233060 237091 252396 239624 248987 247811 244896 239802 262130 226147 280903 237040 242390 266340 265527 239447 245623 216277 230509 247616 241050 248917 228672 262536 265904 243128 252814 238054 250464 243427 259292 240485 250372 264009 272557 252793 224270 240906 235666 250473 278153 
258221 255300 272634 256950 231401 211314 223613 252127 246455 255418 239000 225184 247737 225336 223015 241590 245146 213562 263073 224230 210148 230001 242354 265534 241508 255319 233026 213626 260886 236537 214842 225494 236545 221034 208832 229153 258931 236493 244324 206386 239545 245352 253554 249977 243331 260177 207079 252343 251844 235154 258137 238408 230213 222733 250425 234260 263462 256396 220997 211312 232916 233392 225981 250698 231196 239397 222556 272170 202534 257458 240586 245551 263757 245310 231760 239222 230082 225240 236924 235887 235280 252335 253865 243748 218239 252524 245439 248014 225995 238086 244171 253710 247385 248266 255449 222757 217114 240951 251205 261952 
270029 290998 281810 276384 241989 237710 259465 282579 251764 255918 258820 236626 272788 223637 257305 266501 274305 226259 285860 233422 262232 237588 255715 266377 235969 274283 257803 225378 279409 268156 231397 231955 278460 256651 230197 251290 261943 263433 256438 257202 259261 259119 270566 265405 249506 260228 242312 263779 265395 251687 272592 281745 259249 250962 272761 242221 279342 291206 223340 243744 248839 262208 263555 264423 258255 241172 216736 282418 227567 293487 258805 263209 290238 258955 255714 258033 229307 230777 249327 250798 260906 235258 294417 278965 235362 273713 252954 271300 260130 271399 246001 278263 271032 273169 268368 244305 236543 248836 273039 293154 
215397 230942 228381 229892 216111 197390 216712 241088 234003 212340 213175 206582 228160 190058 217450 230590 232017 191700 217722 221491 206123 202649 214831 231342 218941 235782 222110 201309 238436 234423 214246 198356 227851 220473 200316 215180 237674 205677 218743 212411 210851 219225 231755 238473 212951 202193 203950 223900 223891 204962 230561 237184 212291 209250 234026 188730 243149 220939 201018 190478 214875 216341 208717 230785 210807 200820 196312 231726 194018 243920 220356 210751 225456 241522 224940 217789 207064 189699 213635 225873 212090 205949 239358 236577 194410 223074 226531 218662 209118 207052 213929 230494 224948 237309 200648 202323 208556 207611 219993 224819 
266611 265943 272198 275474 240463 239160 252450 277665 269737 253357 247558 239895 258524 213952 241265 249375 274576 221053 249092 246935 243673 232312 256931 284393 250597 269560 212354 210589 259314 265901 242334 239560 250521 251123 231277 239139 266101 232730 260355 257033 248074 267337 272971 276774 257507 265861 230276 262571 270654 248675 262606 259203 270474 226672 285532 245888 294648 265038 243124 240291 258715 253559 236498 267434 251390 244426 232350 284399 211845 286894 252297 243620 274421 277386 231282 236832 243882 222339 258612 252621 246893 250940 277828 266762 235599 259110 261409 265440 243696 243099 244185 278766 266658 269654 247077 234688 228004 254909 255954 282486 
263374 277558 264727 267947 238886 234575 267498 270769 256490 256707 242015 226460 257635 217309 242477 270034 264204 208475 267533 235473 233148 239177 245490 284667 246408 270952 242811 215134 269304 258841 234150 235635 255940 249455 211966 256081 268103 247199 255214 236035 246717 275157 268650 258943 254337 255139 228196 251799 248381 251498 258510 263112 247930 248771 259409 233348 267476 288750 238888 231077 252553 246468 237370 242067 248271 244474 228555 294447 206299 286578 247364 242707 271348 260749 250703 254872 217832 219580 256924 237195 259830 251586 281885 270980 235297 253763 244424 253081 243108 249845 238765 262110 267831 257537 252521 234507 224207 252565 250769 276076 
243683 259756 256019 261561 225025 228094 249169 265283 255402 233848 228530 227091 259038 220400 229419 243581 266621 202396 251748 230147 212906 231466 238560 267864 236950 258132 227064 220965 275139 260022 223697 222313 241221 244724 215496 233418 253699 245853 264420 244057 243919 246575 268569 256071 246404 233291 222012 243428 264467 254780 255320 250903 250422 229324 253534 236920 275702 268834 212805 219419 260295 264233 227656 255869 245309 240452 230812 267178 206356 276364 239727 240152 265759 250417 237815 241247 238011 207778 241321 236494 241421 225431 264146 265913 211578 236443 249961 251385 234662 241629 228591 237369 260971 271034 232051 232748 225633 237773 252905 286100 
249114 263850 265915 254787 246451 225283 241086 254350 262276 247393 223285 237562 259624 212021 248786 251297 249789 224180 255436 232293 227680 241574 255108 271284 228500 253588 243236 211717 272616 258888 228078 231267 249732 249130 231923 235236 254244 242509 253775 237914 236123 251682 261166 269392 257295 265221 222973 257719 257153 240742 258928 254477 236141 213133 260024 249238 279501 267925 215236 222752 256120 242041 228435 253346 241031 226182 229832 262959 211651 269072 250206 237318 268918 267311 241703 239399 232374 227091 252311 246516 244798 236088 263993 239376 224688 265181 252569 266405 241880 263976 244796 256957 269561 251980 234222 230124 224266 249975 270565 266739 
238141 255505 246785 231086 221479 207583 226523 235577 212672 225205 228915 204721 229601 197574 231224 241698 239336 201182 228480 204612 216200 202460 232985 240511 213007 234854 211498 205833 255807 240483 206478 211611 232766 216779 208160 215918 243502 223913 222474 206939 216734 228598 255338 230499 232964 227300 201095 247596 223750 223441 236502 224247 231217 220217 239560 211482 249876 245048 205462 212307 210492 231436 207816 231801 217477 212250 207778 244109 196452 273274 236382 225779 251661 233932 228015 231980 195768 212749 217191 223812 229311 221281 247226 241352 212293 237928 220392 251521 212227 210367 229306 241540 228389 232962 212987 216242 196889 239371 236914 245081 
274441 272226 293112 272361 256981 240522 257393 293644 269130 250903 263027 243401 285138 230804 264308 247811 283687 239994 281375 246808 263424 240454 256875 281200 269633 282979 252389 230891 283298 267593 252361 239547 258480 251980 244989 246568 282455 254091 266275 240279 275219 270981 278861 270661 262765 275006 245270 264706 273805 255507 261146 286675 261950 250270 283611 241373 289807 284999 250568 254789 251870 247539 254651 269259 255445 247215 236067 285207 236395 300520 267883 261485 300131 280465 244235 241263 233168 231745 265032 250182 260328 259826 291378 287737 256559 278624 264938 265883 271354 263792 265719 274268 282469 273780 267484 250827 249803 258814 279644 284086 
272779 291982 291781 286506 253306 240507 260408 275985 267774 260556 261820 246244 286040 226059 237811 279365 280629 226653 270088 251476 248680 241421 259598 277907 272471 284897 236153 223634 284608 273557 238176 240748 266574 245081 234045 251059 282759 258737 279250 256896 264240 291041 294266 281211 258904 285663 250674 261968 270830 260179 293093 274586 260889 252031 273077 254727 289546 285259 246180 249135 266193 261105 256403 278170 256870 244039 249708 286962 221389 304902 279712 273523 296569 288458 263494 257220 238963 241656 260324 263364 270539 261752 275114 266200 246009 278243 273335 293742 263881 269238 265562 290723 281238 271289 240337 244406 238492 267547 275603 289831 
251495 241509 255003 244081 239182 210317 227308 247164 246449 245141 233921 221138 238914 202609 219575 250370 228431 204200 257773 231217 220797 224072 216608 249759 218314 256700 229397 194918 258996 242396 230023 207746 240693 227925 208664 221251 249944 238411 234110 228620 235008 234780 237431 237930 229944 245228 214566 234705 247321 226315 237517 257762 220008 230172 256143 223548 266713 260957 220639 227478 234629 235306 229294 235039 226396 219183 201707 253653 210078 265861 235257 235130 264937 236204 237703 217768 214352 214787 219242 223993 234176 225458 257055 244706 217136 248222 247619 232690 231539 250201 235773 245201 250610 242065 238266 222301 211160 238076 236540 255948 
242202 263830 251929 257193 224988 225549 232863 243507 244390 220020 227981 220390 254018 208851 233581 217419 246197 215272 247011 231006 233843 220499 233581 258530 259627 245394 231941 210154 245583 243377 214295 220971 230109 216451 213068 222626 237413 238698 234774 249910 240544 253949 254590 242006 241322 241527 208455 245835 243917 234832 244671 231725 227620 212803 253646 219188 254992 255812 206675 218706 228734 242082 218539 249382 245752 238447 230523 271531 193232 262660 227195 230249 250308 254367 215002 223775 222385 198098 232911 255519 247170 243661 258934 257692 241090 247629 228468 245915 225666 251070 230468 235232 262761 259370 232188 224415 236461 229393 255138 252073 
250777 262017 283376 253614 260958 233213 245684 267848 263665 254737 230360 233649 270837 222220 223258 254235 272322 213879 245244 248677 227454 234045 237736 262552 234167 257654 222980 209480 265602 251113 223308 236188 235988 230881 218328 245397 258328 232702 260891 227931 246978 253119 262583 268428 242486 281988 234820 249753 257809 228869 261618 258037 246019 217605 262060 240815 269876 260041 226838 226484 258851 257331 243717 264234 235265 234967 234134 260100 217710 276526 258975 249124 274822 263868 231632 225551 241558 212130 250487 247779 248583 259090 260697 248792 234336 256242 270567 262787 256280 243818 249188 254877 270044 254721 242148 217839 219024 251976 249767 272617 
262807 293194 295891 278527 249311 250575 265246 275768 246110 271238 255224 242560 291465 223299 260675 281113 281193 236614 279356 243011 244066 251590 261775 300921 262314 283352 257264 244475 291613 277397 233478 251288 274147 269731 237390 243673 281792 253404 282149 256150 260983 276866 286607 275449 266198 264157 244195 271163 273965 250997 261043 268886 276076 238927 280492 249840 292767 288640 232814 240933 263561 271576 266379 269257 265803 257482 243892 283541 236596 307720 252844 261363 292718 262670 256493 257656 251450 230284 269691 254240 268089 241129 275072 273837 249231 280172 274110 275565 244907 254951 253805 283356 290115 282204 252812 259304 228688 257562 276802 284519 
246313 275658 264604 259065 246184 235094 254585 265410 253609 237825 233468 244612 257833 222677 243545 247222 262536 213478 250909 238197 244174 237498 241441 276915 245682 259919 231398 234386 256597 266850 238445 244133 256713 249493 217812 235614 251026 242839 258947 243298 239886 257661 271871 274114 258090 249495 236075 244290 259991 253241 258176 257721 246374 229366 265738 233070 276840 272643 215871 233352 260640 267188 241254 257095 244917 242529 228251 266492 216109 286843 247667 241842 276626 256747 238523 244254 228100 220536 257898 254321 244678 257699 276747 258721 221870 264057 247798 261861 249291 256839 230058 254738 268230 268950 247297 232648 214645 248002 266023 278389 
265705 290266 271755 261667 243969 242562 253898 264442 257819 253489 245615 232412 263226 215994 234488 258639 256647 221650 259034 252484 239766 228794 249971 266820 246943 273318 254163 221306 266558 277892 237572 224491 254027 253269 232273 247528 261420 251078 248882 242939 250473 264142 257323 280879 256364 274164 232729 251269 263593 245450 256225 257383 244915 248937 255875 245341 269610 256978 244753 224324 264952 265514 241094 262107 242598 246782 232218 273180 226222 293669 249270 243558 284183 261642 244611 239511 237719 221769 241708 260630 250986 257603 280603 254183 230695 269791 255545 271621 250049 254727 256680 272255 257374 262378 239193 234028 228473 263636 266820 276786 
242573 248553 247204 231353 220479 201242 220334 234394 223530 216187 223380 207812 224909 189727 221904 229037 244491 192971 239148 208756 211296 209878 226472 255882 216934 229970 204779 198266 258269 224899 197090 194020 223437 224394 210195 199028 248496 220565 245835 210476 222190 237053 234560 235152 212703 231084 209474 215228 241933 227266 237214 248072 224098 218625 243090 212935 246284 241606 217583 219268 239256 224859 210503 238890 221158 222526 203277 245899 206278 266508 234744 224246 251982 227385 224001 221358 209672 202674 208810 215026 221018 212613 241546 232028 194400 232804 226323 241760 227888 234048 226109 237078 244901 222837 215096 228940 196866 230155 238163 250858 
273981 271340 285299 267958 246278 237711 253393 253736 245662 257434 250263 232806 275662 228997 252698 259250 275715 225479 257039 255908 238637 238875 248385 293382 241005 272016 244069 220395 279340 256653 241812 244745 252220 245420 218039 252601 274928 258966 252608 249462 251138 263939 269811 265775 262363 255757 222727 251167 265302 262123 270594 279173 242527 246354 272111 244315 286450 271755 222963 250043 255350 271593 247277 266464 252706 249134 229147 274883 224582 291490 258700 252520 278864 252321 241463 241208 231481 230422 235717 243471 264468 241333 275673 271438 226665 264985 260914 263123 261650 273156 252542 261674 271916 273854 251843 240709 224415 249648 247757 265678 
249925 266324 261016 264563 229472 227691 242452 255752 263676 240183 219593 238994 266777 204632 248592 244900 260046 222163 257626 225757 229370 233856 236355 268611 231542 275594 233115 205277 271206 254754 234073 227309 249522 246086 230299 238822 247556 235147 246845 240824 247118 261733 268667 265152 261048 259163 226339 260339 244497 243936 253997 264635 257442 223959 272208 239688 262592 271356 218265 227181 242840 257009 223830 244012 231745 231118 220675 277597 221993 279700 242969 243369 269322 283969 245008 242168 237104 231396 249257 252046 255942 236506 276168 246982 234570 272000 250634 248084 241226 239966 261005 271259 266213 258738 242232 237210 231957 256289 261065 272501 
293295 297924 288381 287597 259708 244414 284922 278629 257449 266167 251731 239519 268383 232905 272417 271892 285389 225863 278770 249732 250303 245922 253669 299959 252687 285575 263802 221088 269378 260651 251047 254166 260324 272777 236822 272646 279641 271522 262996 254773 252374 279330 274776 280921 257822 278918 245105 267287 254954 265293 270393 280905 257088 257915 291460 253712 296196 295562 242687 249580 273379 268766 238715 275626 248250 258721 250433 286574 208232 308705 245325 266937 304031 283589 256406 249346 242511 239161 285292 236133 266511 247940 289611 287670 253392 281802 257624 268386 263749 274739 246592 291653 277102 275905 278369 238593 231456 254948 264009 294932 
259442 259987 259829 249715 249788 207656 237646 274313 237096 240906 225787 239016 240943 209871 244903 240871 240708 216960 269820 235264 231304 226213 232659 256546 243987 263688 247932 210706 276373 243620 224119 213919 246602 235935 224808 244919 240709 247912 235919 236148 244246 236601 246968 242792 245319 258018 222118 252164 251450 218182 241412 257795 235831 217016 262255 221039 258910 268687 223869 210881 241101 242176 237694 234976 221675 226747 220588 262087 223300 268969 237118 250706 268747 257040 241193 231238 212895 230742 227035 226346 249430 235420 255523 238388 228107 250084 251769 241841 233402 250688 251878 256017 264496 241978 232999 238062 222419 259541 258221 262690 
257147 288907 266803 278855 252393 236305 257893 276170 245924 236628 251714 243789 267673 234616 242876 259972 270953 241808 268671 240098 241237 240059 255965 287121 245921 287135 242427 228296 282863 273450 250192 258149 271316 250856 242370 235975 271543 257725 253645 250542 257337 259409 281496 272889 271655 274136 238750 264731 244132 253463 272285 268138 263551 242873 267977 240871 290833 284022 236913 240852 252354 259335 259335 269828 265278 244393 238955 294885 221634 299951 244389 266312 272660 273232 251764 237937 233934 231220 244017 269969 258929 247161 287756 278097 224992 267406 271233 280184 236752 249127 254977 270627 268096 267297 240460 262998 231129 268460 284628 293136 
250631 251264 268019 236357 238839 214114 238254 248406 238398 238592 227444 226212 238977 201159 236059 243041 244927 202489 236777 224001 222275 224446 233567 256349 219365 234965 226040 196178 258079 254992 226666 225276 244485 239660 211648 219338 251617 223567 246317 224056 227267 240093 241794 245339 221126 239983 224290 249678 235812 209169 230464 253480 234881 216237 263608 229496 249829 248329 221949 208143 241523 242080 221571 237260 222318 223964 210798 252429 216953 269734 240014 224613 251764 251437 226938 227599 226577 217884 227115 225419 234065 223017 260818 241008 221729 234246 240419 231601 235226 236280 217391 255410 244634 236125 222749 222907 215302 220495 244152 251790 
252958 267844 247983 242259 226854 219016 233678 253697 235368 231455 230129 207516 248435 219140 233542 238406 260385 213822 242697 216248 213786 215343 237288 246846 219796 245145 228327 215673 255017 249847 210465 215717 238570 227978 222017 211738 246986 225776 240913 218185 237680 242676 258878 244362 240343 236000 212716 230219 247940 244140 256325 245394 230693 213610 240046 240285 268741 252622 214313 213296 245559 251122 222336 239114 223288 221982 218255 259520 202586 261280 245104 232090 262167 235999 230023 229252 220749 224581 235702 226547 211883 219275 254721 238464 212326 248767 233823 238594 223045 248724 218525 246302 254793 246873 226047 238973 213184 230954 261338 270859 
263895 266428 267656 264754 222443 230282 240299 246517 260025 242507 235779 233780 261398 205575 234007 257443 249928 207149 261955 235071 216311 229049 239142 271748 244856 263894 223995 207153 249448 242736 222732 221498 218436 248084 213034 239925 254495 230717 259215 231989 241895 269824 271588 259784 243365 248400 225559 246419 242433 241891 257080 255520 246479 230626 257074 228904 271327 267139 226756 226197 253206 263429 226527 246242 234321 245175 241613 272659 198443 276268 242088 244776 272113 247362 235306 239983 232057 216177 247731 247790 248622 232251 265871 256827 243737 260126 242120 257104 236126 248309 253000 262837 267906 269541 243436 235262 225079 243642 238934 263040 
271929 296009 293941 285232 242462 258977 258115 276756 274297 269591 277456 259544 285314 228344 249028 278624 279560 235007 277492 228482 253909 243582 267629 291289 249509 279852 248140 217111 282700 280836 244394 241501 269232 250618 230029 252737 297609 258591 282800 224966 262687 270757 284720 270806 259812 271174 246126 285545 259679 252854 285209 268325 268569 246692 271426 248798 289881 290058 235511 243902 266868 265665 252243 265587 254278 259313 226192 276870 233216 306947 247722 283015 288235 283633 266779 251274 239994 239987 257262 265919 259957 242988 297630 276201 245538 268152 273606 278247 257635 255034 250929 303173 273633 272651 262294 230796 235678 264566 282584 291735 
239400 240488 248091 229528 218497 211205 237435 254504 237524 219500 213003 212531 231615 196249 228739 234515 230652 205514 247161 200235 231123 208055 219563 244029 216674 252169 227824 194296 243282 238978 212740 219804 227409 227034 210036 206687 238691 238230 227068 220488 224360 228677 239485 225353 225850 243188 219610 250973 224710 202904 222666 245853 236020 220176 245427 213403 243615 248835 209820 204902 236989 234308 213672 236925 207283 221549 216478 248324 187501 263703 216635 229751 248111 231880 229132 205107 216147 194108 224017 229367 236341 217301 248285 248653 214626 239911 233964 244083 234557 229680 221208 241590 236628 245102 224296 212396 212229 235106 254372 254457 
242027 268295 269237 249830 234167 227373 242007 247042 248631 237625 239755 223261 258886 210741 243507 243035 252176 210211 257181 226422 247547 209207 243139 250851 242607 273716 224887 229731 275808 250438 227330 225077 248875 228227 224952 242542 261562 232128 241369 242032 246760 245465 270882 252765 258023 252499 212779 259392 243133 235419 258347 246536 226832 216864 253507 227610 263974 269331 231301 214519 224818 241225 212990 256705 245437 227213 230837 258226 210481 270749 227913 251451 266424 252497 228325 254398 217903 213179 251120 250791 245404 234324 266003 243901 222811 262166 223194 264684 239682 249581 258189 260957 253564 256309 237593 230893 224545 262141 264118 267206 
249281 250164 270372 250276 223123 223437 235035 264956 255848 256719 246168 233731 263851 229462 232649 254776 244009 220484 261323 238190 238961 242535 237123 271192 224402 272366 248984 227121 261579 243394 229609 234579 252895 238403 227879 246268 263493 243676 251184 232486 236908 251655 253611 251476 245427 249262 216169 250617 241832 231289 281543 258349 235196 219408 263598 226119 278205 278712 229429 222608 259653 251609 232409 264247 229655 238897 203827 269670 207546 284238 236309 266980 262588 251588 255252 235497 221882 215080 237507 241840 256301 229974 259247 252530 221045 266409 249697 238863 251474 260318 236874 261078 274064 247897 257343 238150 221481 235993 258824 260968 
265446 290478 260262 276835 250654 229495 255605 279753 258632 253559 253831 249348 261686 222435 260205 262785 260180 218344 278843 242348 244749 233846 256876 289483 266779 291474 237401 227073 274161 260866 232589 219628 246080 245241 230944 257428 264452 251878 269689 245556 252663 261842 275581 254008 252315 267151 237683 253750 268896 258937 266057 270825 259849 238396 250433 233638 284974 272941 236498 230737 265414 253693 248911 265779 253372 246123 240057 289357 222418 302345 248908 262958 283544 265202 250776 243107 231814 230953 267955 250468 251030 243272 262985 262085 243353 265446 261045 267881 249673 262146 261719 275711 280108 267778 262588 236743 235974 265919 264519 277838 
258229 272545 277630 272886 246239 225011 244264 261808 244203 246723 243702 239588 269173 224032 249099 263930 266943 232044 260082 237836 240245 233289 241806 280045 238489 267002 234664 215004 275782 269885 239829 248905 270069 247592 231666 240629 276434 240806 254872 214895 264983 253614 257043 262198 253457 260481 226846 245499 251695 252601 255593 279633 239507 244049 267046 235437 260981 262530 227031 235659 256216 249302 247637 270327 234504 232710 213552 272095 230972 293449 251152 259280 278537 258386 237673 242671 237611 221926 238522 252308 241170 255435 254270 268147 224567 270980 267846 258276 241590 248125 255376 266694 256977 245811 246748 239049 220219 238891 270653 265288 
273947 282059 280239 276703 263738 223065 268103 265052 264461 252201 234897 243866 262507 233856 274843 263449 266767 227948 271416 257752 248439 240878 263209 275284 267174 262502 249852 214358 299544 257899 244782 235255 266626 255528 245420 256838 264202 258326 251174 242739 252839 272219 257483 276018 265655 277462 233488 259519 266290 258155 272013 288921 256014 230260 298979 254615 286160 279936 226177 222462 263323 274369 245202 276841 261704 235543 240065 274629 232989 286954 247865 255451 280151 265498 241955 245745 243657 244256 252760 257571 264115 250014 285333 258776 247367 283396 271988 255885 253256 267384 246970 256033 284364 266501 236740 243773 239004 262489 275932 291635 
232971 254696 237383 238659 230594 223197 235339 248092 227065 227951 222695 212331 249230 196254 230616 216951 249357 202603 238764 221449 225031 221997 222157 257566 220616 241551 216271 206825 246410 231663 214531 211544 224300 218560 213063 230259 247356 223405 233115 226803 217317 240244 247639 241791 238300 228988 209771 235406 230878 231064 235781 234334 225721 206059 247488 224926 266655 254917 214920 217952 222685 240650 223864 227562 232496 214290 215085 243351 201922 257507 220886 227206 257048 252928 223918 227282 209912 212108 247640 216352 233759 225146 252422 246912 225343 245576 227330 237335 233918 224172 223454 244860 244435 255822 226878 223604 210249 229573 239787 247412 
260015 250001 263763 237468 217940 213116 236045 239810 227563 239662 233029 215668 265094 207767 228405 249146 261782 195466 254984 207062 209551 213602 232388 268501 227434 247620 218465 206262 274782 242179 217613 209497 240089 234475 207467 225324 253889 239106 249443 209499 237620 244572 247910 255770 236611 223503 216966 238649 222923 236911 242239 256983 237494 232748 226969 217345 248956 273136 220436 217791 229138 238716 216888 234318 222000 227106 227705 262744 198509 273143 244902 237705 261779 243346 232912 238615 205200 208254 231800 229256 250561 217640 259495 254056 205556 242330 246411 255389 243998 244879 223958 238334 262818 254727 223911 228508 209003 239801 251489 254757 
245739 257836 255178 257128 227317 233232 236214 258629 233296 244873 248655 215722 253215 219476 231557 236751 248451 215223 252515 220517 214309 228959 229492 277175 237918 260082 223280 218467 267649 247209 226599 213230 230141 217079 214480 234609 255243 233950 255226 232582 246433 235908 259716 229386 241066 242917 212753 240685 254092 231667 246685 246534 239981 225873 232145 223495 255318 261996 230437 235153 245428 228417 219793 243460 238776 241459 217520 261554 205852 277430 223262 247184 254274 254119 225587 243927 212023 203732 233621 218587 230485 231011 261015 258881 224846 231115 235968 241669 229305 236560 241145 250477 255806 249776 240404 226053 225196 242826 243596 261138 
249848 256331 271837 233172 228621 221454 230902 231222 241607 248255 232377 217306 250263 199789 231594 236041 247741 210356 230654 214506 222389 223252 233882 271762 228166 241899 228911 191870 243884 247329 212899 235973 240984 229592 210573 230009 269465 217118 249748 220856 230826 251803 255498 247740 228695 252389 205622 242909 243749 225051 233559 243747 229923 218150 236814 223579 250898 252200 227612 225139 237126 230292 210471 226820 216310 229693 228433 244714 193409 253334 235067 232591 258510 241895 225937 235778 204603 205464 236036 230092 244578 219442 256184 244213 216056 236475 233993 246000 237630 244789 234489 244905 249267 248655 236996 219416 204696 234865 240394 245211 
253141 274445 247744 266005 254185 230513 236534 268930 267617 241170 249494 222291 257947 223449 247292 255791 261408 206969 270470 236698 225957 221091 235967 265054 248331 275399 233392 221162 274006 238595 232939 240059 259702 238312 227160 237343 261938 248499 258111 242181 249021 264412 265990 275132 255131 273046 227553 262367 247078 232224 257070 261988 250661 232492 244858 226362 261610 264079 242077 243274 251191 242621 223805 277964 241484 234570 241244 272864 203472 283773 246709 266090 264901 284825 244130 257870 227432 230573 246128 267830 246192 244215 265857 264225 216890 263339 242046 270358 257128 250693 260004 274737 271268 265797 236410 245358 239433 270133 267795 284527 
278991 295223 284833 269951 230927 240401 256300 291445 260624 266552 253027 252295 275712 235449 258745 274339 290415 236509 263964 251076 220723 247801 263770 289638 239487 282452 264791 234294 276938 272908 236772 245033 261139 263603 231275 246209 273679 257665 256734 253616 260374 275773 288524 282925 272399 278177 236279 254524 272335 254170 277821 274296 253834 257002 261157 248803 299812 285166 241488 255847 266318 272402 250882 257840 259206 254857 237166 275526 237258 301462 275193 262668 293684 280487 270499 253858 236020 232429 268907 257466 257171 246291 286391 291059 234997 275393 269609 285063 254069 270115 265352 280614 281625 275847 262305 255500 240281 265598 278046 291880 
247011 257180 248684 261067 252186 225272 249685 260662 250467 248106 236694 224966 241121 206012 232431 240102 249947 211455 251371 237473 234823 237203 234214 257558 242197 255603 245269 220859 261862 254541 239045 234623 238810 244309 220292 232589 254430 240924 248082 228377 232449 239949 250818 252683 246542 247935 240767 249970 252595 233298 247369 258343 240021 230711 271211 244348 251955 260905 234757 220884 245270 255226 248633 242726 243904 248056 223120 262550 195429 265342 237703 240762 261597 257808 240414 238753 225355 209275 238809 246355 238311 235295 262499 251244 240040 254795 240071 255972 235825 237654 229424 263931 252406 258948 255794 228294 223818 236629 252203 260810 
229536 267166 243542 245176 217482 201158 212748 227222 233137 220983 230520 222589 246456 209703 215885 235233 238378 198884 239162 211126 211298 224101 218369 259377 221676 250950 231581 203250 240606 233447 211260 222900 240343 217784 205341 227790 230197 227273 235557 225559 235964 233446 244624 240456 226241 222402 207090 241851 224964 212817 229375 232643 223317 220062 232789 213396 246593 254926 196750 231523 225962 226952 212149 230416 236806 220026 209989 241375 195106 243897 218434 226657 247338 249450 233486 226665 201637 215010 229242 232572 241474 214312 246099 248788 205314 250858 228061 239199 228331 228735 232737 243364 241785 261555 215470 205924 213418 231108 227934 237770 
264862 299456 291771 272352 255310 250226 259679 285460 279513 268889 269917 241146 288768 245164 253029 252773 291839 238476 283380 258855 253766 244750 285109 293143 263360 297934 271478 240077 288647 294862 243560 264571 283967 251108 238278 252610 289570 262859 266500 249053 273459 268371 286834 289001 283922 288569 227774 273914 293781 257079 285367 274912 274643 256061 273942 268419 296825 280913 253278 249481 261941 265275 255188 283411 268842 253227 241746 281439 245841 295267 273732 257642 297681 282130 245936 268348 244234 238400 269023 274387 269434 263264 284258 279780 239601 287462 264936 285699 263570 262718 273966 273259 272836 287548 274485 253666 253814 281575 282242 272990 
242417 263763 254828 249118 238287 219629 227880 243571 257943 232517 231225 235062 236847 215199 222897 229374 249195 211310 239257 234268 224944 224440 229791 271914 234988 244704 222134 199830 246879 252168 227823 219006 232549 221794 204745 229883 247600 228540 245798 230077 227369 250311 246292 249372 230412 255130 230402 251596 250032 237334 243501 249806 240195 223801 242418 229366 254968 242607 211592 226214 253106 242667 225816 254231 235364 239169 221517 259322 191682 265209 237813 231319 267213 249114 217274 211448 228755 211477 228649 254809 226412 243205 248294 247296 219091 248154 253994 243153 234173 240473 237589 249849 263560 247011 226311 219458 212318 241275 243863 263322 
290335 274920 288545 283529 250471 239638 261844 294961 266477 259933 252056 238742 285208 233308 254785 273113 273795 219198 281487 255545 249390 257050 262836 301318 266594 289071 251128 226350 287605 279265 238541 238504 259022 265825 223773 251658 270623 268731 273135 245473 259394 267293 272182 288677 263378 264749 239529 260144 265440 253907 265380 278670 271883 255693 285091 250209 294107 291122 232785 238908 256841 267636 253632 273514 251304 256817 247608 306120 224619 296855 262281 268613 287884 272671 253925 236619 243979 225901 256124 265965 274894 257427 266868 279281 238836 278296 269207 277421 258092 273953 245351 274920 272423 286168 258105 242721 241265 256466 264859 262296 
267769 282543 282717 278289 258249 230043 263056 271931 269179 253059 253087 248554 271119 230790 259322 264526 273385 220457 278186 241034 266055 237488 252173 300173 255608 277852 231517 233329 276637 270658 252971 249336 262130 239493 229687 253975 276280 259913 282204 239021 264694 272605 281314 265049 263702 274482 248270 260488 267777 242795 260840 276632 257278 230181 274251 237924 273479 288449 247575 242004 260488 255717 243406 274979 260062 248785 236236 281038 222064 309015 250539 246912 291378 286001 248039 251926 224146 238533 268839 261497 257225 259518 277394 260738 239862 271707 255914 268779 254124 265718 261162 281574 272150 270865 260618 235084 235392 252728 271587 278713 
271107 289072 286796 276099 268974 241076 261590 257714 256798 249766 250499 237700 272846 227485 269130 275737 267243 239554 256419 245572 242128 237853 250954 290687 255039 274604 267082 222278 273320 269846 242818 245188 275046 232151 241868 265605 289515 245716 247175 238630 257119 271401 273441 264844 265186 280503 219435 269759 256114 250398 284711 276165 231827 251117 275265 245403 280959 265900 234931 239173 261073 253189 232671 258385 247579 236615 234784 269923 214721 304244 253870 260091 284244 274478 241672 241637 241615 246759 247275 247107 263584 248398 281651 257252 235277 274566 260604 248400 251650 260485 253743 272047 267756 262727 231003 238825 222754 264105 272241 279098 
284390 290425 284897 276044 273938 251692 271724 285869 280490 268009 268001 232777 268448 243404 268088 260939 287233 229528 285388 266402 235959 244307 265272 287629 258295 279107 246852 239644 295178 267513 251639 243467 246729 260452 239512 261384 284933 253359 262029 254813 256161 270598 286399 279718 288303 283432 240265 273883 277127 262816 281845 273069 265657 240139 283009 259178 313228 291895 252597 254301 270018 286047 264016 273900 260323 265194 260680 291113 233259 306543 259316 264596 302822 275359 243581 254765 263731 238345 266321 264574 262463 273013 300087 288546 262514 275660 262034 276580 265286 249419 278628 273381 297780 297203 249768 252257 249026 270919 275397 307144 
258907 286808 281596 254747 235144 233354 240404 237509 260229 230678 253039 223447 266443 216098 253346 262500 263362 222032 246840 224454 239265 221503 243473 274820 235834 252325 241548 229021 275404 252049 217462 228304 252252 240202 229790 247064 269325 229839 258342 228096 248122 250648 251594 244785 244933 245167 225961 263279 233740 239264 268120 259069 229676 241232 256072 232247 271898 276536 220425 231820 246105 244233 225115 260898 248042 230787 239132 263101 204110 274309 234475 240419 267579 247714 248837 241508 236231 223578 262080 238169 246967 249775 265832 274314 231691 242189 243715 254212 250833 238850 249471 259542 269832 260755 233514 219843 220380 241746 275908 278483 
258619 272372 256240 270905 235843 225978 230521 258929 240957 245475 245581 235281 264850 211701 251761 252752 271196 217997 254532 225230 220675 236630 250720 287171 241603 263293 229958 208649 258557 245641 223478 249818 250118 258112 220526 247085 271111 240409 260678 224692 247815 259690 272840 256191 257813 270566 202998 246838 256875 235899 257012 243258 245212 239412 259079 226150 277563 270797 232688 216553 238504 252618 228337 249957 236380 232363 230622 257958 215553 281752 249418 247237 264809 267694 244457 244369 236909 234707 234935 239882 259210 232104 264780 268536 234665 250114 259675 245908 240532 248542 255463 260635 281024 267190 246128 224557 233059 254668 261608 264772 
258403 255767 270079 253787 216912 225197 238503 269262 258747 246209 241719 232268 251277 190259 226879 240029 248652 207870 273203 235565 230278 230364 236424 261705 229660 260104 222043 214959 251219 239714 230763 217987 239754 235755 215097 224715 254482 241693 252887 223695 239294 253131 248863 246056 244900 245484 207811 229329 243872 238755 256369 267245 234109 226657 261266 229666 265208 265324 231676 239654 241452 246254 214488 258810 225693 226628 229478 270508 197575 284031 242727 234249 264841 261177 238266 236968 230948 213337 228647 234331 242838 236846 267269 249539 229555 249997 231248 235929 247747 246530 248364 257863 251298 256208 253982 236879 221935 235366 235320 258519 
286344 262709 265120 260771 258874 224771 245221 259848 248413 252256 252945 227617 267328 210310 259412 256140 268106 220013 251316 249207 241811 248399 247750 281599 243808 269730 233277 228198 273095 272519 237326 240141 246536 256699 227495 253205 280941 238975 253913 233871 234593 260753 257844 265472 258322 258198 224975 275094 256794 230079 267453 242042 227991 227295 269369 236548 287131 269238 245337 216038 232256 252199 234689 269573 247244 244559 242682 266285 210864 293981 258938 260535 294074 268976 234117 238014 234835 222497 257452 245954 251437 260543 266253 270487 247925 265137 250933 277009 236807 265413 251514 274296 263166 269349 243173 221394 237430 238860 260976 267362 
272667 286772 285426 272108 243534 237520 257816 263549 257456 243978 247815 235490 256771 219489 243083 267645 286685 224178 251792 254949 252666 221396 257350 273151 250122 273565 247646 233817 274916 267144 229356 217704 258333 242909 221557 253286 278501 240480 262499 248853 258062 264374 284384 267749 264017 265853 233292 264161 264130 255733 277463 257037 244594 249812 259862 226741 292165 266468 233501 246724 250894 260343 242427 271610 249721 243307 235209 267320 215104 298076 251826 259556 296910 262134 244165 239936 238511 227557 254339 252317 249638 249451 279335 270478 233582 258338 261200 272396 260047 246743 258328 269674 276429 278288 240562 248174 222154 252492 264320 278972 
249181 261393 268513 276632 253742 232181 243898 266455 232013 245457 245265 235772 252645 204535 254581 254064 262448 218045 256379 231531 243272 210274 233173 268904 236976 258310 238494 216182 271387 244638 239370 237041 252776 241304 217804 239369 259962 252001 246917 237058 255277 239370 264173 258367 250189 250910 223335 258773 240925 234189 241935 260065 233164 230375 261417 215242 263981 265456 206035 224569 235154 248324 236181 265780 229308 215056 221591 248052 220140 294922 248215 242547 273972 273771 238189 247027 230395 231396 233797 235914 247661 236882 269180 258589 206878 253040 257580 256698 258134 249470 250838 273622 248078 250282 239206 237796 227507 247904 251212 252131 
300640 299402 313139 279136 260186 245805 286077 259293 281863 258228 272128 245923 290067 228453 270244 271673 275858 237606 273616 263092 248318 250283 265390 309298 266316 293966 283774 230001 295126 285182 263234 247559 265975 262768 250565 259153 296425 267396 276981 264968 265290 293062 280748 282280 267818 286570 252144 282944 252343 251178 280999 307767 268913 257998 289542 259549 301114 299657 245947 257913 277552 275051 250326 274863 261475 252372 264731 299705 229455 312591 262598 255013 293453 285268 255247 253400 249723 238195 274858 272627 284580 256486 302948 282609 267110 289614 264785 281638 271609 271178 274285 291323 301776 278053 257324 249038 243170 269450 284312 294011 
256683 266554 276964 268868 240168 236915 254387 269097 264233 256608 245469 233370 264003 205508 236004 254715 258620 228341 254428 246278 239392 227880 243604 263997 240370 261679 238055 227327 275185 264738 239826 247992 249268 240845 229391 243082 265680 251534 250215 240492 252205 265637 262562 270736 241910 269114 219861 253469 257481 256988 268561 252825 234385 234727 282106 250633 281398 261392 227609 240609 239075 248737 233831 279100 244503 238915 238868 291725 208990 290632 261736 238366 278643 269043 250726 236985 234927 221488 254950 248282 239769 262547 259600 274713 253095 267259 238748 273180 258111 244285 241260 252783 257268 263975 237467 220248 228133 245660 267891 276054 
259982 294743 280428 270265 252096 243992 268803 265700 262899 255074 252643 248963 272252 225294 241433 245259 271161 223037 265369 255776 254161 242199 250154 274950 258115 278977 256302 220002 282571 276933 260801 246679 260792 246788 216221 254077 288592 266237 270234 260214 250923 269525 274236 260691 259596 277967 230143 264202 269568 247466 274328 264850 261130 246633 256186 247392 292036 291414 237527 249710 260291 278274 257290 278445 255816 249196 241947 282156 237617 300931 257731 257311 282896 271435 256860 246392 222276 228353 253809 262450 269259 246210 285046 274939 236434 264672 263673 260484 272343 265117 256896 255700 278116 276939 256546 232656 240578 266393 274881 283141 
249151 238144 226481 241214 237655 201434 238249 253082 237739 231049 220659 202709 233516 213908 234499 241697 251167 211837 268898 229220 217158 223185 230746 249424 224259 243909 229091 203133 253009 236605 202368 213144 229404 223108 202074 219894 225764 237375 227558 223530 202406 244018 242068 242713 230550 240398 209042 249691 232382 215791 253809 244490 235243 224433 244196 222472 258392 252006 218072 206240 231502 236517 223002 229802 229237 229199 209240 260017 197863 265159 240176 227184 255496 241089 227122 215704 210702 217347 233474 229733 232044 238119 253049 259835 231039 261333 237943 232357 217898 235393 219821 249450 268407 260780 213573 223856 208049 240687 251604 256159 
254142 266406 263649 264099 253754 235020 241929 261518 237911 254177 244543 235788 264587 224105 239126 253652 267396 223681 252911 235094 240739 243158 239662 265132 249562 268177 230118 228141 263193 259823 238747 242799 253923 242047 229817 233283 267133 238534 257934 237389 257556 256979 267030 267532 262964 250503 231674 255364 263067 230357 253361 249573 247426 221439 257547 231430 270836 268538 227650 232031 251142 250575 246162 250805 239200 240902 234863 259777 215361 276373 255476 242098 267038 268837 234696 253746 218105 231580 247579 247947 260333 251535 256971 244076 230617 266553 241957 265958 249613 244441 250122 265592 266951 270987 238390 235367 227478 260761 271091 264411 
281763 280248 273323 284272 266541 231730 252807 280445 274110 245553 251549 251876 270495 228505 264261 266653 276452 242034 282149 249522 248114 256006 255542 289879 267541 284084 250912 207580 281312 262542 238207 248319 262888 254118 235918 257171 271746 271258 256133 257550 253805 262684 279643 280601 275036 275099 240066 274930 254058 253606 262420 268722 264330 226333 259455 242921 291634 285542 243880 238570 260367 270462 251358 277405 261971 246607 246838 280495 220513 311052 251911 263118 285671 277853 253551 236767 246767 247860 260435 254007 266518 262249 285392 281663 238769 277407 263516 272291 271884 277472 270383 280742 285026 288717 249848 247427 238086 273271 270522 291578 
285865 292672 292379 290638 266200 264994 270779 308872 298084 267650 278675 257674 291769 251080 286071 265881 282724 238116 291829 270449 254502 273315 261364 304189 265217 293512 263036 250594 295681 293978 259928 268914 287682 283560 242232 265469 288062 281885 286958 266269 265966 274419 299848 284814 291924 290719 255250 295346 296288 257050 281648 291397 272031 256647 301771 249008 291245 301217 252546 258844 274431 294103 259279 287061 266831 267552 252712 297714 231667 312616 269593 302990 316713 290425 270902 266490 258649 244997 269984 286947 284390 276276 304276 304812 262629 280462 271482 294814 268558 294369 271390 285184 299337 295570 283737 259003 248994 281894 285585 309198 
257529 295168 284393 264864 247549 232160 260735 266235 253461 238350 257688 234376 272100 206935 238829 251727 263649 229588 259452 241681 236082 238147 254752 263497 252273 272790 255181 231759 271316 270226 243011 236751 252379 239341 228743 242931 275378 249705 253981 242893 244162 261415 275277 260916 252158 256580 230223 253747 261181 247245 261150 270607 244768 235361 272817 235953 287507 286554 232868 244915 253156 247370 244587 249821 240573 234863 249321 277997 212984 283529 251649 259941 273816 268988 263173 248243 220589 232427 249263 258260 259139 238303 284411 262697 224363 263466 251271 263439 243408 255194 251910 271140 261443 266694 239940 237931 230599 252053 262334 267261 
280499 295129 299797 278704 275031 258658 254930 298614 273874 271099 266651 260924 289360 230997 266842 266017 290163 240487 289179 257631 250612 249977 262163 301640 257242 294437 252016 233608 296663 278951 253314 249517 270847 262697 241523 258154 280804 259185 280287 253331 274587 272603 279766 278313 261277 285000 236477 268102 283966 248263 290341 295301 274496 248590 296987 260545 295613 291397 246054 244696 279239 272011 265002 290187 269200 265554 239162 281868 255389 311724 275903 258270 301437 277261 258020 263300 267457 255019 257234 256891 264355 271772 300135 270459 266379 280883 277794 269625 282453 260171 266667 282937 305291 282546 283125 259894 249446 279428 280571 294487 
