10
30154 20349 26258 20647 17774 19953 17078 26708 25752 19139 
32537 20728 30839 23229 16901 28519 23071 34003 35233 22009 
29632 21471 26757 23260 20944 26336 21569 29070 30122 21813 
36157 17363 33356 24285 27454 28049 28735 30622 32533 22064 
21848 12668 26991 15063 11181 24718 21632 18484 27230 13380 
38840 21404 26648 26098 30914 25040 23368 38120 35936 28742 
34837 23230 30461 23619 22182 26554 22569 33286 35568 24161 
37069 26317 33189 27483 27391 28553 25654 39287 36051 26715 
26760 18382 22825 21410 20112 21046 19057 29388 25438 20042 
33860 23858 31045 30377 20342 29430 25891 32975 37778 22614 
