10
12590 19774 12730 21278 18337 26007 13276 15204 15428 19534 
20891 30741 25731 37598 24986 41230 33342 23229 28148 34040 
9327 16857 18872 23575 15227 23586 20413 14368 15502 21410 
16448 28760 24885 35075 24040 38364 28435 22850 21170 33159 
15204 20184 17064 30247 23344 29428 23340 14870 19468 24734 
13656 17716 19473 27709 21111 27180 27653 19643 21812 25403 
18711 25698 19247 31230 25791 34715 24944 22270 23073 28329 
14423 23196 21076 28151 20264 30238 24208 19487 19027 25172 
15219 24078 21076 33188 20607 37308 22432 19394 14759 32393 
13160 22868 17381 30915 20470 31563 24510 14748 20064 30559 
