10
20236 32640 25217 28443 15213 16985 27662 24711 25566 21208 
24509 20173 21013 31382 16268 14477 26899 16841 22471 22229 
30782 40623 36541 41474 23268 22256 38617 34861 34915 29551 
28308 30742 30384 42113 23910 19023 34667 31316 31797 25514 
23543 20497 27388 31653 19134 15780 27802 24381 24570 19290 
29655 27516 23210 34540 17678 19222 27409 21404 27847 23635 
24760 28562 25287 35969 19971 18459 28773 26641 30311 22523 
34913 38341 38318 49688 26848 23307 43847 33001 37598 34645 
24999 25800 27744 33536 17146 24186 29969 24628 32457 20141 
19543 28727 21878 26271 16703 12814 25717 18036 25675 20709 
