10
29195 28101 27648 32303 40171 24924 19031 32156 27584 19709 
24425 18500 26342 22420 34048 19056 15662 22248 20855 21574 
27961 26138 29145 28505 37774 21408 17424 28894 25650 22896 
21858 15457 20693 19893 28102 17933 15523 20999 19317 16302 
27843 21516 27952 33198 28624 19825 20223 21346 27788 21904 
19317 15307 21162 22828 25002 16834 11522 18145 20659 17096 
19654 16001 19237 20794 23721 13071 11447 16406 16182 15837 
11947 12470 17057 11304 23904 12258 5812 16711 12710 14738 
25696 23232 27730 26784 37696 24517 17640 32127 28123 20660 
23846 20910 24163 23948 36453 23993 15678 28446 23840 17767 
