10
26412 20911 22499 32086 28509 18529 30276 25078 18483 24926 
23059 17692 17402 28793 24935 20381 29111 25472 16120 24015 
26887 17211 18726 21057 27564 26060 24028 17209 17442 20380 
36741 30757 28684 41856 41298 30603 37907 35220 24631 35875 
27823 21898 19686 32085 31285 24440 31557 28393 17569 26131 
33610 26261 24481 33725 36696 24237 30477 27594 18614 33616 
31196 25585 22665 27923 35070 28959 27637 32750 20775 28727 
32466 25865 23291 29766 35530 26100 31985 27859 17557 31024 
27005 21220 22496 31899 28325 20908 24762 28841 17416 29735 
22884 16889 14333 17790 25071 23691 26873 20035 12861 19221 
