10
30445 29053 26112 27546 27151 27367 32198 20516 28937 31287 
30356 24803 22560 21756 20408 28366 29923 19730 22098 31583 
27335 22413 26137 22838 19453 30459 26157 21660 18793 29919 
45832 40275 39077 35611 32067 37084 42034 26410 39834 39320 
22120 19569 13905 15104 13608 17358 15543 11956 11302 20232 
31091 27727 22475 22794 22760 23212 28669 20915 25769 28831 
28827 25832 18745 14988 22567 24659 21471 16844 19228 25726 
35666 32782 28430 24044 29640 30702 26871 21388 29656 29051 
26795 25042 20872 24288 21175 23089 23286 18669 20480 26735 
24507 22898 26596 21660 23307 25538 21696 18022 23252 21763 
