83 49 66 55 75 85 75 79 94 59 98 84 76 90 28 6 63 43 99 5 31 61 63 35 61 3 53 29 16 74 77 46 62 48 23 18 6 77 29 6 33 52 86 83 27 44 20 5 89 8 49 28 89 74 93 63 7 95 18 19 2 83 22 30 10 36 68 5 30 82 15 22 76 72 33 49 71 77 2 2 92 17 24 62 49 7 67 4 60 58 21 14 34 78 67 14 71 33 75 74 
13 70 75 53 91 86 74 74 52 96 44 71 23 20 21 85 47 32 72 98 15 83 47 54 24 52 48 34 18 72 46 52 98 35 94 26 25 72 95 93 99 79 35 97 76 23 5 39 95 38 33 85 34 94 47 14 4 81 51 97 5 59 19 75 27 66 88 7 1 71 6 15 71 35 2 56 72 34 71 59 8 38 58 80 94 96 75 9 48 24 73 90 81 28 36 65 40 39 25 53 
19 42 91 46 92 8 44 92 10 24 92 98 24 45 61 46 2 77 32 2 24 66 16 43 81 34 6 32 54 76 49 50 79 90 74 27 13 87 43 95 40 28 8 98 95 19 34 53 71 60 97 23 90 24 80 35 69 2 14 37 79 67 18 51 90 93 97 98 11 18 90 21 85 91 72 72 56 85 1 78 68 31 38 51 44 14 68 91 13 55 90 14 6 46 41 25 46 63 89 66 
22 54 68 76 22 36 5 99 76 46 4 56 11 91 53 7 18 25 46 12 73 85 91 23 50 47 11 89 66 88 13 6 35 47 63 80 3 92 59 99 27 16 42 91 31 15 35 67 52 83 96 28 6 68 69 70 59 67 26 25 63 42 15 81 30 25 13 12 88 86 54 74 62 92 14 80 84 44 58 32 79 34 40 50 94 53 22 80 5 78 34 70 42 62 88 60 93 62 79 82 
82 55 83 50 21 78 54 47 88 17 95 19 1 86 0 68 47 49 78 91 46 51 46 27 34 30 48 48 73 44 31 11 39 53 95 96 70 18 57 48 70 45 35 37 38 13 85 25 98 73 60 86 70 1 13 45 87 35 59 82 68 52 76 65 71 77 48 32 69 86 92 69 44 7 54 65 35 76 81 29 29 97 53 40 7 28 72 14 84 30 85 13 56 70 4 47 70 78 68 89 
75 25 78 32 86 42 9 56 67 64 58 38 76 42 20 23 62 72 33 64 89 63 99 86 96 93 67 16 52 47 67 1 76 10 24 56 72 19 92 5 67 20 93 81 39 48 6 47 39 41 5 96 83 74 70 16 59 13 32 52 23 98 65 96 0 84 39 84 23 24 95 64 79 81 57 80 54 79 32 77 97 75 20 32 92 45 93 42 27 4 35 22 50 27 41 33 12 5 67 78 
21 0 72 65 88 56 91 71 30 57 78 84 61 54 88 76 62 99 6 24 88 80 91 24 43 46 90 49 13 31 13 56 35 70 4 81 89 8 71 84 82 88 4 52 67 52 35 45 13 3 58 0 89 39 99 71 29 87 51 83 66 87 40 50 74 79 20 72 4 78 61 39 85 17 91 24 7 47 43 59 47 96 53 20 87 67 75 77 49 45 38 29 57 31 50 91 98 79 13 27 
78 37 85 69 1 90 96 80 83 72 75 97 19 16 61 57 18 85 16 85 53 46 19 57 21 21 28 49 25 96 70 42 23 35 23 26 93 51 20 29 21 52 89 77 57 32 10 25 1 64 85 76 20 45 18 10 42 79 41 93 6 0 23 35 29 8 26 97 77 44 39 52 71 98 10 14 72 3 15 97 94 84 37 62 16 81 22 69 6 32 43 24 72 17 27 52 50 88 32 67 
50 77 47 47 76 71 94 0 11 74 88 76 73 22 89 82 5 41 92 40 85 74 79 55 16 51 90 4 27 36 47 16 94 98 57 36 61 41 56 45 2 80 52 15 26 32 4 97 47 20 46 97 83 6 61 97 15 8 88 59 22 84 3 5 26 26 97 17 38 27 36 74 86 19 66 39 31 91 89 57 86 32 40 55 9 64 0 48 29 6 24 25 10 82 16 1 93 29 47 17 
27 46 46 99 24 90 78 93 0 81 0 88 13 82 92 27 33 93 72 44 31 40 33 32 82 45 0 11 3 65 55 38 78 37 9 72 23 78 47 75 83 78 25 17 1 45 89 76 16 28 3 89 1 1 88 10 97 86 41 74 10 47 40 13 73 15 11 94 21 15 29 60 0 27 9 4 43 92 94 59 20 38 15 35 86 24 1 19 11 15 72 50 44 48 3 14 3 67 54 66 
30 49 58 58 42 79 62 58 88 10 33 72 47 35 21 6 44 87 54 23 79 61 5 91 53 24 96 5 94 38 61 15 30 2 15 88 17 96 43 13 46 51 68 15 52 13 92 63 86 27 33 6 50 21 42 37 56 51 28 96 33 21 63 41 31 31 64 12 83 50 3 37 47 45 1 61 33 73 74 20 95 81 10 73 20 93 30 25 79 17 2 85 72 7 56 9 80 5 86 42 
87 62 82 97 36 22 90 4 78 68 87 86 91 8 64 99 78 83 38 47 54 11 24 29 97 7 5 47 46 81 62 51 24 80 97 23 27 83 15 14 88 86 72 89 92 42 28 54 33 36 99 77 87 40 73 0 88 98 51 38 64 56 83 65 7 63 56 69 80 90 19 13 1 45 63 72 18 46 96 97 89 0 32 40 18 99 61 90 44 80 28 14 66 48 62 64 59 32 50 38 
71 86 14 51 44 26 46 80 76 39 10 71 46 6 33 54 53 90 41 63 96 61 40 17 98 87 73 36 24 53 20 11 49 24 23 16 29 7 9 8 10 6 99 26 25 8 97 59 95 53 40 30 69 64 29 7 7 14 97 62 74 42 19 88 95 60 64 1 45 32 30 50 95 83 18 79 15 63 64 41 28 84 23 43 26 43 3 46 44 87 24 52 60 12 18 79 97 46 80 93 
80 8 18 11 8 48 33 45 91 40 28 11 51 33 12 17 96 71 82 32 5 92 96 86 58 31 50 30 4 55 3 32 10 76 13 4 23 92 61 99 8 57 58 65 45 64 43 29 94 41 85 53 52 79 5 68 62 6 65 7 38 41 79 5 63 64 66 96 30 4 47 1 41 47 26 2 96 53 38 72 28 38 69 97 25 32 25 29 12 47 61 87 22 36 50 78 76 92 77 75 
65 14 85 96 24 79 86 88 96 69 24 37 5 59 45 55 66 9 12 12 31 90 11 12 92 67 41 94 51 34 80 9 55 90 17 90 22 54 80 13 30 3 10 24 77 75 66 48 8 32 89 53 76 12 55 79 99 1 93 89 95 32 11 17 96 52 27 43 8 26 83 73 8 46 31 23 58 75 65 20 69 80 59 31 85 87 63 40 99 25 38 93 35 11 35 8 90 56 91 6 
39 71 7 49 99 80 33 85 2 20 58 77 25 46 48 41 66 26 68 79 94 84 8 99 78 10 68 16 65 13 55 73 77 69 69 41 10 49 8 13 3 23 92 92 26 48 35 99 35 94 84 8 98 43 1 74 87 73 72 9 62 58 30 26 0 11 17 63 71 65 79 79 85 61 48 35 74 90 42 22 70 0 97 36 44 44 44 94 32 60 62 43 2 47 77 22 1 5 34 64 
97 45 32 63 90 22 53 83 3 66 97 5 90 87 34 28 32 87 58 11 8 57 80 92 71 88 2 39 25 35 16 28 5 92 98 30 89 23 8 70 80 82 67 69 20 55 36 81 31 6 74 92 37 31 59 69 86 21 40 45 18 52 41 60 35 66 62 67 2 68 63 12 18 39 35 56 33 50 7 6 96 8 28 31 56 80 44 66 10 9 84 74 78 40 67 23 81 92 39 36 
59 16 9 43 31 71 52 20 78 68 18 93 60 10 93 55 74 58 0 86 22 44 62 0 51 90 52 83 75 28 54 36 26 23 36 61 67 22 46 78 46 18 65 60 15 21 67 10 83 19 58 84 28 49 62 21 96 91 92 1 15 45 28 54 33 41 40 58 3 77 78 7 83 32 27 53 69 87 11 24 57 67 65 57 53 18 36 58 32 26 19 35 26 86 53 81 41 74 22 41 
22 79 12 18 62 17 0 40 2 73 12 46 62 22 9 36 0 39 26 30 15 56 17 4 62 59 21 77 6 90 81 38 37 48 10 22 2 57 32 26 37 34 98 0 19 14 44 63 40 34 19 29 51 0 31 48 51 83 97 88 8 5 36 27 38 82 35 38 33 62 15 97 18 13 78 44 5 89 45 56 10 7 40 52 51 31 95 45 9 85 62 25 63 56 99 73 51 23 73 25 
26 45 64 43 70 85 70 21 92 57 18 87 70 70 41 63 36 82 58 6 58 4 56 18 99 25 45 35 16 41 62 78 0 42 29 51 88 62 42 18 34 68 8 56 73 1 94 54 31 99 18 52 35 17 22 74 6 21 72 67 54 85 38 60 46 72 84 53 93 41 67 12 40 89 66 12 68 16 59 87 76 86 66 29 14 43 48 6 39 78 61 93 16 0 70 30 52 73 19 23 
79 69 5 45 13 9 55 98 81 62 85 79 93 42 8 69 48 73 78 74 14 14 6 92 73 92 36 53 36 73 94 41 19 89 90 1 17 99 11 64 12 94 87 21 26 45 39 84 89 33 92 46 3 26 96 78 79 57 3 35 47 91 96 28 53 47 7 28 46 84 96 70 0 58 96 24 62 32 89 61 80 16 95 30 71 56 19 27 36 33 60 8 47 1 64 16 32 25 38 53 
66 21 85 6 95 41 89 8 49 51 13 91 62 33 52 90 30 37 5 19 74 40 47 98 66 3 73 27 57 73 38 29 88 60 59 69 25 56 26 48 10 48 22 41 7 2 34 51 74 31 74 27 92 40 88 72 27 56 81 49 74 0 11 79 86 4 61 43 13 21 36 94 40 99 22 86 41 52 73 39 54 1 83 37 64 99 17 36 32 48 8 46 68 34 41 31 75 47 55 12 
7 7 63 17 39 59 82 71 26 45 1 18 80 32 85 50 99 96 78 8 60 79 64 7 52 86 64 12 79 57 48 21 18 8 36 68 63 69 78 87 26 19 65 23 93 15 86 43 35 32 85 18 8 74 30 70 18 26 15 96 51 55 14 59 35 43 21 92 93 58 71 10 77 34 17 56 1 17 45 2 56 70 53 34 62 71 81 63 17 94 65 38 33 57 34 35 89 52 30 88 
43 8 78 42 46 2 29 23 55 41 92 58 2 42 33 44 19 94 68 83 26 35 17 94 79 25 18 68 23 76 34 69 54 91 84 89 20 18 90 33 61 62 51 80 45 88 63 51 20 21 95 9 48 51 62 75 27 64 73 62 14 11 73 53 10 50 24 19 14 16 17 63 23 60 19 15 73 16 33 79 63 57 36 10 68 9 84 21 44 38 96 93 98 64 53 52 48 16 69 57 
2 27 4 9 86 67 62 10 86 60 11 60 0 69 35 88 42 84 64 59 64 58 61 47 54 46 67 35 15 22 69 19 9 76 96 21 48 43 34 36 96 57 67 38 47 48 89 86 79 46 27 59 27 45 77 11 35 49 2 40 0 12 18 69 10 18 87 95 94 24 85 93 7 55 99 3 93 20 30 88 86 5 20 58 55 1 30 7 96 35 85 77 83 74 71 2 4 14 80 12 
3 20 89 20 88 74 6 17 79 52 88 32 49 20 81 74 85 45 85 36 32 49 68 4 10 14 29 57 33 75 95 71 71 26 64 58 40 80 52 7 65 11 86 70 28 52 56 18 12 12 83 14 6 63 76 30 76 27 89 68 93 12 14 39 29 6 27 25 65 37 8 2 59 82 52 66 34 43 31 3 55 61 57 88 17 98 50 71 57 23 55 7 85 60 16 11 0 32 97 37 
40 65 43 16 8 68 77 75 8 61 88 3 53 83 85 3 72 72 60 24 34 78 89 98 77 52 78 85 75 8 31 52 66 14 7 51 46 6 28 78 59 66 96 71 1 15 7 26 29 84 26 47 48 5 27 62 35 13 33 70 88 96 61 61 30 44 50 93 34 34 20 18 60 69 45 57 10 64 35 79 4 77 87 49 25 70 81 50 12 38 17 96 71 42 41 33 78 21 47 64 
65 42 20 58 76 20 53 66 66 94 27 39 55 51 89 64 96 18 43 3 57 27 16 24 38 49 43 61 76 47 83 48 38 91 5 85 19 79 54 58 43 47 10 26 70 25 12 28 98 76 87 24 86 80 31 73 68 71 14 21 91 9 2 17 34 68 20 77 18 27 55 73 59 16 85 12 86 34 17 31 62 37 54 69 46 72 0 32 21 15 32 44 50 89 76 65 72 55 6 6 
96 5 32 76 68 57 96 30 51 58 12 4 19 60 94 61 65 58 71 64 7 85 62 7 79 25 98 21 20 28 30 94 51 98 44 71 31 85 96 69 24 74 35 23 37 45 5 77 67 12 4 44 13 38 29 2 85 93 78 9 87 18 77 78 42 80 32 87 60 53 34 55 80 13 93 1 80 41 7 61 30 88 10 2 2 42 47 52 13 78 80 47 79 29 75 24 93 66 59 86 
60 83 90 97 55 62 98 66 24 2 38 22 21 47 36 68 81 23 66 70 25 33 6 93 52 89 67 7 55 17 39 93 8 45 64 65 24 99 58 9 98 10 81 5 7 31 16 11 33 26 97 9 98 71 20 68 7 59 67 78 21 0 20 45 75 71 74 93 94 32 17 70 11 88 65 20 26 59 6 58 39 62 16 83 8 4 78 37 1 94 2 9 11 30 51 31 4 38 49 91 
51 21 26 3 21 82 16 59 17 77 56 90 67 17 79 59 5 30 41 11 49 93 54 79 95 77 22 92 17 22 50 55 1 81 36 21 46 69 34 79 47 24 99 80 41 59 86 50 33 28 87 30 37 55 65 95 46 26 94 56 55 23 22 42 20 83 8 97 9 17 52 25 36 38 57 97 11 22 14 40 25 93 97 50 69 73 33 34 40 61 8 49 27 63 75 47 51 18 78 77 
45 76 61 55 97 42 32 73 93 77 16 47 70 82 10 90 18 95 39 95 13 76 43 2 92 45 57 33 94 33 64 16 28 33 47 97 89 62 67 86 50 67 77 23 76 36 68 74 75 64 35 90 88 18 82 64 4 69 36 27 82 8 48 27 54 45 14 61 78 9 26 63 5 59 35 97 77 13 36 41 36 49 74 8 80 17 58 34 35 51 83 27 95 40 41 79 72 7 78 72 
77 44 82 13 45 74 93 82 11 87 52 95 99 63 40 91 70 8 9 84 35 37 3 59 9 49 12 38 85 43 97 87 83 27 96 14 44 24 15 83 72 61 60 65 74 95 20 64 19 84 57 57 56 21 44 15 4 25 73 27 55 48 27 64 14 43 70 23 55 89 86 17 53 95 81 71 93 58 43 83 87 54 28 20 49 28 75 64 50 69 53 11 9 22 26 33 64 58 8 72 
47 94 8 57 24 49 69 15 44 96 73 46 94 23 43 28 76 53 10 42 16 81 74 45 28 8 67 91 51 56 33 29 81 16 47 38 67 60 45 78 73 30 27 87 13 97 60 15 30 73 9 44 52 18 25 56 9 0 82 87 37 20 95 48 94 5 1 31 35 55 38 88 1 82 99 48 34 79 37 1 79 83 19 25 70 62 25 11 58 94 88 12 70 25 31 25 96 43 76 30 
4 48 71 78 14 0 49 34 1 6 26 67 99 96 90 69 23 60 14 65 6 64 93 66 23 32 14 59 80 55 39 32 44 74 61 99 19 93 66 8 91 16 1 12 28 97 5 32 6 0 8 51 87 89 36 7 27 35 94 96 87 76 78 71 94 86 83 12 28 52 12 71 88 67 65 76 14 71 57 82 0 25 41 70 98 33 12 57 92 85 1 97 6 60 84 51 13 16 6 98 
98 29 75 2 18 72 94 46 6 88 10 84 13 85 56 26 32 83 4 65 11 43 95 63 47 35 50 14 62 65 83 6 44 95 55 58 17 22 28 5 32 21 8 57 61 20 93 33 44 96 5 2 62 20 55 6 97 71 82 45 4 61 94 11 84 73 4 95 45 49 26 20 59 33 95 85 56 63 67 25 53 34 28 2 83 43 76 28 29 86 18 4 4 91 43 39 4 46 8 10 
43 45 52 59 23 28 5 81 55 79 91 6 96 13 11 32 87 25 23 15 65 60 60 30 22 45 2 63 20 9 22 90 66 87 64 78 9 94 3 48 3 5 11 85 22 69 72 7 68 41 97 75 61 65 84 88 25 54 79 29 16 20 46 57 29 27 61 4 2 69 75 41 4 1 80 64 38 48 25 46 66 43 57 54 25 9 91 8 60 60 48 15 86 8 75 32 91 8 86 22 
83 63 64 70 34 30 91 22 32 99 14 20 76 63 36 1 49 68 69 2 22 68 92 88 72 66 28 72 44 28 57 26 39 5 47 78 47 11 85 84 17 1 31 41 44 56 0 23 91 24 71 53 59 8 22 73 48 81 24 68 74 39 5 86 30 88 27 82 69 16 4 54 55 82 18 99 96 37 92 36 95 21 78 27 2 12 24 19 17 5 86 77 14 35 30 22 56 82 34 23 
12 90 13 41 15 69 79 45 5 99 74 41 94 23 2 84 17 16 61 43 60 89 25 9 14 28 8 15 16 71 15 82 32 40 76 15 14 72 4 9 78 71 42 63 75 42 81 57 0 94 33 83 16 96 73 49 73 14 59 73 25 42 57 44 96 79 28 53 0 97 19 26 0 41 27 90 6 80 31 39 81 37 15 12 96 99 21 89 26 36 66 25 81 46 21 20 10 50 41 10 
4 97 79 35 85 34 4 62 56 0 40 85 33 36 30 51 32 88 40 29 68 16 15 96 70 47 9 45 49 57 99 99 88 31 10 7 77 94 43 95 17 89 89 65 58 86 12 54 13 72 24 29 40 43 43 85 88 19 84 39 71 98 76 23 48 94 82 17 30 48 37 68 19 93 19 24 49 68 79 88 43 60 25 98 61 35 52 12 90 30 34 48 38 62 30 31 75 18 54 6 
93 79 26 91 33 49 21 15 33 33 65 4 42 23 28 50 46 60 12 49 92 6 74 14 68 98 15 37 47 38 10 40 93 67 25 4 4 1 69 28 61 82 42 44 18 58 67 67 12 37 87 98 30 75 71 41 46 86 42 22 49 28 23 16 3 82 41 86 76 87 30 58 72 14 48 67 46 21 25 36 1 75 44 52 34 28 26 10 31 9 8 7 21 68 35 78 84 33 83 86 
63 27 2 38 99 69 29 4 73 96 72 32 1 67 32 18 25 55 10 44 22 12 85 18 93 82 90 83 58 88 74 56 12 89 74 77 31 74 69 82 61 76 59 96 19 66 86 9 34 12 99 27 64 95 25 46 0 24 94 70 73 88 33 20 5 44 81 71 87 95 38 59 99 25 62 80 66 52 43 15 88 56 31 9 97 6 98 39 41 2 25 91 70 65 79 77 13 6 85 17 
45 62 33 59 25 57 6 59 94 15 51 32 34 72 60 79 89 53 64 43 40 16 48 45 16 7 0 75 34 46 40 50 39 42 32 81 99 90 1 55 18 52 91 5 66 96 34 67 4 1 42 56 63 60 5 93 28 9 1 48 44 34 53 28 25 84 84 48 90 89 18 29 13 70 51 34 80 77 63 88 16 54 92 72 25 18 71 45 81 78 33 88 77 29 86 58 41 91 22 25 
12 78 13 13 40 96 56 84 78 89 13 30 43 48 48 50 61 39 55 45 11 19 16 21 7 92 46 29 73 55 0 47 53 90 77 91 59 46 4 44 62 20 24 86 81 64 12 11 23 71 41 1 36 89 80 81 64 13 44 74 78 34 59 58 49 71 68 10 20 6 93 27 29 52 63 28 75 45 1 80 90 50 47 8 87 18 86 3 41 4 79 54 63 97 47 6 89 18 97 66 
9 6 79 27 67 26 2 80 17 52 8 95 82 33 0 33 11 40 81 58 80 17 28 45 51 27 63 99 91 99 31 26 7 93 91 78 59 38 96 55 43 39 59 86 56 18 93 44 78 52 17 17 77 38 17 42 26 28 22 75 72 25 96 85 73 65 46 78 67 64 99 22 88 63 51 34 17 98 82 45 25 33 24 5 76 64 22 31 72 81 46 63 70 60 34 36 25 5 3 85 
92 76 72 30 92 63 1 51 96 70 13 21 14 93 88 82 96 91 37 24 79 19 62 11 40 70 73 6 39 71 23 13 53 11 63 30 10 28 85 86 62 14 45 96 55 99 37 5 27 89 32 28 90 87 51 53 65 16 94 74 97 61 83 8 60 40 58 53 17 50 61 76 22 48 67 98 33 71 5 91 96 64 71 65 24 3 55 40 19 13 99 14 32 73 21 98 55 74 49 61 
39 39 77 2 41 61 98 96 5 36 86 25 39 38 16 96 85 21 44 61 46 28 16 32 22 59 85 17 74 39 39 24 84 87 92 35 87 87 17 72 65 95 85 72 43 94 82 5 63 30 93 79 64 75 56 26 74 59 30 44 68 16 87 94 88 10 65 91 60 2 98 79 7 97 80 73 65 23 99 67 63 92 28 62 14 13 93 30 95 14 97 87 2 35 68 0 95 65 87 22 
26 59 78 69 92 65 22 98 50 31 47 3 56 86 80 26 3 74 46 33 65 35 60 44 64 62 22 7 96 48 11 8 77 95 33 36 43 76 11 37 43 95 80 24 25 32 3 15 38 43 8 55 5 1 45 17 89 74 76 84 23 52 12 79 58 16 29 27 90 32 52 13 56 83 87 64 14 81 65 8 71 38 80 29 56 33 17 7 0 34 19 85 27 52 66 69 28 30 81 97 
51 94 31 17 72 45 29 41 86 56 30 6 91 38 34 36 22 73 20 2 38 6 13 64 42 16 55 98 33 70 7 23 84 41 65 87 60 72 85 23 84 89 25 29 52 69 24 22 94 52 40 85 88 81 11 42 13 51 92 85 26 19 59 62 66 76 38 42 15 90 61 72 90 56 42 49 31 81 34 72 97 58 23 73 96 44 73 27 67 41 84 58 8 7 19 12 60 30 51 21 
36 87 71 99 82 68 55 33 20 47 10 65 46 29 50 94 76 46 42 46 92 15 23 22 68 97 25 91 14 6 53 35 79 36 2 28 83 41 3 36 15 31 79 3 74 43 44 3 46 32 83 20 25 75 72 60 42 74 79 97 92 28 86 16 43 77 59 40 67 59 80 42 7 2 14 16 87 52 69 33 14 63 0 54 70 7 96 13 55 96 55 82 58 33 51 77 16 57 77 11 
50 89 78 32 28 11 37 31 22 15 87 41 32 72 71 75 51 52 65 99 48 57 93 96 99 3 58 44 59 32 87 69 84 19 30 90 58 93 62 69 30 31 14 46 21 2 49 83 13 2 25 7 27 23 41 91 80 16 16 30 22 60 97 80 79 17 0 13 85 18 11 0 28 35 77 55 13 47 12 87 95 47 86 93 71 47 98 63 67 67 98 0 23 57 5 67 79 98 73 72 
88 91 35 34 78 93 30 52 46 7 0 66 72 25 31 60 10 46 92 68 19 0 57 62 33 80 7 6 52 92 68 72 35 32 11 49 16 58 4 83 28 93 67 11 23 50 44 70 66 81 27 76 0 73 13 30 36 50 88 67 4 47 51 62 26 29 48 23 94 47 23 67 70 99 49 17 90 40 90 62 96 60 72 15 55 78 71 22 38 83 79 15 37 79 65 72 49 55 65 97 
36 87 89 38 51 59 34 61 53 47 7 1 36 11 77 79 41 57 1 61 95 25 23 19 11 49 40 82 52 17 71 49 17 31 69 70 22 95 63 41 68 40 14 33 86 86 15 19 51 82 87 60 40 42 81 55 57 70 97 25 41 29 60 26 32 79 10 68 21 83 8 86 9 39 77 20 44 32 52 97 50 78 29 18 45 6 19 13 34 98 36 91 61 33 68 31 55 76 88 37 
34 94 98 62 97 19 24 57 95 13 58 42 2 63 21 85 26 36 53 93 99 55 13 23 5 48 72 25 84 26 13 54 50 41 7 79 45 98 31 63 1 15 43 64 65 75 38 16 48 16 46 66 44 13 17 35 90 30 61 47 44 97 25 78 12 59 1 64 11 25 92 75 56 23 75 2 36 72 41 19 38 92 85 43 11 76 48 71 4 99 25 68 14 63 7 95 93 89 33 36 
86 0 97 62 88 5 51 91 23 68 64 81 73 76 7 55 61 16 16 11 93 77 81 75 91 47 58 23 98 64 42 99 92 82 64 44 3 20 23 63 68 80 25 5 17 6 53 66 58 55 72 66 87 77 8 82 62 43 62 93 69 72 11 61 54 7 63 16 7 5 18 62 37 23 47 72 27 61 21 21 48 54 7 23 21 79 66 52 18 64 18 3 11 62 95 32 5 42 66 82 
10 9 97 95 67 47 59 68 31 45 42 78 73 26 38 65 25 64 62 83 15 17 46 92 22 18 44 72 9 77 2 12 98 43 33 1 62 85 47 62 12 80 43 81 96 40 63 24 40 95 95 72 6 83 70 68 21 70 16 40 38 33 29 11 27 30 36 47 42 65 61 88 40 37 9 57 14 78 2 54 43 55 35 63 45 43 98 85 87 28 15 24 38 58 90 94 38 64 79 2 
6 13 42 49 30 4 14 66 32 9 5 69 11 60 81 45 78 22 62 70 5 53 71 61 61 84 23 24 20 19 2 58 83 83 57 76 67 46 2 8 51 78 83 36 68 83 27 53 18 86 76 99 79 22 55 80 10 94 8 60 63 66 63 6 2 69 12 34 67 24 26 79 31 68 8 56 26 76 83 14 29 54 58 93 5 88 92 58 37 82 43 43 49 96 24 61 25 20 61 91 
70 53 67 64 80 11 37 28 87 98 87 3 14 11 99 2 59 69 75 87 52 48 5 29 78 47 63 89 26 7 59 42 16 44 37 96 46 87 40 38 80 47 77 76 77 63 91 11 91 78 66 61 2 40 56 35 38 18 82 38 12 88 6 35 17 55 46 96 60 40 34 97 20 79 29 66 67 78 19 7 32 42 1 9 42 6 21 69 24 0 29 69 30 15 31 7 97 82 89 93 
4 48 52 48 16 79 46 12 77 41 8 55 60 23 72 44 55 71 89 68 49 91 82 29 23 40 92 99 84 70 5 12 97 15 53 64 90 59 90 31 21 99 26 68 30 2 84 57 93 6 23 90 17 43 96 65 64 46 34 88 91 32 86 87 27 30 80 93 86 17 14 80 63 58 61 21 96 60 98 58 2 68 57 42 36 25 69 20 37 37 49 68 41 81 77 42 86 38 20 61 
86 12 56 5 8 81 75 0 70 58 51 71 50 25 38 78 70 1 29 21 11 70 22 51 77 38 29 42 88 64 80 29 40 14 28 33 37 16 43 24 3 5 82 54 27 49 40 33 88 70 87 90 3 73 71 57 86 77 58 29 53 93 96 72 38 85 76 93 51 50 10 98 26 57 36 71 63 10 83 87 33 1 79 34 92 30 3 2 49 49 83 36 81 35 84 17 25 68 69 88 
67 12 68 53 30 33 32 11 31 87 57 53 5 42 11 32 85 39 82 12 68 86 97 92 96 50 46 68 31 23 1 62 47 46 40 57 94 41 30 64 91 61 63 12 35 35 34 71 84 5 74 17 86 94 88 41 47 23 6 98 33 83 98 20 88 42 76 15 53 95 83 86 54 73 14 37 18 0 45 93 97 31 67 77 96 90 56 82 2 26 7 51 1 73 84 4 56 50 48 59 
97 32 49 23 72 47 19 17 16 81 66 29 53 11 58 38 45 85 6 13 14 6 96 36 84 89 0 89 90 84 50 36 81 98 57 19 16 60 38 61 33 45 19 87 20 6 28 41 32 81 13 85 26 80 50 42 25 12 84 40 12 42 36 84 27 18 55 20 45 60 86 76 8 27 72 24 31 48 96 73 40 43 16 15 37 80 94 68 57 17 17 76 30 54 1 80 92 76 46 64 
59 0 89 65 10 54 53 12 48 23 63 39 37 53 8 15 9 37 18 23 54 19 35 3 64 36 58 64 46 17 15 57 27 71 72 61 21 79 34 12 51 75 29 38 41 91 50 85 53 47 74 89 88 95 34 65 27 28 88 28 58 8 21 34 79 76 5 43 81 92 21 63 1 32 68 94 39 83 19 6 26 49 90 11 1 77 96 50 44 35 99 9 34 38 93 50 56 62 88 32 
89 7 23 15 22 43 99 5 41 9 20 44 51 70 4 67 53 48 10 71 21 85 84 32 76 82 71 37 78 67 19 59 49 21 12 67 3 33 22 31 15 33 94 31 0 38 75 8 33 22 95 79 87 76 4 49 44 43 69 74 73 77 72 22 91 36 68 33 55 92 99 37 67 35 12 78 87 98 58 57 11 82 11 60 75 84 3 17 62 50 90 24 84 54 98 56 15 91 77 19 
94 46 28 27 12 89 99 92 37 48 0 84 18 18 72 72 98 83 18 18 24 53 37 34 85 87 59 96 16 51 89 82 40 69 52 61 50 37 57 61 56 14 54 25 42 89 94 98 51 11 16 0 35 48 12 66 49 43 76 20 94 50 63 49 49 80 1 44 6 92 4 5 2 87 84 1 51 54 43 66 4 16 8 67 77 64 99 45 34 61 57 63 36 84 1 53 72 84 7 68 
97 48 75 39 87 42 43 91 49 10 2 46 33 87 44 84 4 5 78 22 33 94 89 79 10 49 91 17 35 67 32 86 60 98 82 48 49 85 15 72 36 47 39 65 60 23 62 12 21 93 20 16 64 23 6 16 86 59 9 73 99 96 24 76 80 61 75 45 55 3 29 62 55 78 89 6 59 86 48 52 74 14 0 9 46 54 21 32 27 81 68 8 92 12 84 9 50 17 92 67 
5 35 30 43 33 92 24 84 90 71 80 19 36 17 92 21 46 31 10 32 16 72 51 16 51 88 62 98 84 73 99 19 12 37 14 18 66 20 20 95 26 78 68 76 37 89 56 87 87 28 35 51 59 55 67 45 80 7 44 21 34 61 89 60 86 62 94 87 9 77 78 0 36 54 87 66 40 60 59 19 81 11 55 99 67 38 60 45 27 6 91 86 24 79 27 19 13 15 55 31 
71 40 7 63 6 10 61 62 31 17 85 6 65 36 79 74 71 52 89 77 90 42 44 76 95 18 44 30 58 73 94 59 96 62 8 73 60 47 58 90 49 32 63 88 12 22 97 55 86 64 3 69 11 84 75 74 57 26 42 42 22 38 3 33 56 11 69 82 13 39 73 5 20 12 91 39 0 32 7 48 93 72 98 13 71 88 66 49 87 96 97 74 83 92 89 97 55 20 68 70 
38 89 91 64 48 97 88 55 30 77 67 5 76 51 28 27 18 90 72 40 39 18 78 81 78 95 33 6 27 53 63 26 20 63 54 20 57 12 66 40 5 14 83 60 10 93 94 29 78 96 20 59 83 17 59 27 3 24 98 28 22 89 57 30 92 81 45 80 50 45 56 31 16 27 29 40 34 82 22 98 90 0 17 31 48 21 69 37 46 5 51 67 40 42 15 7 17 78 75 18 
38 32 17 65 22 3 17 59 67 55 24 98 43 22 19 86 38 71 95 72 48 98 12 84 58 48 17 57 13 17 3 38 58 57 18 46 30 76 33 55 58 20 76 10 29 42 82 16 24 71 59 19 18 58 29 19 41 29 67 1 18 78 22 31 75 12 20 65 42 24 61 78 32 32 64 46 18 17 70 27 34 49 22 3 10 97 27 84 97 68 33 11 52 73 25 70 94 28 23 64 
98 22 77 90 41 47 8 56 21 78 64 13 80 85 59 43 11 42 49 21 16 41 66 75 91 73 82 60 2 95 99 23 90 99 36 33 17 22 88 97 77 98 41 94 19 11 72 60 25 95 95 82 52 98 65 26 85 23 89 48 5 94 32 92 94 59 12 50 87 14 94 43 4 95 11 56 39 83 3 55 0 31 22 7 13 8 28 35 49 99 81 26 18 28 0 97 90 70 18 30 
6 74 70 4 73 49 66 33 88 72 58 96 10 31 97 50 8 86 17 30 6 48 71 63 71 78 52 31 98 34 76 32 88 76 9 38 38 76 96 71 4 23 47 65 78 6 92 71 60 26 89 93 9 2 83 30 64 7 71 77 97 36 87 67 15 8 13 58 8 50 8 2 74 97 90 19 86 89 31 32 83 35 69 65 90 82 98 33 41 7 36 42 63 27 91 8 83 94 53 50 
61 88 2 45 62 27 47 32 86 5 21 47 9 69 84 83 68 59 72 20 28 87 3 20 72 31 35 25 85 1 86 79 70 79 95 40 30 6 54 84 16 93 78 93 93 30 74 79 40 97 60 10 90 5 64 2 58 97 13 63 19 74 7 42 41 74 89 94 84 25 44 63 77 48 10 89 22 17 79 72 61 62 17 80 75 64 59 53 49 19 82 75 30 57 92 4 38 22 8 50 
78 39 97 3 85 27 85 36 81 15 71 16 84 0 11 61 47 29 24 26 26 27 48 62 92 1 35 91 93 94 71 13 33 71 40 10 53 17 28 1 79 11 89 27 59 87 5 56 15 18 35 23 66 79 38 80 79 89 69 3 50 26 27 74 53 56 12 95 78 58 49 4 87 68 80 3 38 48 67 17 18 34 58 32 24 6 33 38 2 68 96 42 8 26 71 6 52 3 45 87 
19 2 89 61 24 49 49 79 36 62 6 31 5 49 77 40 79 3 45 26 37 57 82 59 80 58 16 43 51 60 35 94 11 98 38 23 71 74 23 46 32 45 87 65 46 78 80 95 3 48 20 55 79 40 89 33 80 56 56 28 66 39 82 51 68 85 30 75 99 19 70 58 89 14 63 53 87 98 57 58 92 51 35 39 8 20 13 73 95 6 65 61 3 7 52 16 60 36 58 37 
60 46 42 62 2 65 24 73 76 94 43 96 58 39 47 2 56 62 75 71 76 83 89 1 0 68 39 8 15 53 55 21 69 93 31 20 90 79 17 18 82 62 54 52 16 19 34 54 22 21 1 32 37 93 49 88 66 39 70 72 81 26 32 13 95 64 64 28 22 71 42 17 53 95 75 28 62 37 8 83 31 54 55 44 59 33 64 63 0 19 0 14 1 94 95 2 56 27 85 1 
33 69 90 53 0 26 55 87 40 88 82 26 54 59 74 84 17 66 5 55 93 64 87 7 3 49 28 44 53 47 81 43 39 8 5 63 57 4 25 57 10 27 59 99 6 23 59 4 99 44 6 1 81 21 31 43 62 45 36 60 68 2 46 86 11 95 95 43 36 42 49 34 55 19 15 51 42 16 95 42 49 59 92 58 36 17 13 38 24 52 60 71 41 16 55 31 51 4 14 17 
16 30 11 59 98 98 93 88 24 96 41 46 69 59 83 2 92 25 46 52 69 2 49 37 83 62 47 1 73 75 65 43 41 4 27 6 28 67 65 23 97 7 93 19 88 77 50 90 35 52 4 44 61 46 64 57 33 61 29 29 29 26 44 71 36 48 47 54 78 10 79 45 96 84 17 65 50 16 50 51 9 58 31 16 57 88 62 85 71 43 68 84 95 32 98 42 25 42 66 10 
43 19 54 58 98 25 63 44 25 25 99 0 98 81 43 94 41 44 66 51 28 45 38 97 25 14 4 51 84 83 60 80 8 23 14 86 81 79 27 10 97 63 10 73 89 80 56 51 83 10 51 27 12 28 15 80 23 96 10 18 61 98 97 23 82 66 40 41 52 49 79 94 50 18 69 27 27 98 89 94 46 88 17 53 44 31 41 63 83 19 19 79 19 44 38 97 29 40 0 36 
33 91 31 1 25 57 42 88 60 60 41 68 6 44 17 84 44 9 68 94 26 25 78 92 82 80 71 29 55 89 94 95 6 83 61 45 5 98 31 39 19 80 34 53 69 48 97 45 47 83 91 14 12 52 38 13 46 85 24 75 27 22 4 92 44 7 32 95 27 61 65 23 78 7 60 99 9 60 62 58 73 37 98 83 83 36 73 56 18 52 45 88 24 35 27 38 99 41 22 34 
13 38 47 16 77 98 71 61 34 96 16 41 79 92 43 85 19 65 44 75 93 19 8 65 56 67 46 95 0 63 57 34 21 0 83 99 26 83 87 57 69 37 19 23 24 71 64 28 98 88 49 26 71 30 28 25 63 92 31 16 14 51 93 49 56 1 64 82 30 86 12 42 32 3 31 79 11 31 1 53 95 6 78 48 56 20 3 25 41 10 26 81 45 95 42 69 18 10 39 89 
94 60 88 29 21 23 92 12 4 87 40 12 99 57 56 51 49 32 71 28 9 5 24 81 43 57 95 33 79 67 90 50 3 33 74 7 97 84 13 43 29 30 63 44 66 20 77 59 58 88 39 93 25 55 53 54 73 69 53 34 1 79 70 49 33 70 14 86 76 68 7 63 15 79 81 15 5 40 67 77 77 22 2 57 1 45 72 61 18 57 30 34 87 68 30 16 49 1 82 0 
48 5 36 58 39 30 90 22 99 16 90 13 2 47 75 96 6 15 57 83 48 74 68 39 94 93 87 36 16 10 22 95 38 23 48 49 16 74 92 28 77 59 42 99 36 87 20 59 67 35 41 48 77 69 60 48 55 28 52 13 79 91 0 1 37 43 25 64 53 6 30 25 61 22 30 85 3 1 11 73 17 76 60 18 78 68 43 0 10 16 2 33 34 42 11 30 72 66 92 62 
62 43 93 75 0 54 16 63 90 79 34 85 37 44 19 53 52 99 56 86 53 86 29 0 76 55 26 58 90 75 89 0 5 49 2 78 55 47 46 47 59 8 27 64 65 39 68 95 62 26 36 78 40 36 66 24 53 21 84 21 49 17 30 89 20 40 8 31 47 33 47 42 35 33 37 45 33 69 56 6 95 1 63 80 80 13 72 6 77 92 14 28 57 43 33 28 60 27 54 54 
77 91 22 74 28 75 33 98 84 22 80 1 81 72 75 0 58 65 83 40 14 20 50 78 66 40 64 50 56 22 57 66 73 53 76 83 71 80 72 50 73 80 48 94 15 17 67 68 7 99 99 20 76 34 17 69 20 18 68 50 79 61 59 96 79 4 94 51 66 1 68 78 61 80 24 74 38 87 99 62 95 57 65 94 10 91 27 27 61 90 34 51 10 13 37 69 41 57 72 68 
86 57 32 26 45 12 28 8 31 23 82 4 70 0 82 9 15 0 16 17 18 64 38 69 28 84 26 92 65 14 84 0 90 13 97 41 13 22 43 82 85 17 1 46 84 57 11 90 55 87 54 45 84 41 5 29 19 66 40 5 17 91 59 28 81 54 50 18 6 78 8 64 57 25 99 97 37 91 0 0 52 91 28 67 90 88 66 92 32 23 40 93 65 50 63 78 64 12 30 64 
51 21 48 80 35 98 35 1 16 56 46 40 50 78 47 49 33 36 10 95 17 46 47 16 90 1 35 25 16 97 94 57 1 27 15 8 28 11 5 35 42 37 21 44 5 14 29 23 8 69 43 76 63 79 54 72 72 63 78 72 72 86 8 14 35 28 33 7 0 58 89 48 45 31 6 16 37 74 61 89 35 98 98 36 33 76 44 63 8 73 35 76 80 27 85 89 90 30 61 81 
47 66 63 25 93 65 10 81 2 82 66 80 19 56 54 38 28 4 12 63 57 70 61 48 42 71 94 55 65 5 36 14 49 46 97 12 16 40 69 25 45 61 78 77 38 82 52 68 93 14 5 49 84 32 21 25 84 98 46 74 77 13 36 12 18 19 84 44 39 67 3 78 12 5 30 83 31 54 53 10 36 43 16 85 24 34 28 31 36 19 17 99 63 24 53 54 91 57 71 4 
20 74 79 2 24 25 0 52 49 25 4 38 21 3 9 82 70 3 89 18 14 97 81 18 57 17 49 7 44 3 90 56 11 50 87 49 41 27 78 46 66 76 93 53 49 25 32 93 69 13 83 11 30 30 90 43 50 2 81 93 46 39 5 2 91 32 81 28 4 39 90 90 53 45 25 35 57 19 4 97 16 77 70 85 57 0 85 50 6 88 26 87 33 81 9 43 39 88 6 58 
40 30 54 37 97 84 35 25 92 17 27 38 85 45 92 21 68 73 22 32 81 14 33 60 61 21 32 46 57 7 64 21 92 54 19 77 28 91 59 38 75 49 73 97 2 82 9 44 58 27 49 59 63 25 11 52 82 4 5 10 18 21 82 63 87 33 30 7 81 6 52 74 25 42 9 71 30 19 75 69 43 35 96 29 98 15 6 83 65 78 22 55 58 51 49 54 25 82 51 11 
83 53 6 87 4 7 42 30 99 60 84 26 63 21 29 75 5 86 40 59 69 25 9 42 43 78 87 54 42 74 47 29 59 26 38 78 49 62 94 81 62 7 61 17 40 57 3 75 36 99 65 94 30 28 39 27 70 71 25 30 46 30 31 52 13 29 88 66 31 87 87 89 10 20 82 87 41 14 27 2 50 45 67 65 51 18 87 0 96 65 37 16 52 18 57 28 6 76 90 19 
83 24 99 71 45 61 46 28 22 40 85 80 1 5 98 81 3 92 26 54 68 30 28 64 33 89 80 11 23 42 14 70 97 73 22 78 93 70 43 86 31 2 67 11 4 31 32 67 73 63 86 1 68 17 23 0 65 80 77 40 54 28 1 93 83 13 51 65 1 60 14 10 95 20 56 4 18 46 3 9 30 18 64 30 14 9 27 69 37 50 87 21 82 96 42 98 91 97 34 69 
66 15 86 37 10 70 70 55 0 13 86 91 67 19 65 87 22 6 5 28 59 60 24 39 4 18 84 45 53 8 27 71 33 62 34 16 66 11 78 1 33 23 68 58 66 69 75 54 62 29 52 34 24 50 6 89 60 77 59 73 26 2 95 56 28 83 21 66 75 8 79 32 27 40 28 93 33 98 37 66 21 64 40 27 24 9 2 95 64 99 25 18 30 98 57 31 85 25 12 57 
19 0 43 10 72 63 72 22 89 12 39 98 56 62 23 52 16 63 95 61 17 76 93 57 34 31 66 24 87 66 52 40 20 39 8 86 40 57 5 34 61 4 69 87 95 41 28 82 1 41 39 6 9 47 99 81 24 17 14 16 5 71 62 19 60 81 35 33 93 76 19 67 23 61 70 66 94 22 44 1 31 7 52 1 17 65 87 19 98 73 28 79 62 79 96 97 2 88 50 25 
21 72 31 1 85 14 59 79 22 18 90 1 77 85 98 21 12 98 9 64 60 39 51 42 28 44 44 44 87 56 74 60 24 6 11 59 91 9 20 34 18 46 84 99 1 45 19 41 15 63 83 51 84 18 84 98 47 74 77 70 9 36 51 85 60 27 11 0 77 18 22 15 32 48 14 79 31 61 71 54 98 4 20 7 75 84 53 9 1 59 81 26 20 96 79 30 86 97 99 80 
3 66 18 95 25 61 83 97 40 23 7 69 70 66 63 8 93 90 80 96 20 49 9 49 1 44 22 13 19 96 24 93 24 96 5 98 59 76 88 15 30 72 75 75 99 3 9 1 11 51 88 44 31 19 3 74 30 70 35 49 18 38 4 43 0 67 94 89 4 72 27 91 82 91 57 97 21 36 12 43 0 83 64 87 23 91 73 67 30 89 91 40 13 16 76 47 8 90 36 71 
87 99 29 84 94 38 4 69 55 21 88 83 90 57 83 7 73 76 16 14 22 61 19 40 11 43 87 17 74 51 28 60 37 64 69 78 53 67 91 15 82 10 79 56 5 46 9 3 6 22 13 2 0 35 5 97 17 36 99 48 34 53 89 79 70 75 86 50 24 7 20 49 35 90 82 38 74 50 11 11 90 10 61 96 83 63 53 31 30 67 77 6 15 5 5 89 91 51 55 99 
25 46 38 48 50 65 13 95 13 31 97 86 60 39 90 88 40 8 5 49 76 92 57 1 85 32 90 87 0 37 90 71 45 57 35 71 53 61 39 53 11 78 61 57 55 28 44 10 44 90 83 2 43 80 7 18 14 63 57 80 6 81 33 84 97 60 45 89 59 87 0 75 71 77 53 45 4 36 95 45 80 57 73 82 54 49 87 3 92 58 61 57 19 88 54 45 96 67 84 77 
2 56 16 94 96 77 30 15 81 83 3 72 44 43 21 54 20 56 22 15 49 67 87 15 58 3 62 82 70 91 3 67 99 40 61 33 83 72 86 29 51 94 16 21 47 24 97 67 93 46 39 93 85 52 96 83 9 47 14 68 29 49 54 64 63 66 58 19 64 33 59 11 84 59 58 74 94 39 83 6 18 87 50 21 16 15 97 39 83 34 76 4 98 65 83 0 81 72 4 92 
53 23 41 40 78 51 72 80 5 81 7 84 16 81 27 17 17 99 50 19 33 33 95 36 39 83 86 71 40 0 6 14 32 54 6 57 88 2 79 8 85 82 74 13 55 7 56 25 88 75 55 91 62 49 97 40 77 43 34 69 3 24 78 49 91 76 26 3 58 36 45 95 50 41 46 32 81 52 39 55 43 9 35 42 47 6 38 38 85 64 68 2 7 65 20 78 31 16 1 38 
