71 78 65 65 50 88 77 85 62 48 74 1 8 38 89 39 76 61 31 91 88 77 56 70 36 77 76 2 7 42 28 25 87 15 17 92 68 22 22 67 68 81 81 1 68 94 95 67 39 48 
34 52 58 11 72 22 9 77 30 55 29 81 36 40 26 45 92 64 70 6 42 39 65 21 59 40 32 89 50 10 46 89 9 30 66 94 83 43 56 14 87 54 25 46 77 54 57 96 64 90 
5 62 28 10 77 18 8 11 65 50 73 44 37 30 40 81 18 45 18 3 95 7 35 13 4 36 46 33 30 94 38 76 59 67 57 10 50 51 57 72 65 49 99 67 85 59 2 84 14 18 
81 85 91 30 18 43 3 44 9 1 87 36 74 93 98 15 63 43 0 65 70 99 0 9 6 0 88 93 60 16 17 0 64 28 56 93 50 75 10 67 42 79 38 92 6 0 81 30 17 86 
9 26 7 0 61 65 93 77 94 29 5 30 88 14 66 76 77 12 74 67 43 54 5 42 89 72 48 65 5 87 77 67 34 7 48 68 23 84 20 61 59 76 98 25 13 30 17 78 32 50 
92 57 67 48 13 87 75 54 34 97 7 71 42 20 75 87 1 36 81 49 76 93 2 97 69 60 91 66 84 55 10 20 14 50 22 59 46 24 10 74 59 37 17 18 15 34 40 78 4 25 
51 77 79 78 6 18 0 63 91 52 28 70 76 41 68 25 57 37 22 92 70 37 56 87 88 34 83 36 30 9 98 66 19 18 53 55 32 27 4 11 51 66 57 17 10 97 61 76 82 80 
26 89 25 17 83 34 27 28 32 74 89 16 70 57 64 20 21 64 91 51 60 95 76 85 47 91 51 81 80 34 54 51 51 36 98 75 61 82 99 4 48 31 64 4 51 2 30 62 50 57 
54 96 41 30 73 9 49 37 26 3 82 41 6 62 40 93 96 47 30 17 17 37 59 11 90 28 79 24 97 56 31 4 52 30 66 45 7 67 32 34 86 9 59 76 65 94 48 99 88 86 
0 43 19 19 73 90 69 85 9 27 34 36 43 22 13 40 92 10 89 21 86 26 57 61 3 85 43 12 47 46 11 61 3 92 64 33 39 54 35 42 77 89 26 88 53 72 55 90 31 13 
49 26 51 39 97 27 92 23 16 91 42 25 55 81 53 44 40 67 26 79 74 40 33 30 61 26 38 27 10 91 98 56 16 66 47 2 46 39 23 22 53 20 44 92 45 32 74 44 53 56 
69 97 81 61 38 1 18 84 98 96 90 57 69 64 26 20 71 62 51 36 53 95 20 11 95 35 93 44 35 39 55 50 25 28 94 96 36 39 70 77 42 48 0 68 32 58 85 16 65 69 
72 13 81 88 47 43 21 94 71 59 5 29 57 53 7 25 83 44 4 88 15 7 70 9 85 72 18 6 42 39 26 34 88 18 12 33 12 12 13 59 45 3 81 12 53 70 28 87 66 22 
85 74 37 12 9 62 21 54 1 67 31 8 46 71 70 35 53 22 5 15 58 11 1 3 30 55 59 82 33 96 54 0 29 9 46 51 22 29 48 83 90 20 7 73 98 90 2 99 19 59 
35 59 1 26 57 65 52 41 12 64 63 86 84 12 46 81 86 34 66 6 19 26 33 35 15 14 28 32 85 70 86 77 26 71 7 37 42 45 68 74 61 55 2 70 26 72 62 37 59 18 
64 20 62 20 38 18 61 58 86 90 47 31 68 94 40 80 34 91 42 67 65 0 49 71 39 6 27 6 63 76 28 50 95 12 61 75 96 95 75 45 84 38 7 93 31 94 56 88 33 35 
94 82 76 93 32 42 42 53 18 31 58 65 52 62 61 47 75 26 42 0 42 49 6 36 6 93 88 7 88 57 53 1 32 76 17 17 22 34 30 6 79 78 36 41 83 43 97 40 99 43 
93 32 94 26 40 71 6 83 26 25 20 67 50 43 6 17 25 35 43 18 83 17 51 50 44 69 48 23 11 14 35 35 45 6 17 9 61 93 0 28 50 90 68 35 40 7 67 85 62 17 
24 76 4 26 61 95 90 0 4 13 21 87 81 48 66 79 17 76 95 65 1 9 81 33 55 50 43 76 70 54 51 64 38 2 95 84 55 21 5 4 34 74 26 91 34 67 11 30 83 84 
91 4 82 10 73 75 12 15 24 80 60 25 62 25 99 22 2 70 3 54 12 27 37 21 41 68 35 83 65 9 80 15 11 89 74 98 77 79 28 22 41 79 43 65 14 68 52 51 81 41 
33 23 18 85 52 57 58 81 82 34 16 21 82 3 99 71 32 0 31 10 50 78 91 85 66 25 87 38 12 17 86 98 59 84 74 29 25 56 51 65 93 24 1 62 13 65 57 57 95 28 
83 3 40 8 68 38 59 49 58 49 50 98 48 74 47 70 55 94 41 81 17 99 51 12 64 41 76 45 48 81 15 39 89 63 28 4 37 52 63 77 89 20 22 76 94 78 6 52 22 59 
79 76 3 22 62 92 90 40 95 39 6 22 66 48 86 66 65 26 6 24 74 37 33 96 39 52 5 52 45 3 31 50 58 45 46 89 50 2 49 90 46 29 50 60 89 36 22 93 79 93 
47 19 2 0 18 6 74 67 28 38 28 30 96 58 44 73 71 68 94 15 47 49 10 64 19 12 45 95 44 46 32 89 98 80 23 3 44 83 32 94 38 28 94 18 69 1 4 11 67 39 
79 27 43 41 84 26 75 67 44 17 69 42 16 51 66 56 83 49 69 2 75 56 18 39 6 77 80 10 22 72 92 85 76 85 17 30 64 92 25 79 71 84 91 93 48 49 33 75 1 30 
78 21 67 5 80 1 58 72 26 88 95 11 98 75 7 37 24 78 88 70 26 42 27 93 57 96 5 45 24 75 96 33 41 12 11 74 86 90 88 8 60 74 40 31 83 2 80 64 82 61 
11 86 46 22 18 67 15 14 21 16 9 99 76 2 44 38 94 82 74 50 20 87 94 99 49 40 61 33 50 89 47 90 51 99 76 2 40 82 9 53 54 47 66 62 10 11 96 28 58 23 
56 33 42 43 42 16 27 86 69 45 19 29 24 31 55 21 8 74 13 88 44 11 71 80 90 19 29 37 43 5 65 95 19 82 44 95 64 42 31 70 36 18 65 63 65 71 66 60 94 76 
29 26 30 4 47 70 55 45 11 54 88 93 11 69 80 81 33 72 73 26 30 46 30 68 72 89 54 9 5 94 55 41 75 20 5 46 53 92 31 34 87 50 27 6 67 83 17 54 16 88 
75 55 38 27 36 36 81 2 89 68 1 43 87 36 13 0 25 71 35 51 61 27 23 72 91 51 52 52 45 52 7 0 49 76 53 23 6 5 57 64 80 40 31 31 21 7 10 56 47 7 
35 48 72 21 25 34 94 79 11 17 71 31 82 23 87 48 50 53 20 65 58 92 60 31 37 84 81 63 33 78 43 51 84 74 70 71 60 23 40 34 97 27 87 19 10 32 23 64 20 89 
16 47 44 97 62 18 17 6 84 60 75 49 38 8 14 18 20 22 57 78 7 23 81 64 97 84 35 93 19 44 72 81 68 18 49 59 91 5 21 4 0 13 8 53 27 66 27 74 56 17 
46 62 74 62 38 34 75 42 68 53 62 83 97 94 78 20 85 91 61 31 0 42 63 2 2 70 99 81 79 13 34 68 7 22 26 85 80 52 68 62 32 85 39 71 35 78 85 16 30 43 
51 24 70 45 34 96 78 94 39 52 10 34 64 33 77 66 18 65 60 44 8 92 35 72 80 38 29 27 70 94 34 41 11 19 52 20 15 79 90 44 26 54 20 23 63 66 8 55 84 19 
79 55 59 45 23 80 9 23 39 90 56 37 93 33 36 15 99 77 27 49 61 85 3 39 6 80 5 34 56 68 32 38 14 23 56 25 2 65 98 72 8 68 82 59 54 36 71 68 22 13 
13 4 77 64 54 3 82 48 12 44 39 36 5 61 41 7 92 41 37 45 86 61 4 93 93 1 98 68 84 40 41 72 62 2 55 38 94 54 98 49 38 73 67 17 64 18 40 22 82 83 
74 74 1 63 55 26 70 13 55 11 18 61 66 70 43 39 56 48 70 99 18 79 6 35 64 71 53 56 28 14 46 78 91 99 45 67 11 93 55 49 37 17 43 98 9 25 14 78 5 22 
61 46 51 75 31 88 32 17 36 86 74 3 72 37 30 50 85 79 46 86 26 17 55 87 96 0 33 51 1 25 25 23 10 41 91 53 2 68 98 89 56 35 54 16 41 72 46 25 28 14 
34 30 19 56 65 47 67 77 1 54 14 69 54 26 86 55 69 31 84 55 59 40 51 94 41 14 37 35 59 90 27 92 30 66 73 62 43 96 26 97 92 75 68 88 76 21 17 42 37 89 
35 6 12 36 97 71 50 56 28 1 98 90 44 92 1 45 33 30 59 96 43 41 54 4 77 87 86 37 6 8 19 62 30 76 52 93 37 22 61 55 12 73 4 48 47 75 63 41 21 78 
98 92 50 70 88 10 6 24 76 12 56 72 53 74 12 80 58 55 54 12 8 45 28 67 12 8 37 6 31 44 4 99 1 11 19 63 3 2 41 21 94 52 70 17 3 6 68 56 50 64 
76 55 59 21 23 50 20 18 84 88 57 17 1 73 51 67 47 49 85 88 58 40 16 96 0 29 10 62 52 20 63 51 90 42 15 86 6 55 92 88 1 77 11 7 39 0 48 98 78 46 
95 84 81 98 17 53 19 84 38 67 33 14 53 19 31 7 94 90 99 78 30 76 78 1 58 18 63 29 45 19 98 88 92 60 16 84 95 79 94 30 3 42 38 59 88 51 6 4 33 36 
73 56 29 23 76 87 77 38 15 74 80 40 0 84 99 81 92 45 27 67 41 42 73 67 48 21 25 91 96 86 15 19 32 45 12 44 83 55 64 34 55 20 59 1 81 2 64 57 46 63 
84 9 12 38 39 81 89 81 21 62 16 62 92 18 37 62 70 84 18 77 27 88 73 12 74 42 49 39 77 31 86 35 62 77 58 65 97 28 36 15 61 69 16 85 57 60 70 84 71 32 
10 54 82 65 62 40 30 26 47 55 71 85 31 97 94 86 71 9 96 77 7 68 18 74 77 28 43 94 2 15 83 90 56 24 38 58 59 70 49 17 21 91 62 47 55 53 36 72 74 34 
82 66 41 70 75 95 41 1 26 87 74 71 77 82 49 12 45 60 28 41 17 62 21 56 46 19 12 48 91 28 23 30 8 85 38 44 60 71 40 23 37 54 42 59 94 22 59 85 65 41 
8 22 45 29 34 44 89 21 2 1 51 15 41 95 91 44 61 65 73 58 24 41 58 52 21 86 90 32 49 22 17 52 72 76 24 35 7 74 54 42 44 35 90 70 94 97 57 31 35 40 
23 77 19 81 29 11 8 57 46 74 99 39 70 66 91 13 72 46 75 84 26 38 22 10 15 98 31 23 89 78 51 3 26 32 26 94 47 31 43 37 60 42 19 47 16 59 73 49 79 44 
8 65 48 68 80 73 53 89 15 46 36 92 64 6 52 47 74 38 73 93 55 46 74 82 54 85 89 41 23 81 89 43 30 24 43 76 3 1 39 65 42 29 76 98 24 37 77 96 22 10 
