34 67 29 26 45 91 11 64 14 96 9 23 19 59 16 23 50 63 22 24 89 75 32 67 14 23 81 56 89 92 81 89 60 45 31 42 58 23 90 96 50 29 9 77 71 42 60 29 53 76 54 79 97 55 61 29 26 30 87 96 39 28 37 69 30 52 46 22 86 19 42 46 80 20 41 25 87 31 90 16 49 13 33 88 16 90 8 17 8 68 16 58 92 65 61 39 54 5 82 0 
84 86 81 28 69 19 37 94 16 70 90 88 4 24 77 38 72 71 54 57 29 11 4 70 94 44 3 82 97 78 18 20 79 54 91 82 15 92 81 54 94 36 54 38 42 64 4 22 84 12 41 39 37 98 43 78 2 88 11 26 99 29 72 37 95 72 1 18 11 47 98 87 43 68 57 74 42 83 0 83 82 88 50 29 7 61 69 95 39 10 25 10 2 67 18 28 1 31 84 23 
33 21 43 40 4 25 63 62 98 70 26 33 87 21 52 53 86 22 84 53 5 68 7 97 25 29 42 20 72 21 4 66 56 71 51 47 3 21 51 21 35 95 78 76 93 11 22 45 13 19 6 9 22 99 53 3 27 61 92 21 38 83 49 81 45 27 86 34 28 77 57 60 61 69 16 59 47 40 17 79 73 36 96 63 65 94 72 39 47 11 37 13 22 73 63 24 28 11 8 27 
2 52 29 73 46 86 73 5 18 7 53 99 40 48 4 1 44 68 88 42 60 25 83 49 14 43 49 73 39 63 98 28 84 31 69 52 91 8 55 60 63 94 67 21 70 52 66 63 0 58 2 77 76 22 64 68 61 57 40 26 47 6 42 12 85 97 42 60 14 26 28 39 84 4 52 35 11 68 65 66 38 50 90 70 69 19 33 82 79 93 64 8 24 8 28 93 88 32 74 86 
76 62 96 34 7 42 76 38 42 82 60 31 22 71 90 3 61 86 62 60 7 72 82 69 47 82 63 79 43 10 31 51 85 80 66 5 14 94 62 83 89 12 38 55 99 74 87 4 71 91 88 85 4 61 91 67 48 5 69 89 25 4 43 56 18 65 94 56 62 72 67 24 52 62 43 74 17 97 25 55 52 87 0 64 66 6 3 65 76 67 25 87 59 69 42 32 46 20 16 49 
36 62 18 75 33 59 72 66 61 23 68 61 18 44 84 84 73 22 53 15 96 87 74 60 60 35 62 19 9 72 32 84 71 17 59 10 60 2 6 10 6 14 67 53 42 35 17 23 36 40 7 15 92 45 85 57 80 2 25 46 88 34 90 80 67 7 14 8 8 1 92 74 62 76 80 51 42 79 63 39 84 76 66 48 62 21 72 18 63 22 14 7 21 14 83 35 68 62 97 40 
97 83 71 24 4 13 0 79 5 29 32 59 19 63 71 53 94 50 71 88 58 75 75 74 93 99 70 79 3 23 39 31 75 80 56 93 53 31 88 50 9 20 74 24 63 58 46 38 23 36 19 47 95 79 55 10 87 5 4 47 5 86 47 32 92 76 10 27 75 15 50 86 15 23 78 53 96 89 88 84 41 95 96 3 0 36 2 88 89 68 3 30 21 15 36 15 1 92 73 40 
85 45 18 74 27 61 95 58 43 82 86 26 27 17 85 72 12 46 72 14 3 40 52 35 15 83 61 10 22 53 78 96 40 52 68 25 1 90 33 12 77 89 66 81 25 73 41 98 98 5 2 35 31 52 71 58 36 3 89 57 20 45 51 79 29 60 77 14 58 91 65 69 17 88 16 6 83 67 14 14 92 40 34 2 32 28 24 97 60 86 86 42 21 5 25 43 2 75 9 48 
71 40 63 72 38 13 78 24 7 96 7 50 82 83 56 34 80 30 36 20 31 69 64 69 76 30 19 60 9 67 59 98 91 8 13 38 87 71 52 60 37 83 73 12 99 92 27 12 24 77 28 10 58 0 68 9 12 88 69 91 14 99 64 23 51 52 8 46 85 3 33 99 36 92 57 74 60 2 13 56 93 65 79 51 92 22 13 1 43 88 16 60 25 77 6 11 95 1 93 41 
79 12 48 6 78 72 4 45 54 81 53 35 79 39 40 34 33 74 15 47 42 47 49 49 61 93 53 76 18 44 64 68 52 58 22 12 21 77 7 86 75 92 26 33 44 18 95 99 13 68 5 63 11 55 45 88 35 18 53 78 42 84 58 12 41 46 86 5 79 73 89 44 82 6 92 46 53 58 51 33 9 80 62 67 80 21 78 24 8 93 15 76 42 52 9 86 22 42 79 59 
2 70 31 29 58 38 97 61 83 42 67 52 66 16 42 87 18 84 60 90 8 1 2 44 51 0 1 64 75 20 58 28 91 74 42 16 32 72 90 4 99 0 23 49 76 2 92 95 28 67 20 67 73 51 12 22 95 88 6 30 2 52 17 77 71 12 33 14 43 51 21 12 77 2 14 32 49 72 53 64 32 13 19 26 20 33 81 22 26 97 68 13 10 47 68 15 62 96 97 65 
43 96 48 3 52 52 12 37 65 89 57 29 89 41 14 36 99 43 52 56 23 47 97 97 26 17 27 14 52 5 28 45 83 67 84 64 88 63 59 22 40 46 81 66 3 79 2 6 54 12 42 97 68 17 52 3 96 35 51 12 85 22 62 49 70 33 62 2 49 73 57 40 69 72 9 19 4 63 11 56 26 46 71 41 11 74 28 62 62 37 17 1 69 63 39 88 76 52 76 24 
57 0 12 15 97 26 30 24 6 26 73 73 62 42 96 69 16 43 38 15 98 57 92 61 70 47 6 71 84 34 63 57 43 23 11 6 46 54 83 93 65 24 11 81 87 88 61 58 11 8 77 17 54 61 17 4 13 34 78 90 74 98 43 37 33 52 3 14 0 65 19 98 5 93 14 74 74 84 47 52 71 97 97 22 49 11 99 2 5 66 93 53 3 53 96 22 70 96 16 78 
80 73 84 29 46 72 11 22 56 49 21 98 49 52 73 37 14 60 45 18 19 43 72 12 14 5 66 4 50 41 83 75 77 49 15 77 3 74 74 84 47 84 21 62 45 3 43 77 69 93 51 96 12 57 2 57 19 5 59 9 83 69 15 19 12 61 26 29 0 17 79 41 99 94 16 71 64 96 80 32 25 38 70 79 96 46 10 93 94 14 44 70 0 1 66 73 58 17 45 85 
59 77 91 75 69 91 30 35 94 32 43 89 50 88 84 40 59 21 87 31 50 1 82 79 94 47 59 61 4 8 75 76 86 66 23 88 97 10 94 92 98 44 52 74 66 53 4 99 20 30 8 99 49 52 88 50 48 60 7 26 53 63 58 30 21 89 44 86 97 95 96 74 61 52 86 58 16 10 56 96 6 19 97 27 15 0 28 0 50 64 40 84 94 77 79 91 11 22 60 74 
35 74 47 49 24 90 82 16 63 47 52 80 19 56 51 75 69 13 63 35 20 81 63 41 68 7 80 79 11 96 45 50 64 0 74 56 42 35 10 72 35 94 32 48 2 75 99 56 99 55 56 38 66 75 93 52 56 42 75 67 99 37 48 1 15 92 4 12 69 0 3 53 67 83 81 39 88 31 26 58 2 24 8 9 63 91 26 26 6 98 99 81 20 88 88 10 33 52 79 93 
64 60 78 70 31 47 39 60 45 53 76 58 80 99 85 98 47 27 77 13 14 37 57 99 95 19 67 36 51 72 9 5 89 29 73 39 81 74 33 93 59 30 42 40 42 62 75 54 11 34 84 48 73 91 95 29 48 90 19 54 15 1 93 7 49 55 44 98 17 63 93 4 68 47 75 83 64 26 47 55 98 4 67 6 3 62 68 43 18 64 32 69 72 91 80 81 90 23 78 6 
65 54 62 39 78 65 34 97 9 44 30 76 15 68 33 13 95 17 3 11 1 22 94 30 46 77 83 75 33 93 18 90 0 49 88 5 42 44 95 67 33 50 34 66 67 72 18 59 88 39 85 92 53 6 99 10 94 55 29 72 87 40 26 85 86 67 55 10 85 71 9 89 75 31 58 30 84 22 24 48 66 56 19 30 73 33 2 77 56 8 21 58 3 69 89 13 51 93 6 35 
46 72 68 64 68 86 84 65 45 72 95 77 64 63 34 59 76 71 29 21 53 75 87 35 7 31 97 7 51 71 47 33 71 77 45 22 80 19 79 0 34 72 34 46 74 8 72 11 96 75 26 38 91 52 98 97 42 39 93 86 78 29 11 92 6 2 26 74 41 16 73 6 20 95 66 72 34 99 72 93 30 76 50 13 71 96 71 0 21 64 17 6 56 4 90 28 39 71 70 46 
31 80 57 32 83 48 94 7 70 94 87 95 60 75 92 33 8 18 85 88 61 64 78 2 74 76 15 86 39 90 1 44 35 43 99 65 94 26 25 1 83 35 39 4 70 92 19 58 70 32 3 3 35 17 11 17 22 55 8 88 26 66 95 75 9 4 67 4 50 20 19 25 86 48 49 11 17 93 40 87 11 63 83 16 38 20 49 21 86 8 92 76 72 77 32 88 89 55 11 49 
92 70 57 82 53 48 15 44 26 86 66 9 42 60 83 15 86 68 87 87 62 96 68 96 40 21 24 26 17 88 45 99 86 87 38 27 83 91 17 19 19 83 66 52 49 13 49 88 41 11 17 26 3 53 61 79 72 73 57 98 6 62 25 41 1 42 77 61 15 65 3 92 16 40 11 70 46 74 26 87 19 10 11 71 18 46 38 4 37 79 51 74 30 85 56 61 37 49 29 19 
32 25 74 56 45 13 25 60 8 12 64 14 84 43 66 26 56 50 45 37 56 24 2 76 61 63 0 66 6 10 33 85 99 41 49 94 15 78 52 26 80 14 89 17 48 36 48 40 45 50 1 3 69 45 58 69 96 91 51 3 96 79 12 84 74 71 16 0 64 2 63 9 92 59 12 8 93 55 79 84 12 54 71 19 28 41 87 98 33 63 38 84 55 43 75 89 48 86 73 77 
25 42 80 22 27 33 85 12 78 67 61 81 15 10 11 78 43 81 8 85 65 22 93 51 97 87 1 22 3 87 79 88 7 48 24 87 90 49 29 89 15 71 78 81 40 6 31 83 89 56 32 33 40 22 88 27 54 97 13 99 12 38 40 30 82 56 71 51 47 17 21 45 47 26 74 89 8 49 81 68 12 84 88 40 22 78 40 65 24 37 45 3 67 87 16 47 10 38 44 37 
66 6 32 40 37 90 91 36 1 87 97 5 94 17 43 84 11 89 41 62 89 35 91 39 67 49 49 98 73 2 95 46 71 37 23 68 4 42 19 60 88 39 19 80 39 91 25 32 27 56 46 42 13 64 96 20 34 39 43 0 13 61 56 95 77 22 11 46 27 31 51 19 60 77 92 8 4 79 53 27 63 71 8 88 8 48 42 39 15 84 40 64 95 64 50 20 46 81 66 82 
84 69 96 89 23 81 65 83 7 96 4 17 0 47 50 16 45 69 60 36 6 3 38 6 24 83 72 63 7 71 57 18 52 60 98 85 39 42 33 71 2 62 73 5 77 59 51 52 87 73 2 18 80 0 8 13 97 2 0 15 26 82 23 44 99 13 15 12 18 34 91 32 91 85 64 10 41 97 79 47 29 25 61 51 91 17 17 9 42 26 40 91 52 86 3 8 51 19 34 47 
14 31 27 66 75 70 41 17 23 15 62 19 11 41 48 27 73 18 18 0 58 22 87 0 15 53 45 91 79 16 50 31 12 72 40 61 35 18 54 86 38 21 15 97 27 30 32 14 98 72 25 38 46 46 93 27 48 63 36 28 73 65 84 23 32 52 47 68 34 62 13 54 80 93 88 33 26 22 98 64 14 71 11 41 4 76 18 39 69 43 45 96 87 22 79 57 63 76 27 18 
3 29 77 47 28 22 17 90 26 46 78 2 65 89 34 94 65 71 27 42 85 34 18 59 83 31 50 32 10 66 73 6 51 79 46 2 91 32 71 62 24 64 7 47 59 48 56 25 76 21 61 20 41 53 93 94 13 43 0 33 39 77 58 17 40 84 20 16 50 71 25 29 28 46 91 2 18 73 28 8 58 54 18 15 20 58 65 74 4 43 42 5 77 38 10 49 28 86 76 97 
76 96 19 62 52 96 22 35 54 95 7 24 43 50 70 59 34 40 14 87 21 59 73 25 87 58 93 94 57 57 30 40 1 16 32 86 63 81 92 54 10 8 99 69 77 69 21 74 31 9 20 56 60 24 7 1 14 75 82 40 0 11 68 49 40 9 90 43 76 61 33 81 64 25 22 85 82 41 4 72 96 16 37 74 13 76 69 57 87 39 63 5 44 18 41 33 75 89 79 79 
71 91 7 15 18 86 77 89 92 62 73 10 95 38 57 34 51 21 82 53 8 56 61 97 52 65 72 13 19 75 74 70 82 10 37 17 67 7 74 45 18 94 37 5 71 85 19 15 26 11 9 42 46 44 73 15 93 79 68 95 91 82 82 3 67 62 55 54 32 17 7 82 8 79 51 89 24 1 97 24 29 40 88 88 30 75 42 43 78 57 61 68 90 42 67 29 77 68 44 84 
9 36 62 29 54 97 86 37 9 48 69 23 12 26 67 85 22 25 31 1 46 42 80 52 9 35 50 11 61 9 3 5 65 1 10 36 88 0 78 36 91 79 60 68 8 46 70 64 80 86 1 7 97 10 56 43 35 52 71 81 53 13 20 5 15 33 13 54 25 9 70 47 67 80 26 67 87 15 69 17 36 66 48 91 99 11 10 61 16 88 74 96 79 83 62 16 82 85 49 77 
96 22 45 9 45 9 51 39 79 93 46 22 65 19 81 79 40 18 20 91 45 46 85 91 91 35 59 12 47 1 56 95 28 1 8 38 0 94 39 20 88 6 24 81 9 99 26 27 8 8 15 73 41 75 3 94 74 88 4 2 83 26 41 72 27 86 79 62 9 37 39 11 32 15 65 51 80 76 57 67 15 57 50 53 15 14 73 38 19 22 66 82 22 51 75 65 75 35 99 79 
1 26 81 21 59 12 92 54 24 73 3 58 79 14 33 8 19 59 98 15 17 22 16 48 18 48 41 91 64 94 38 95 32 17 87 97 19 76 90 3 24 42 66 71 96 55 54 38 45 78 17 33 81 46 94 77 28 44 60 5 97 50 4 30 79 53 21 71 74 27 33 14 14 75 67 60 66 49 62 36 24 53 44 72 80 60 48 72 0 32 37 70 14 21 66 17 10 49 64 76 
45 19 42 46 95 63 8 25 49 97 77 19 37 3 93 11 51 77 41 44 53 52 12 1 73 44 67 20 31 42 23 66 60 79 75 25 61 0 1 58 59 59 43 3 96 57 1 54 86 15 89 77 51 58 0 59 54 20 3 21 41 35 64 52 96 26 48 0 67 41 73 36 56 51 95 0 74 58 63 68 76 10 49 55 93 70 58 32 86 43 81 33 0 56 51 26 60 9 98 93 
96 13 22 20 48 11 50 22 90 71 46 45 6 88 81 35 68 88 19 93 59 77 54 71 86 14 69 14 17 71 32 28 61 35 22 34 74 44 20 44 27 30 84 15 76 65 31 99 64 46 57 92 14 16 90 60 73 22 74 58 66 94 91 27 27 0 71 28 98 53 46 78 16 12 85 47 62 53 90 1 53 3 83 20 92 55 47 17 46 54 24 40 42 69 22 28 48 69 46 52 
95 29 91 72 50 37 98 87 2 23 48 59 49 98 78 57 15 16 99 98 12 2 12 39 74 21 78 63 61 3 80 2 39 64 63 42 88 92 66 70 7 18 12 83 53 91 68 30 44 74 27 23 12 45 58 73 11 13 66 46 3 12 55 72 34 43 40 93 35 82 57 0 0 98 65 27 73 59 43 58 62 65 39 89 61 53 1 30 78 44 69 24 11 54 27 9 2 37 92 44 
66 21 33 29 76 17 79 4 46 73 18 28 79 65 36 82 46 92 85 92 8 41 77 31 17 16 55 25 33 75 96 3 34 58 86 38 56 10 35 85 92 24 57 22 81 38 17 58 19 36 0 7 93 16 89 61 35 98 80 1 19 42 22 20 6 18 87 97 78 45 23 96 5 6 17 88 14 5 24 84 9 46 28 2 18 63 24 25 90 58 34 49 13 50 84 4 4 56 88 1 
34 37 64 42 22 28 29 96 6 68 61 70 81 66 4 16 25 57 1 68 10 32 18 45 8 30 44 5 31 62 46 17 17 88 62 58 26 57 83 17 95 3 23 40 90 40 25 54 54 65 79 43 65 7 52 11 7 6 86 13 54 84 76 37 3 75 44 44 30 0 87 53 65 63 37 17 57 97 27 28 85 18 86 94 94 2 85 90 75 33 14 63 92 25 9 37 82 19 9 63 
51 68 13 53 24 15 2 51 98 48 94 45 87 49 36 44 66 78 77 90 41 86 23 97 97 47 83 70 15 38 32 15 60 55 34 32 12 34 12 35 67 88 39 8 95 11 18 45 61 24 52 85 91 96 93 3 92 35 21 83 19 61 69 17 1 53 42 74 13 29 23 54 56 44 54 97 58 23 66 60 79 11 81 87 69 25 46 9 7 12 77 86 64 42 37 48 57 10 69 47 
35 15 96 63 93 62 87 89 19 70 79 4 42 57 81 61 99 2 96 11 69 97 37 95 41 52 39 63 73 0 83 27 45 32 32 77 28 86 16 89 65 68 5 74 1 53 94 50 49 82 6 30 86 38 8 7 56 13 96 51 54 51 93 89 72 79 10 52 25 27 79 59 87 7 52 87 30 13 78 89 13 38 28 55 39 94 69 87 59 89 15 64 50 2 53 18 64 85 12 57 
55 6 43 61 88 85 11 45 69 72 34 36 24 84 29 27 61 9 23 71 6 93 4 76 50 41 31 28 42 12 14 53 70 58 16 6 14 6 66 5 41 38 96 87 63 89 10 57 48 50 31 24 69 9 13 30 75 66 50 39 67 7 19 36 18 83 22 0 44 47 41 72 7 51 15 83 70 60 21 92 34 92 37 60 20 95 69 74 66 11 21 38 55 3 2 65 68 6 15 73 
1 16 27 66 20 21 64 85 93 13 95 62 17 74 83 12 89 93 39 60 85 8 95 90 55 56 43 10 60 29 28 89 26 23 39 25 37 4 86 96 60 9 55 60 50 76 20 86 82 31 18 17 47 12 25 68 20 49 53 18 69 25 47 20 61 68 77 90 70 65 19 70 72 81 79 81 87 35 23 84 59 35 96 73 91 95 43 56 54 96 33 70 15 75 79 77 94 59 52 19 
63 86 13 42 23 58 55 98 58 35 54 35 77 6 14 16 71 0 78 98 58 76 51 90 23 56 79 89 35 54 13 96 95 4 15 74 92 45 8 86 26 93 74 20 52 25 0 11 22 71 68 46 84 76 24 15 77 15 94 68 37 7 82 54 55 17 34 33 68 99 67 97 53 0 58 26 97 12 51 70 86 16 21 62 50 80 95 34 37 31 98 67 25 60 96 7 41 45 74 74 
5 15 55 98 49 43 70 18 61 56 18 79 56 39 18 26 68 84 16 27 23 94 58 79 54 98 95 55 41 68 37 45 25 28 43 81 21 66 21 33 44 24 70 43 84 59 96 80 62 57 48 23 4 50 28 86 75 19 54 19 8 20 40 99 25 90 78 4 62 97 79 25 57 50 17 43 2 82 14 33 98 23 43 61 0 12 84 48 92 63 28 11 70 25 44 51 67 12 31 61 
23 33 43 34 8 39 23 57 2 57 15 74 42 41 87 46 15 94 12 29 62 33 36 30 42 21 83 13 60 91 67 53 45 27 95 23 86 15 93 65 67 93 99 54 26 8 11 91 60 62 7 45 61 23 73 49 43 93 54 69 96 98 78 66 57 74 68 2 53 64 4 15 90 57 4 26 0 55 0 21 29 66 35 32 55 57 11 88 16 52 7 28 55 47 46 95 5 67 24 91 
49 15 74 64 91 48 41 15 96 82 15 34 2 69 49 37 96 67 84 42 60 94 40 20 51 32 40 18 95 82 20 83 28 35 3 97 51 82 58 30 78 53 6 78 78 91 46 87 27 39 41 74 51 87 84 98 99 18 77 63 85 2 40 62 17 61 92 75 68 85 35 52 47 9 54 51 94 89 59 40 71 6 29 98 57 6 5 30 93 90 58 84 75 98 35 83 72 95 69 34 
30 20 8 3 0 61 43 58 35 85 22 67 61 75 36 53 89 78 11 40 41 53 59 82 52 39 4 86 3 50 38 18 89 36 49 29 2 43 42 22 28 40 40 5 61 50 19 74 88 49 91 55 91 10 50 38 41 64 53 3 48 33 84 14 1 7 61 58 16 5 18 74 52 76 27 77 30 72 6 51 58 96 24 20 51 50 1 54 58 96 8 45 47 88 87 78 83 86 59 86 
23 68 31 14 58 97 98 43 73 11 95 42 13 40 64 0 31 30 67 0 94 42 9 13 37 96 0 41 74 21 26 33 58 25 73 68 54 0 83 83 71 28 81 28 20 22 19 49 87 61 89 13 38 4 85 46 10 58 26 97 76 22 54 75 36 47 77 86 12 86 38 63 44 72 71 34 0 9 73 86 76 27 72 35 1 39 12 84 94 98 81 30 1 64 90 54 22 50 87 23 
15 94 27 31 51 87 31 66 12 56 60 71 85 60 76 23 39 41 48 21 23 16 23 25 34 65 9 33 30 72 5 68 92 62 71 77 46 51 77 22 22 47 64 33 9 86 68 2 18 85 85 24 18 78 61 2 76 76 51 25 37 4 29 88 65 81 79 33 45 1 17 88 28 42 68 78 64 92 4 16 99 9 16 12 58 18 59 53 98 22 45 4 30 66 15 33 6 80 45 21 
29 44 15 66 43 17 8 72 89 86 22 21 10 53 44 79 80 94 71 74 61 72 72 45 91 71 27 93 39 81 42 95 29 69 50 92 47 30 13 84 37 76 66 52 67 15 41 63 45 65 48 52 91 65 85 3 38 21 8 1 90 31 64 18 99 96 59 84 85 16 5 28 26 14 58 56 57 79 41 17 38 73 50 47 9 70 4 58 25 35 65 97 9 78 4 41 43 15 18 45 
70 74 13 98 95 2 18 88 43 61 4 18 83 61 96 39 91 18 56 19 85 96 39 2 52 38 10 33 29 20 1 88 67 70 5 0 99 53 18 30 53 50 75 52 58 71 45 88 85 64 79 43 38 87 94 20 30 92 97 71 58 68 65 78 93 84 95 0 61 77 21 5 86 27 42 16 7 73 18 1 32 87 63 98 94 42 44 25 47 39 86 8 83 51 81 93 71 65 39 89 
65 9 8 46 89 21 35 32 71 86 40 68 85 80 27 99 65 47 9 59 72 35 14 42 48 16 1 4 94 66 90 99 26 33 74 14 13 41 31 99 12 15 36 90 32 94 61 79 65 18 73 43 25 63 45 26 95 12 39 96 98 1 70 43 59 77 85 31 65 35 8 2 0 75 30 10 49 22 68 25 11 81 72 6 94 99 70 27 9 44 89 32 77 22 44 33 76 37 14 16 
69 48 91 38 61 43 8 60 19 51 32 35 34 9 38 87 35 15 86 12 95 1 38 40 83 97 5 23 99 61 56 62 8 73 73 66 90 90 85 16 39 61 0 56 98 66 27 96 67 6 91 20 21 99 25 75 17 88 94 19 74 92 80 20 87 74 23 7 60 13 49 71 8 81 8 92 5 37 53 34 64 92 79 38 69 9 77 84 49 68 52 82 14 84 43 15 16 6 0 30 
41 90 16 3 61 56 31 48 64 84 93 52 33 35 82 38 32 13 46 53 92 53 71 74 29 62 17 3 1 71 21 14 23 33 25 43 73 49 68 35 93 35 75 29 18 42 87 36 66 93 66 26 21 80 69 92 90 27 83 58 71 91 88 81 73 94 70 42 50 38 81 17 72 75 34 3 87 0 51 85 25 91 12 99 34 41 26 40 76 68 48 3 90 26 69 10 14 57 60 57 
54 22 46 5 32 53 14 59 47 54 83 78 34 33 86 55 71 58 57 7 79 9 3 89 31 36 98 68 92 92 62 9 13 46 59 76 54 37 82 83 56 80 13 80 51 61 77 72 54 80 13 57 75 12 54 16 67 22 80 67 3 61 81 79 12 31 89 36 91 44 29 74 57 13 26 82 58 2 50 22 88 21 10 87 36 82 70 18 22 3 96 3 6 95 41 16 12 83 8 42 
60 56 94 34 82 24 69 78 67 52 2 68 81 73 74 41 35 24 79 25 96 3 66 1 26 30 53 75 47 98 93 54 48 95 95 56 66 87 95 51 13 65 69 31 59 97 41 3 55 45 56 14 50 2 16 86 63 22 64 25 38 9 19 24 65 85 9 99 43 11 28 62 20 57 90 21 55 88 96 95 87 81 42 87 88 83 34 0 55 86 42 17 75 34 9 52 92 56 99 61 
6 86 10 20 53 64 31 18 79 69 77 54 26 25 75 57 24 6 61 65 37 37 85 5 78 78 23 45 93 21 22 9 57 74 55 73 54 73 66 67 10 9 55 32 16 49 5 92 26 70 58 43 73 96 37 16 10 45 40 5 4 74 88 31 50 60 3 62 67 79 29 5 73 98 97 7 16 23 3 62 68 10 42 87 94 65 38 96 78 98 65 70 99 34 71 48 34 65 63 80 
26 7 99 92 93 38 67 38 24 76 68 27 99 40 21 9 83 8 84 14 6 88 26 13 66 15 94 51 97 95 62 18 94 20 10 79 90 32 51 50 72 31 31 53 37 39 54 22 59 58 77 13 91 40 6 59 92 1 62 60 9 7 73 3 4 77 68 66 84 28 56 58 61 91 0 27 82 46 51 99 34 23 70 65 41 10 86 58 83 45 60 57 74 24 96 13 73 8 14 51 
3 51 59 73 60 57 21 66 18 70 18 57 93 37 55 63 24 58 9 66 51 57 94 70 65 14 54 40 76 4 62 48 90 78 95 49 94 13 18 23 38 43 75 1 75 0 50 11 71 84 15 48 28 61 65 45 21 1 41 95 68 80 36 55 88 51 55 51 96 51 5 50 26 91 14 78 50 45 81 59 48 1 23 6 90 53 87 75 16 13 7 87 97 12 69 50 65 93 97 79 
59 9 51 90 37 75 77 95 78 31 15 32 3 56 41 11 86 53 27 56 54 82 80 19 25 27 37 23 52 22 42 73 16 40 53 79 29 71 3 96 32 47 31 92 23 60 91 84 8 10 62 2 4 41 53 6 7 37 44 49 4 93 82 61 79 95 97 20 86 47 52 93 80 8 79 65 39 36 13 2 24 87 99 87 95 71 15 35 28 79 71 49 12 8 92 34 75 24 74 27 
21 97 17 98 4 95 10 66 97 4 91 34 82 77 93 53 2 68 72 72 17 14 6 52 15 30 28 0 67 99 62 18 45 74 78 40 93 29 42 63 60 61 23 33 45 91 19 16 41 8 88 30 67 89 23 21 18 8 12 24 95 83 99 19 22 84 36 62 88 17 9 94 29 9 4 0 67 76 23 29 26 74 56 47 57 3 36 6 72 93 83 8 8 2 91 23 4 9 57 94 
99 25 80 41 33 86 87 11 51 42 68 22 3 72 40 2 75 44 16 50 81 54 39 87 67 53 19 13 29 60 81 10 10 13 92 53 87 36 52 54 72 29 88 81 33 95 46 9 34 27 69 95 85 47 89 52 89 44 11 54 68 27 78 60 97 43 98 23 89 52 72 1 11 86 67 75 88 7 12 41 31 92 1 58 40 84 62 48 23 71 72 39 85 80 36 85 60 8 3 16 
50 14 33 86 86 47 62 61 23 36 15 6 64 83 66 36 13 42 57 78 29 76 36 18 59 11 41 74 21 59 42 54 12 78 85 48 46 52 78 0 47 73 28 94 12 74 89 14 76 81 64 15 77 40 66 96 73 78 41 49 47 36 53 85 10 4 44 22 54 31 92 51 2 65 55 54 42 74 55 5 14 92 76 26 93 28 23 73 56 82 85 46 7 96 4 77 56 35 94 80 
80 58 93 13 92 35 81 81 69 69 43 29 55 81 88 70 65 64 82 85 13 40 56 35 96 40 30 77 40 88 8 11 21 41 62 67 74 24 64 44 63 99 16 88 40 92 90 20 0 53 68 71 77 63 56 53 8 69 87 88 29 19 29 89 3 94 11 88 10 94 6 35 40 14 24 3 66 28 10 43 59 39 14 90 7 12 2 2 93 87 72 10 45 73 13 3 81 69 73 40 
67 95 33 30 70 29 97 16 54 47 50 94 79 95 32 48 46 14 76 8 2 2 71 59 46 11 79 18 89 82 79 32 89 96 87 6 48 3 18 28 66 10 0 56 72 45 83 48 36 28 21 49 89 35 78 11 83 94 20 74 31 88 98 80 7 19 97 80 65 93 4 70 74 52 48 16 64 35 19 97 23 35 66 89 75 21 31 32 2 72 16 75 12 36 86 60 37 42 52 19 
74 23 87 75 87 73 3 57 4 89 85 82 66 40 41 50 23 87 11 4 44 13 72 36 38 65 88 42 85 89 93 86 14 6 85 37 2 71 16 31 54 68 35 44 7 41 25 67 62 21 97 63 79 48 10 59 14 35 5 93 89 70 8 15 90 27 83 8 56 65 54 39 43 96 23 24 50 6 68 57 64 10 8 29 17 22 52 72 76 56 36 56 35 11 51 74 4 3 86 53 
71 4 24 69 74 89 18 12 68 63 99 30 43 87 87 84 40 8 17 6 2 58 8 97 1 44 80 48 6 11 13 82 62 25 27 74 54 57 55 69 38 61 96 37 32 58 90 29 14 35 16 16 53 2 62 61 80 48 61 49 82 66 66 47 67 91 65 30 80 72 5 53 81 17 80 58 51 28 6 63 60 74 41 85 53 17 75 79 79 62 72 24 24 93 99 85 6 25 45 6 
95 76 53 71 84 8 63 26 69 17 98 96 70 12 57 78 16 64 64 87 25 98 8 20 56 6 89 93 19 36 8 12 97 98 89 23 87 86 4 10 34 50 38 2 84 64 7 53 32 38 61 13 6 49 56 74 52 52 75 22 32 83 75 87 23 15 1 72 28 56 86 53 80 82 7 83 83 57 43 76 60 37 44 64 46 53 66 51 31 77 99 65 85 89 57 31 90 67 0 10 
71 32 35 51 32 21 5 84 69 70 93 8 89 52 43 32 12 78 20 44 68 77 74 62 19 20 59 55 30 38 61 47 6 55 46 25 33 15 25 38 45 0 43 92 56 31 82 18 71 97 97 48 86 39 91 72 93 16 73 20 55 32 55 42 3 36 19 96 58 73 4 33 57 43 94 99 88 63 98 84 1 2 46 99 87 16 43 68 92 68 93 32 72 51 82 62 31 95 64 40 
42 45 94 49 81 53 64 7 95 37 93 92 42 33 7 52 64 93 44 70 50 19 33 5 47 84 91 21 70 7 82 73 42 72 64 2 86 97 1 73 44 25 27 11 95 7 39 70 47 65 22 13 57 47 63 76 60 69 98 48 31 32 90 65 86 95 5 81 94 19 95 51 65 64 89 41 73 72 52 81 22 47 53 86 49 14 89 10 10 80 42 10 40 2 25 28 16 50 11 90 
64 70 16 25 12 22 38 42 62 63 2 40 64 50 19 59 93 90 57 90 34 22 66 13 2 43 68 65 54 11 24 63 25 82 14 21 88 58 14 76 55 27 30 43 76 92 30 55 3 86 70 62 46 85 8 23 37 17 3 1 70 26 59 71 45 27 36 14 93 79 49 87 95 96 69 5 34 47 58 50 75 12 55 11 65 98 92 54 48 8 49 84 19 12 10 36 95 15 94 95 
57 44 60 32 11 49 81 47 58 26 83 54 28 37 1 5 73 16 90 62 61 32 16 88 4 43 34 32 88 92 62 34 45 47 61 69 69 56 77 73 56 35 30 52 85 23 57 96 62 83 64 12 11 7 72 9 10 68 40 62 57 50 46 44 65 8 67 61 72 92 32 89 74 13 82 33 39 90 24 5 77 52 34 34 71 96 92 42 93 51 19 2 67 77 39 50 44 70 47 17 
25 83 19 64 78 17 45 19 46 45 27 0 16 44 38 8 55 23 77 63 31 75 27 32 48 92 86 60 57 98 66 26 33 81 83 72 48 91 61 49 39 9 8 34 8 60 7 18 37 10 32 2 54 53 90 54 84 13 70 94 11 28 37 3 37 53 7 47 11 38 89 75 65 18 75 53 80 81 14 33 1 44 88 57 3 39 57 63 53 95 1 96 17 63 85 89 8 69 76 11 
21 39 99 39 30 77 2 63 45 68 67 28 87 2 4 17 4 73 85 48 82 4 4 5 18 91 24 54 92 49 28 82 73 14 65 10 15 27 48 32 11 68 43 3 83 2 26 74 54 38 44 53 90 81 48 15 53 92 7 51 53 56 25 96 91 44 39 48 84 75 19 78 27 5 32 93 52 90 93 36 34 59 27 28 71 64 48 87 90 62 97 21 28 4 82 27 66 55 78 4 
33 39 64 40 76 65 87 16 59 57 33 49 52 46 63 38 96 75 95 24 94 98 14 86 90 25 46 91 55 46 4 39 51 55 42 91 79 13 6 74 66 58 64 79 71 25 30 71 73 78 88 2 98 8 91 83 63 65 53 62 68 67 65 53 97 45 60 47 84 76 37 21 36 33 64 50 96 30 95 67 20 29 37 8 76 78 76 37 57 80 19 96 0 27 58 54 69 87 86 49 
47 63 11 42 63 45 12 90 73 88 29 33 61 29 84 83 9 42 57 84 11 93 66 63 4 82 73 82 58 74 75 43 19 88 46 47 59 79 89 23 50 56 90 9 65 14 24 45 69 44 33 84 71 80 19 75 0 13 87 12 75 35 91 73 68 87 30 70 66 36 97 20 56 59 54 5 4 45 8 21 35 19 68 86 89 63 52 92 89 23 79 51 2 0 34 85 1 11 88 18 
6 96 5 62 91 67 11 29 61 66 54 51 72 25 10 79 60 59 58 12 70 24 61 91 25 70 21 46 57 21 87 62 98 30 11 52 51 56 43 16 18 41 96 57 13 97 21 72 57 66 79 40 28 18 51 52 6 95 97 57 18 27 31 5 60 90 83 51 93 15 5 71 82 83 50 21 94 3 48 31 22 23 10 68 83 49 92 20 37 49 54 17 90 12 56 23 25 81 35 70 
25 75 49 16 67 57 74 82 97 99 23 40 6 36 52 22 68 25 79 53 99 70 71 44 46 11 23 35 57 94 20 43 56 87 64 90 95 94 42 3 0 23 28 7 44 98 32 17 78 3 56 46 82 42 67 86 55 30 81 90 32 81 42 25 37 84 18 1 63 32 30 22 48 6 9 50 72 4 23 52 41 36 40 75 26 21 37 45 1 47 15 27 51 27 78 16 64 44 48 12 
86 58 44 71 28 35 74 50 40 3 10 77 89 51 33 68 55 38 1 45 75 38 91 73 97 63 11 99 30 18 41 34 17 19 93 68 72 43 48 91 50 98 58 97 8 96 49 19 44 19 29 99 57 89 75 13 95 74 74 97 25 82 46 9 57 58 6 80 9 27 14 67 36 21 26 18 14 73 57 66 38 21 92 29 80 72 92 36 19 89 13 92 73 0 48 6 41 96 27 61 
33 86 29 93 87 96 25 50 89 81 83 20 39 85 28 2 70 40 31 39 79 11 86 55 27 80 53 94 7 81 59 98 64 89 5 50 43 68 86 99 62 20 42 51 5 8 11 30 85 88 25 71 38 24 4 84 79 29 14 99 77 91 31 29 59 81 1 90 74 57 81 58 84 42 54 5 86 95 58 1 51 22 52 96 95 41 45 91 9 77 50 10 21 51 97 33 16 71 27 4 
16 55 14 20 93 45 4 6 5 56 48 76 26 50 14 87 79 36 82 94 80 36 50 45 52 62 46 92 1 61 66 56 83 14 72 72 58 49 92 24 52 1 77 89 24 86 41 95 90 52 6 30 66 71 54 67 86 87 55 0 36 4 0 63 19 7 5 59 21 82 37 14 59 33 94 21 40 22 69 1 66 32 6 42 0 17 25 87 38 19 37 64 38 64 63 82 15 48 69 70 
13 40 53 22 47 89 9 85 26 85 13 46 57 94 16 66 88 71 43 75 50 45 90 42 1 25 6 33 56 61 11 42 3 31 76 20 19 56 99 45 5 73 86 36 10 64 55 36 72 55 46 60 33 79 50 28 88 78 94 98 36 56 59 11 77 21 20 29 51 60 3 0 72 76 46 50 55 50 41 21 34 34 19 10 16 80 66 34 45 88 61 50 57 11 9 65 34 9 40 37 
26 92 27 15 29 47 74 10 36 60 41 98 68 83 23 55 32 11 42 77 46 63 60 82 95 81 22 53 47 47 92 20 24 29 57 10 79 5 43 77 77 40 78 5 52 12 28 57 74 2 73 36 2 62 83 21 64 66 85 74 9 22 76 43 26 77 45 24 45 12 68 38 73 0 83 53 16 46 20 14 68 56 24 19 90 80 11 49 26 13 88 11 69 66 72 12 22 57 59 63 
84 77 32 61 75 91 69 31 99 82 47 22 36 70 69 37 2 30 29 87 54 77 14 84 18 39 41 90 12 66 55 99 42 56 11 43 61 84 98 56 14 84 22 72 82 28 29 88 31 69 50 41 70 98 41 4 92 43 14 99 94 8 69 91 26 38 39 27 71 55 66 10 46 23 37 38 98 48 16 51 55 69 73 76 53 89 17 39 40 26 56 7 32 89 3 61 93 38 15 91 
88 11 53 72 22 45 20 4 86 36 4 77 78 12 77 70 46 98 97 87 18 97 3 53 65 90 83 36 70 47 28 30 48 89 78 68 88 17 42 25 82 70 30 3 34 14 56 37 4 97 15 26 55 49 49 84 79 8 43 16 62 88 69 95 71 72 98 24 51 43 49 70 63 92 39 67 34 63 44 62 75 97 95 99 35 93 67 88 19 7 79 11 5 80 50 37 27 89 85 53 
22 19 48 4 44 42 43 11 1 20 26 89 44 68 45 77 21 62 82 20 42 22 72 43 68 94 27 48 4 97 74 45 52 8 71 60 65 25 68 80 37 54 44 17 85 22 89 7 75 50 97 17 17 24 73 17 77 66 67 71 34 2 89 76 28 7 66 76 65 73 1 13 70 71 53 88 88 37 30 58 17 2 12 95 90 51 97 80 24 51 30 20 25 96 56 61 4 11 10 27 
97 47 71 59 51 57 33 16 95 38 27 31 87 99 90 51 9 44 77 68 19 94 31 56 67 76 22 64 85 0 81 47 97 68 27 37 72 80 51 22 3 50 37 55 48 29 51 57 41 7 29 84 57 57 45 94 71 38 0 34 24 45 82 33 18 96 11 25 26 27 45 68 41 48 89 88 32 27 14 64 73 75 75 97 70 63 30 24 52 43 5 79 12 32 29 25 88 79 85 14 
8 1 67 83 6 78 52 19 79 37 82 57 28 64 86 98 80 58 49 85 11 24 23 81 22 84 55 81 45 47 94 88 33 88 0 43 42 18 82 91 87 39 0 3 96 14 6 49 42 83 68 36 57 67 93 57 85 61 27 58 22 89 26 4 38 17 63 47 93 97 28 43 23 83 51 65 38 76 13 75 28 45 41 25 57 66 80 63 77 9 61 2 64 11 92 43 63 65 33 6 
87 55 13 85 18 90 94 75 39 35 50 94 11 33 25 4 88 13 92 63 18 45 90 86 32 32 74 24 40 70 13 92 92 46 3 88 66 78 60 54 88 44 55 96 61 2 45 28 99 9 37 1 42 23 60 17 37 53 63 85 96 32 18 85 29 67 46 70 9 39 18 32 36 36 65 76 77 52 82 20 51 65 1 19 48 32 50 21 33 41 50 65 70 58 75 92 18 87 10 99 
58 72 60 65 6 2 2 6 81 77 13 93 3 26 76 70 53 26 40 75 18 43 22 74 15 93 39 86 26 99 69 45 70 57 38 66 56 87 14 61 39 9 47 64 4 36 50 76 32 1 73 79 47 87 77 38 0 96 99 76 2 44 30 85 14 91 75 90 13 58 30 76 14 35 40 76 12 96 55 70 87 20 15 78 55 80 65 51 34 33 28 88 4 12 54 17 50 7 31 54 
33 6 18 78 37 17 88 45 80 34 96 97 16 91 34 19 72 69 99 68 15 84 40 77 97 48 12 54 26 72 81 68 45 86 59 6 55 9 68 94 17 90 35 47 32 20 7 42 15 96 58 66 76 44 13 91 12 20 0 28 78 17 8 59 28 99 65 8 88 79 19 10 8 66 82 32 19 64 76 75 46 18 64 9 68 79 35 67 54 29 9 31 79 62 84 40 5 7 95 15 
20 3 71 22 37 83 28 52 36 14 72 35 28 7 20 83 52 60 10 17 78 57 49 4 85 48 92 8 56 45 77 79 79 97 42 70 6 25 8 99 61 47 81 9 91 13 79 35 11 50 30 35 85 56 24 3 58 24 92 30 21 89 59 31 89 21 60 80 59 91 17 72 64 18 99 58 53 68 60 8 2 33 64 56 56 20 88 45 42 5 68 78 62 33 95 31 26 98 24 33 
78 89 8 60 62 95 79 39 58 25 49 7 85 13 3 76 15 22 36 46 92 88 84 98 77 94 8 22 35 83 86 66 6 12 25 71 1 42 12 90 67 40 2 33 49 8 24 45 17 78 8 12 69 29 42 41 31 7 39 81 4 64 28 56 70 27 84 78 50 55 80 39 60 40 67 22 60 34 14 90 54 99 80 95 79 34 8 23 5 91 3 73 60 38 38 16 88 60 73 8 
83 84 29 96 24 19 25 51 4 20 11 97 73 10 12 91 88 29 87 86 67 35 16 88 63 92 24 60 32 55 19 4 53 86 31 51 66 39 40 60 54 33 97 91 2 22 4 59 67 35 80 23 8 66 97 31 46 55 2 69 81 20 0 82 54 38 61 62 22 8 21 70 43 35 67 38 16 82 46 41 20 32 79 47 54 95 32 18 17 22 75 57 39 4 48 22 53 76 96 31 
61 57 48 51 68 40 72 50 77 94 62 38 91 28 99 76 63 52 13 31 47 81 20 56 36 93 83 37 91 78 34 57 86 60 52 13 42 54 78 47 40 45 1 81 12 50 78 69 27 84 78 78 2 59 85 34 58 66 61 91 67 58 57 22 87 52 54 95 77 60 79 44 59 82 23 69 80 72 14 33 21 81 33 13 10 48 10 43 9 67 46 89 24 43 56 91 21 41 37 10 
72 23 84 19 47 94 70 15 47 72 8 43 82 15 37 70 76 1 50 63 36 9 96 94 60 42 17 76 76 45 10 75 1 58 33 47 97 92 49 99 35 84 46 14 59 15 38 16 61 52 1 87 2 42 7 33 40 86 43 34 64 85 62 82 77 82 15 12 94 1 58 21 31 3 23 78 68 60 87 52 22 37 97 98 87 60 49 51 8 56 9 72 64 79 33 15 78 68 34 15 
35 15 43 89 33 91 84 18 92 98 49 94 71 46 99 66 27 35 7 19 47 8 38 17 34 80 45 42 79 3 24 22 90 21 82 59 83 20 13 86 90 22 25 79 67 22 14 93 72 3 26 62 61 65 59 73 39 9 65 91 59 3 66 84 59 38 17 26 87 48 53 72 0 97 54 34 87 55 93 21 42 72 27 25 49 56 79 67 36 30 29 99 3 19 26 12 60 58 84 15 
17 28 22 1 73 80 16 55 82 56 6 32 22 60 5 28 69 11 54 45 91 5 19 9 7 5 52 68 42 58 72 40 0 59 36 74 3 50 55 87 53 62 39 85 47 58 10 5 70 6 18 5 50 89 12 59 24 95 50 48 69 37 32 15 7 52 6 49 98 58 0 35 21 30 48 57 57 54 87 71 18 86 39 56 22 60 51 62 97 14 8 83 22 31 89 26 92 74 66 74 
42 61 1 67 16 39 57 35 40 49 54 72 54 27 52 34 61 21 26 60 53 86 81 14 86 10 73 36 39 98 4 7 81 34 25 51 53 54 10 70 64 94 97 98 31 83 25 86 24 72 25 65 37 58 31 94 67 10 5 17 92 9 0 52 85 84 8 58 70 73 84 59 36 71 11 79 80 84 86 63 25 81 95 94 44 32 66 29 34 22 40 20 11 99 83 52 3 35 48 41 
41 53 63 2 33 46 84 18 52 24 62 99 50 89 56 82 94 74 90 43 50 81 38 31 92 38 85 3 32 67 30 90 57 71 51 0 37 20 46 33 12 68 64 10 13 15 1 55 71 38 53 85 73 6 8 60 3 41 90 41 11 30 79 53 55 26 96 33 59 36 12 46 36 92 42 59 10 63 36 75 43 83 54 29 90 64 52 42 88 70 68 88 52 95 82 99 66 33 45 8 
96 88 16 88 27 48 57 69 84 20 25 73 16 43 40 89 22 88 10 50 78 4 36 99 66 77 94 15 96 65 34 9 96 16 29 36 64 50 19 24 49 64 48 77 56 50 11 85 67 80 9 95 32 74 1 5 98 0 29 46 81 19 34 31 91 60 99 87 51 50 8 32 44 58 20 25 28 0 24 55 16 1 80 72 43 6 20 8 18 65 57 94 56 44 36 57 11 82 20 85 
