5 21 11 94 63 20 29 93 39 9 53 29 25 83 56 30 62 41 44 94 39 70 40 98 63 66 28 66 80 61 42 90 28 46 77 27 43 11 93 94 99 69 13 91 16 78 69 63 42 53 
94 24 27 61 79 38 66 48 24 74 43 86 54 63 62 81 33 69 58 18 91 61 58 11 10 40 19 91 16 43 68 77 6 4 18 37 35 58 54 30 15 84 38 91 76 26 1 39 67 9 
2 57 39 85 13 39 47 90 81 85 61 51 68 93 42 36 29 90 33 83 79 17 16 85 51 2 27 17 8 54 14 21 54 12 21 29 83 12 69 49 41 91 55 24 41 48 31 17 47 53 
12 34 59 61 5 4 36 90 51 81 91 71 57 91 39 5 49 45 92 7 81 69 96 4 7 7 77 83 94 64 80 88 52 9 45 43 65 28 60 68 3 29 54 25 35 47 47 18 47 82 
14 31 31 52 35 50 49 22 19 51 28 48 31 21 19 59 88 53 27 87 12 93 6 17 98 81 31 78 16 48 65 79 40 6 85 42 57 41 19 69 97 30 23 13 56 85 92 69 8 23 
12 29 33 84 14 56 9 1 14 19 94 70 22 66 85 71 8 96 2 33 10 0 46 29 43 50 3 3 11 64 76 94 55 2 61 6 23 63 4 12 39 43 8 70 75 27 76 46 68 13 
98 95 59 91 69 9 91 74 89 74 65 51 79 52 56 0 49 60 70 57 8 13 51 23 80 78 25 48 46 44 19 5 29 62 51 60 59 99 46 65 60 98 61 86 27 77 42 64 13 69 
92 6 35 26 18 5 45 71 85 4 53 34 37 63 50 15 73 20 62 62 56 19 58 7 25 73 93 45 97 19 34 90 73 29 76 71 4 66 76 10 97 67 75 91 48 90 49 77 62 16 
71 60 96 34 29 15 87 95 80 58 57 51 38 57 46 46 47 76 55 3 0 18 43 28 31 25 65 14 49 94 67 28 70 61 37 90 37 35 43 25 86 80 25 12 46 54 84 53 60 26 
49 90 62 17 82 2 26 54 89 37 54 48 40 48 59 76 95 76 26 88 97 82 17 19 89 91 35 30 33 19 0 99 15 28 67 45 55 55 91 18 86 0 17 88 0 26 91 80 15 73 
92 42 82 57 79 38 87 77 20 3 60 49 33 48 16 1 22 96 55 31 2 91 30 94 88 95 66 41 3 98 70 15 44 95 80 56 91 58 56 89 89 86 51 33 12 26 47 92 7 28 
76 64 35 43 52 88 32 47 47 49 8 38 53 32 91 28 84 12 23 82 11 70 57 14 98 5 33 43 94 82 28 52 19 85 8 72 34 98 17 79 80 40 94 23 87 66 36 98 82 86 
86 49 42 10 80 87 49 81 31 59 70 23 3 30 83 94 88 36 20 68 20 38 88 36 61 33 69 95 19 77 39 81 88 10 9 63 80 15 50 21 41 30 83 75 34 50 24 94 82 32 
73 69 99 97 55 27 23 47 59 5 43 27 6 50 3 26 50 96 98 82 3 83 86 73 66 34 10 75 85 37 46 99 38 5 46 88 71 90 94 69 69 33 16 9 30 46 75 97 74 81 
36 94 42 50 91 58 86 78 91 50 46 20 19 98 63 20 26 55 8 67 26 39 77 72 57 6 87 53 90 38 50 71 12 48 57 24 55 27 97 77 81 94 98 63 30 5 90 14 21 6 
27 92 23 65 21 2 42 51 14 41 1 14 47 46 87 65 6 80 22 10 84 67 58 89 80 61 89 69 38 92 44 64 43 69 66 36 85 70 84 77 71 13 36 76 49 24 10 80 46 19 
30 66 46 77 27 54 99 5 76 74 20 90 59 28 63 77 12 62 0 98 93 62 52 42 21 23 86 45 98 69 83 50 98 79 18 38 41 57 9 46 34 89 31 45 77 78 93 59 36 90 
23 84 13 74 52 69 86 52 67 30 31 97 48 98 50 4 72 39 79 87 70 75 97 95 4 33 31 54 26 12 41 27 52 95 94 90 70 71 40 42 20 41 81 18 51 86 87 13 10 27 
15 55 21 60 79 84 20 31 63 70 57 34 46 24 54 9 63 64 86 98 20 71 71 81 29 21 62 3 54 46 10 28 53 83 49 21 96 20 73 5 62 82 50 69 33 12 25 63 0 75 
16 80 58 20 97 14 16 87 71 65 32 40 66 45 90 52 54 42 65 40 85 57 17 52 8 33 75 87 85 39 66 66 52 11 98 49 61 27 64 54 77 9 67 95 59 99 49 75 99 11 
23 65 83 28 3 56 30 67 89 68 16 81 20 84 94 70 55 96 96 33 48 15 89 63 85 11 74 62 99 77 69 34 57 88 64 85 8 38 22 22 19 26 84 40 85 44 53 56 72 1 
29 65 90 1 50 27 74 77 33 11 25 86 94 50 30 14 70 22 29 61 94 35 8 82 90 65 5 4 52 85 28 15 22 83 93 95 51 52 47 66 3 0 11 40 70 67 46 51 61 28 
11 48 28 95 87 13 47 85 43 59 40 59 21 17 98 66 0 57 19 96 48 43 43 64 2 56 71 73 38 69 23 82 65 36 60 67 28 86 44 37 16 40 2 46 25 86 69 39 10 39 
37 13 75 58 65 83 74 47 90 66 9 44 95 28 96 27 3 52 74 47 43 37 85 83 1 52 66 66 58 79 91 80 93 58 76 26 61 34 40 83 92 42 4 69 58 68 61 98 5 34 
96 0 95 5 88 5 58 78 10 76 99 13 63 37 21 63 61 12 4 83 11 50 6 25 89 7 8 26 40 1 25 7 28 24 42 89 62 68 4 97 16 70 8 52 69 97 52 12 32 7 
88 1 67 91 6 21 59 68 22 90 3 68 24 58 58 95 46 86 10 93 14 25 91 12 18 31 53 94 46 59 5 11 93 76 80 64 39 55 81 81 77 38 88 93 44 5 10 39 11 60 
36 7 28 34 6 43 36 60 59 29 22 1 67 49 32 44 47 77 25 21 99 20 14 57 11 39 81 58 96 65 83 9 28 28 80 93 51 28 9 11 39 52 82 95 55 67 68 54 51 61 
96 27 67 81 26 1 30 20 76 51 91 60 72 67 96 39 96 45 23 46 64 61 69 2 26 33 57 50 15 50 71 86 4 95 16 91 39 34 86 30 6 30 86 16 63 47 51 35 88 92 
30 34 98 87 1 54 26 22 57 64 43 88 34 58 84 41 0 96 77 14 32 28 25 42 57 57 46 86 15 63 48 31 28 89 13 60 35 29 25 36 51 24 2 95 41 43 67 72 94 35 
95 46 80 16 4 62 59 50 0 61 5 62 84 65 91 99 80 38 65 9 41 55 50 62 65 50 66 68 34 53 3 71 54 86 85 87 76 46 95 11 21 56 18 11 56 11 66 47 15 99 
40 93 57 47 16 19 52 72 71 28 33 79 76 86 65 30 43 11 76 56 44 28 40 35 51 87 31 75 37 82 71 96 44 97 15 47 79 70 29 73 15 22 31 40 41 52 23 29 72 10 
77 2 72 22 59 42 97 74 45 45 89 48 28 3 50 68 61 91 12 62 13 36 81 17 22 45 51 58 14 46 73 68 91 96 32 67 65 47 2 40 0 77 52 41 60 29 70 95 14 48 
48 62 36 70 74 8 55 12 44 94 31 48 47 52 38 23 91 39 82 48 95 67 19 56 51 80 5 90 53 14 92 72 45 56 99 73 94 40 95 63 14 66 7 18 70 85 56 41 91 0 
71 28 68 83 66 51 63 29 19 28 45 45 25 29 60 41 0 89 40 15 49 95 3 17 90 43 96 80 32 80 97 30 19 44 31 47 35 90 88 69 79 51 34 34 96 22 20 20 4 80 
86 49 62 16 44 80 34 40 68 35 54 46 2 45 87 25 26 43 99 31 18 21 61 29 41 10 54 75 68 62 85 98 70 20 46 25 67 28 94 32 12 94 15 25 31 51 79 75 64 70 
56 5 10 73 24 33 49 4 50 83 70 77 52 96 60 93 2 22 23 59 97 57 15 12 54 78 6 97 3 0 10 44 67 88 82 62 25 40 61 42 59 21 16 36 89 88 85 34 85 88 
23 1 92 63 1 74 37 65 19 90 39 75 43 65 29 59 1 45 51 87 13 87 93 52 82 16 14 2 48 82 7 61 82 73 42 58 13 77 14 70 60 23 17 45 40 81 55 8 95 38 
60 79 66 15 35 75 36 31 71 52 93 18 66 15 37 17 69 72 43 33 35 16 90 65 69 57 52 35 98 39 75 61 52 99 40 8 65 73 12 83 91 63 67 54 18 56 33 36 80 99 
35 35 56 41 7 1 69 99 81 82 32 82 66 77 24 54 52 60 83 98 24 1 84 3 62 92 86 51 22 44 43 26 60 74 5 83 0 60 85 6 75 91 70 16 90 37 94 10 18 26 
37 36 50 29 73 79 48 8 97 97 98 41 3 70 77 43 92 3 53 12 55 83 83 49 69 11 12 87 19 27 60 64 95 6 33 64 8 6 0 49 63 94 36 75 13 19 30 26 44 42 
85 17 47 90 49 61 66 2 48 63 63 31 2 4 59 72 61 67 27 80 98 72 30 87 34 76 80 69 36 84 83 64 8 99 13 32 35 62 35 44 40 65 28 79 50 57 19 7 83 72 
95 1 92 83 77 57 28 45 15 26 48 77 89 40 66 42 78 58 86 74 81 34 12 24 15 77 77 81 76 32 52 93 40 36 78 64 62 36 16 46 75 83 80 51 2 20 2 9 59 85 
60 9 33 62 84 31 69 62 98 95 97 22 95 52 85 51 93 97 98 73 4 79 97 46 41 41 64 33 77 64 67 64 35 83 87 69 61 21 15 38 92 56 46 63 51 3 54 43 24 99 
27 86 49 43 92 19 95 56 34 71 74 41 62 84 20 22 20 49 38 85 87 92 68 20 92 64 77 73 55 23 68 27 65 25 54 44 27 87 64 69 31 46 18 65 76 31 35 18 97 57 
77 74 62 89 61 92 33 81 63 64 49 44 51 53 32 80 33 4 84 42 37 90 9 40 96 97 81 12 69 71 93 9 20 18 46 31 69 59 33 76 10 58 99 18 13 64 48 49 78 32 
27 52 59 11 85 90 22 44 80 2 25 43 44 96 87 44 77 2 54 76 58 98 79 14 17 1 19 84 1 82 52 63 97 9 8 45 55 88 98 15 27 93 96 91 77 80 57 65 29 32 
41 94 7 25 95 10 13 99 99 60 60 1 59 50 91 94 60 9 49 52 72 84 88 23 96 33 64 46 49 28 59 44 75 42 41 53 44 62 5 61 58 7 40 87 22 70 40 79 82 99 
60 58 84 23 4 4 91 37 9 37 45 40 56 11 46 80 27 11 78 26 51 96 38 56 80 53 43 33 52 4 87 96 61 67 4 71 0 50 9 58 10 1 77 7 39 27 17 23 66 43 
11 52 56 21 49 67 82 57 34 57 50 56 6 56 39 67 53 2 60 39 32 40 67 85 11 60 32 4 42 58 69 97 13 29 27 63 4 73 40 11 14 78 58 99 71 71 15 93 64 40 
99 84 88 95 41 97 85 62 37 58 26 73 46 6 65 94 46 96 82 86 49 90 0 47 68 37 21 47 61 25 48 33 42 5 69 82 66 92 5 79 92 75 85 76 60 36 88 58 25 97 
