50
6 28 47 70 35 62 53 43 70 19 62 5 79 36 44 71 9 97 37 79 54 34 48 7 40 7 36 44 7 64 83 7 69 30 69 24 34 71 72 42 14 28 50 75 60 94 74 44 73 36 
98 67 14 69 79 54 83 20 88 73 86 71 31 59 8 2 35 44 28 11 83 9 65 40 1 27 10 39 7 23 25 44 23 19 39 35 83 56 4 18 57 44 81 74 39 70 97 69 94 80 
25 34 81 75 0 2 55 31 85 91 47 62 0 32 20 67 93 9 23 43 72 79 38 68 75 98 98 24 23 74 70 51 60 83 56 3 57 29 99 21 1 39 82 68 53 56 54 85 36 43 
26 35 0 17 84 65 71 56 95 3 47 55 35 95 51 47 14 9 28 93 83 51 48 87 53 33 30 74 71 17 9 68 77 17 33 75 4 59 6 10 19 2 65 74 33 80 75 95 12 43 
89 65 43 35 55 6 18 41 46 34 49 29 67 27 71 80 77 53 41 0 41 86 14 89 3 7 74 92 40 20 2 29 24 40 12 22 96 63 63 35 68 7 93 94 4 22 46 7 95 88 
58 42 63 81 59 40 68 27 85 85 70 26 55 17 68 16 36 57 84 94 9 9 19 7 75 74 73 7 13 2 72 67 94 4 55 67 5 22 71 14 67 56 41 3 69 46 13 62 11 54 
76 52 97 9 3 60 3 85 46 62 11 56 24 74 35 51 60 10 73 69 75 37 21 85 50 41 2 46 21 12 82 31 38 66 42 49 79 25 18 38 31 16 43 64 49 84 13 35 33 76 
11 51 51 84 16 21 26 83 87 25 20 13 53 15 54 98 54 6 19 69 1 27 22 25 33 83 73 70 59 99 72 41 53 89 67 29 90 5 82 10 96 80 89 20 21 46 82 11 58 31 
59 30 14 99 56 60 2 68 78 26 67 54 67 81 12 11 48 46 5 86 33 84 0 73 72 18 48 64 3 76 85 84 47 35 9 32 73 87 14 44 5 65 75 99 42 29 81 52 88 88 
14 92 85 77 85 29 51 0 67 99 93 56 5 85 4 0 21 24 31 22 96 84 69 55 33 68 11 36 1 53 18 40 24 49 74 62 6 26 76 58 78 22 76 27 85 35 18 75 36 26 
76 53 1 56 16 65 91 60 10 4 45 17 89 36 28 90 40 52 94 58 96 65 92 20 89 1 64 4 41 33 37 26 18 91 19 13 30 24 37 65 25 40 61 40 73 82 94 28 31 99 
81 20 65 25 16 37 63 82 22 53 58 93 6 88 17 90 17 52 25 5 19 29 42 86 0 13 5 77 66 51 88 95 22 35 31 95 88 84 54 22 75 58 74 19 27 31 38 90 14 93 
7 6 28 10 72 82 22 93 18 78 74 58 38 2 69 89 0 82 13 84 36 51 40 97 58 0 72 56 4 11 14 1 32 17 38 12 42 52 37 96 37 9 15 48 79 17 96 95 4 1 
50 84 84 3 56 59 87 19 55 6 57 52 7 20 53 88 90 78 49 63 91 84 52 86 16 1 76 6 82 93 90 40 46 8 0 0 52 33 41 79 45 83 41 61 64 69 32 76 20 30 
31 30 75 51 16 77 85 98 63 29 8 65 28 87 35 10 58 26 80 27 4 15 38 40 64 89 76 10 82 3 18 41 17 32 5 54 69 43 42 1 58 51 18 14 86 91 62 77 84 1 
14 61 97 13 66 45 24 94 31 44 64 56 50 41 13 52 12 45 44 89 47 54 43 2 36 85 2 53 30 17 22 87 80 91 59 35 99 10 83 59 48 90 28 63 36 73 15 55 26 93 
79 67 46 22 42 54 87 90 96 35 96 11 94 51 63 65 84 28 35 77 95 26 25 52 80 46 6 25 97 30 22 2 2 80 13 19 3 7 87 58 33 16 95 30 41 48 24 99 64 93 
59 28 8 94 5 88 42 50 63 68 13 91 92 40 10 91 11 68 26 21 40 86 77 68 86 43 63 4 72 90 42 94 5 18 97 37 4 35 88 32 73 28 88 11 45 24 11 19 20 4 
78 30 7 99 15 2 70 42 49 48 32 43 15 66 11 72 86 18 16 96 68 87 89 22 14 17 75 12 31 74 77 61 61 26 82 76 97 37 54 69 17 4 16 9 63 12 96 7 39 6 
78 70 80 60 34 55 71 93 62 20 89 8 34 52 44 55 45 20 43 27 55 48 38 81 65 77 51 62 83 62 12 71 6 51 1 18 25 97 78 47 41 86 0 70 91 53 39 21 62 86 
58 10 35 59 99 18 76 3 73 5 0 39 43 72 60 22 12 91 47 51 60 24 53 62 67 74 16 2 51 94 68 73 86 98 3 23 72 52 92 13 51 60 2 45 78 28 42 9 50 1 
53 50 0 47 88 61 9 56 13 9 2 84 63 37 17 84 4 51 76 56 27 36 71 83 16 76 41 70 79 55 63 27 90 52 72 35 13 54 15 40 53 47 13 69 62 90 93 50 14 46 
99 69 95 5 1 20 45 21 12 44 73 25 58 31 63 0 67 18 6 34 67 90 2 72 70 86 16 98 32 53 63 74 24 50 59 56 36 23 73 97 5 96 65 86 2 59 28 80 90 40 
35 3 15 56 38 3 75 47 13 14 49 29 76 52 19 10 94 48 57 67 45 89 27 25 96 56 63 24 0 84 16 50 45 53 35 25 86 14 17 20 66 13 73 23 17 84 32 37 75 10 
0 49 3 0 52 87 5 64 27 0 72 49 62 47 93 88 75 35 66 22 29 48 57 29 29 72 3 27 74 5 56 57 66 92 15 30 87 57 1 80 1 17 83 69 85 39 17 56 98 26 
30 26 19 27 61 89 58 2 77 82 44 19 18 75 30 35 71 47 30 51 61 5 83 9 88 49 1 69 86 28 0 67 59 95 59 45 87 74 96 46 33 40 2 37 35 0 81 4 27 88 
26 20 53 68 72 70 75 82 97 6 83 88 35 30 93 58 75 8 48 66 98 22 2 13 54 28 45 63 97 48 43 34 47 45 45 15 30 32 43 58 84 26 92 4 60 37 49 57 62 16 
84 68 3 81 44 57 6 47 49 37 34 90 86 64 14 61 82 31 54 42 94 39 95 55 32 28 42 96 17 18 86 75 78 22 7 82 12 82 53 32 53 60 47 62 53 14 89 34 51 52 
75 5 84 99 34 47 22 84 74 23 6 74 53 41 89 52 34 10 37 83 52 9 59 53 57 10 0 61 0 28 90 54 29 30 2 54 5 91 82 97 17 23 1 98 57 45 88 55 80 62 
80 97 76 93 24 4 37 91 1 40 91 40 90 6 38 27 6 37 89 97 29 34 50 4 53 21 8 89 11 67 2 11 83 19 53 43 98 15 35 69 39 14 56 20 97 46 66 2 28 29 
75 85 82 91 66 13 28 82 74 94 63 29 3 86 53 41 42 83 56 19 13 99 64 5 43 29 25 21 89 29 44 2 89 71 2 42 40 57 15 60 56 39 18 80 97 91 11 27 33 5 
63 56 83 5 4 58 80 37 11 68 65 19 72 68 59 91 20 8 24 91 71 30 5 89 84 68 64 50 83 0 7 92 48 85 0 15 25 82 10 45 56 36 4 86 24 71 85 28 7 61 
5 90 38 67 73 11 36 34 74 32 15 27 24 74 26 31 87 30 6 1 2 34 86 36 26 32 22 84 60 16 2 54 90 91 59 70 78 49 37 83 46 81 65 25 56 39 0 62 72 3 
75 16 62 94 44 90 82 11 32 35 70 7 95 30 14 83 85 84 22 62 99 35 78 2 20 10 16 84 53 94 17 88 72 70 17 2 33 50 32 95 37 95 24 57 12 46 11 21 36 37 
40 6 42 97 20 84 57 65 47 34 80 22 55 60 75 94 18 23 58 40 10 57 87 5 42 17 47 59 67 32 36 72 21 35 67 85 50 31 10 72 72 49 96 70 31 34 25 89 39 52 
57 4 48 4 56 8 74 93 29 76 86 94 28 60 26 64 0 2 13 48 54 72 41 99 9 53 83 81 76 18 75 68 40 12 67 64 45 66 83 58 44 60 27 91 67 64 81 50 19 10 
99 13 44 85 46 13 85 8 8 94 97 41 89 15 4 51 26 9 65 96 21 63 92 5 54 3 57 42 61 39 82 17 58 85 11 57 52 32 47 13 15 53 2 36 94 78 12 95 41 83 
11 22 49 3 65 8 64 37 43 76 43 86 19 32 18 73 32 28 91 46 92 1 19 8 11 38 46 81 29 63 88 1 25 82 47 94 27 30 46 41 6 84 60 24 4 11 98 0 9 19 
5 22 16 5 15 26 82 1 99 81 61 65 16 17 88 47 63 41 57 14 69 72 66 24 54 45 60 28 96 30 0 28 9 48 62 95 50 90 49 72 12 26 83 30 8 16 38 70 9 41 
53 64 30 0 49 17 84 94 34 16 70 66 72 37 31 48 49 65 79 71 80 82 4 6 75 20 65 10 1 11 76 71 77 53 79 26 29 37 93 23 28 79 41 40 6 86 15 36 60 14 
65 21 63 79 39 68 38 21 33 29 39 27 87 99 43 94 91 80 31 3 60 18 12 14 1 80 61 9 69 25 10 56 66 45 45 32 63 69 17 0 47 9 40 8 95 27 85 1 56 55 
31 37 65 45 62 75 56 36 97 85 45 90 72 72 97 47 79 96 46 61 67 5 23 97 43 85 41 56 18 25 77 11 76 26 56 15 17 85 60 10 43 77 50 15 94 63 95 11 13 8 
11 74 33 6 22 89 83 10 50 35 35 75 37 1 77 8 60 43 44 6 58 66 27 71 24 37 50 92 83 82 96 13 87 4 46 59 9 48 30 59 3 58 40 89 90 85 74 79 58 71 
94 47 94 80 57 10 75 78 53 7 6 40 61 57 92 30 70 55 20 59 68 17 35 78 76 43 23 51 71 30 1 29 86 45 25 1 81 7 59 23 20 94 51 18 59 70 11 10 5 75 
43 6 99 85 2 54 97 75 51 94 81 23 57 60 61 45 12 62 4 64 45 85 60 40 20 16 94 86 96 89 4 26 45 91 3 51 43 28 80 68 59 38 81 97 98 85 98 94 55 25 
72 57 67 20 29 18 86 59 71 93 19 93 73 63 99 68 14 44 1 41 57 9 52 8 98 92 52 60 41 11 56 43 27 76 34 63 20 51 32 93 86 67 8 29 10 14 97 2 47 75 
95 4 64 14 10 83 24 52 63 75 57 95 66 58 65 60 73 36 23 31 2 81 6 21 25 59 76 92 25 23 66 57 87 57 18 82 8 75 27 9 89 3 14 11 42 64 28 21 4 73 
98 54 32 44 96 0 15 52 30 25 22 32 11 96 58 50 37 24 8 22 34 92 59 47 19 33 55 40 5 98 98 66 94 98 0 19 73 34 47 66 44 31 52 22 71 62 47 69 40 38 
68 68 16 23 12 19 68 66 47 99 11 86 84 3 40 52 92 18 88 41 35 42 23 51 56 44 15 29 79 8 90 74 51 66 33 15 28 60 98 74 57 20 19 83 30 89 25 61 83 1 
61 95 62 47 25 53 95 14 90 62 24 37 74 20 64 77 69 11 30 85 63 9 76 68 70 8 29 84 81 16 37 89 44 10 95 88 24 45 97 7 86 16 51 89 66 23 63 73 94 59 
