50
19 80 37 45 47 59 93 1 68 64 87 27 35 51 7 0 40 70 44 71 48 82 58 10 15 30 80 92 27 8 36 55 46 65 5 48 41 58 70 29 30 79 65 29 61 63 98 83 14 42 
27 85 6 7 9 60 25 52 72 47 55 4 0 83 10 59 91 27 67 19 16 36 61 24 17 32 14 57 51 42 14 8 36 75 65 88 67 36 92 20 90 51 8 42 53 71 7 25 53 65 
15 44 14 36 7 94 2 44 19 21 55 89 15 41 54 90 32 9 97 11 58 95 18 24 52 57 69 81 14 52 90 33 64 97 75 44 72 39 74 59 32 79 38 63 29 85 37 52 65 46 
75 27 87 74 85 10 73 41 84 29 41 65 38 88 70 89 28 59 96 39 63 95 98 28 95 94 27 32 69 80 95 86 25 64 81 28 80 46 74 83 5 12 4 82 26 80 19 44 37 62 
51 27 89 30 38 72 59 77 27 94 73 91 78 9 81 78 44 8 46 34 29 87 74 21 20 57 99 8 66 85 92 30 43 42 58 85 32 32 6 72 11 81 73 7 15 86 22 81 65 20 
11 98 83 98 36 10 62 20 81 79 0 74 45 98 78 12 62 34 28 13 64 56 62 61 41 37 23 68 38 11 28 37 68 72 56 14 96 38 89 78 20 21 53 72 71 94 91 51 2 82 
81 46 96 13 72 99 35 93 42 40 59 84 93 53 22 60 17 15 86 81 85 10 92 58 71 16 77 60 71 91 94 82 9 80 6 88 14 41 22 39 60 10 44 45 74 64 6 58 14 37 
98 18 77 37 36 88 23 17 10 62 74 36 32 95 76 87 78 80 58 5 92 52 96 4 16 13 86 48 86 85 28 90 71 98 62 10 56 84 52 55 61 8 35 11 72 14 70 39 91 94 
29 18 25 94 64 27 70 75 76 48 89 15 31 97 62 44 71 30 34 8 68 53 57 47 73 57 21 57 41 58 9 89 83 53 39 49 19 31 42 45 97 62 18 34 49 32 65 18 64 69 
71 77 37 31 12 39 71 63 54 96 56 62 14 1 96 3 84 57 5 10 48 63 9 16 31 54 57 96 10 22 69 91 24 87 75 6 97 82 2 5 0 61 95 57 68 42 49 0 0 74 
71 75 46 90 43 82 6 82 73 47 30 59 69 83 24 65 1 56 43 97 82 56 92 59 67 61 60 22 41 69 37 62 1 52 51 16 72 25 23 62 8 25 44 36 62 34 53 80 72 46 
98 22 20 44 60 82 82 81 13 23 15 2 61 26 74 29 7 11 80 31 87 70 65 43 9 30 35 11 8 38 45 81 41 97 8 63 31 47 98 19 8 14 52 98 46 99 9 40 43 95 
55 46 92 25 24 60 13 79 5 46 23 6 5 15 63 68 83 28 3 75 23 7 86 46 68 80 21 2 26 44 57 93 59 20 79 42 25 1 77 33 87 9 17 87 68 5 2 98 51 88 
82 40 80 39 72 53 32 19 63 97 67 42 2 12 69 86 37 58 53 59 14 23 32 87 97 80 6 74 17 28 85 99 9 90 63 69 87 66 61 92 78 34 67 54 32 80 10 88 39 32 
49 0 87 81 80 62 14 47 10 18 78 31 54 31 35 2 5 23 87 53 3 41 79 82 43 45 20 71 16 59 29 7 97 77 5 52 69 24 70 53 35 61 92 41 83 52 20 80 90 34 
68 96 82 88 89 37 33 35 36 21 48 91 81 68 8 64 73 62 30 23 14 4 34 0 47 25 84 55 67 87 84 45 51 12 47 68 86 2 85 61 97 43 53 63 92 71 21 94 24 58 
32 91 88 52 75 99 18 26 58 72 90 76 80 89 61 26 39 37 35 79 80 8 87 43 63 94 62 19 16 10 26 60 67 87 0 22 64 77 97 16 67 39 77 35 50 0 4 26 27 27 
68 78 0 70 79 37 58 42 24 76 63 32 25 68 9 71 32 44 22 87 76 97 84 6 26 90 11 58 86 98 61 68 0 27 60 30 16 63 45 33 53 1 84 68 97 73 75 65 49 50 
59 97 26 25 45 48 66 49 24 94 86 82 43 77 2 22 87 81 68 26 88 37 22 83 13 45 87 43 27 33 42 61 28 17 78 32 95 21 6 63 15 95 47 2 65 44 43 19 50 37 
41 64 63 46 17 30 11 19 46 56 60 79 53 2 82 13 27 79 72 70 53 23 14 2 10 27 4 27 7 28 99 73 43 70 52 9 36 26 13 67 43 26 28 91 21 35 25 55 89 28 
61 27 77 27 37 8 69 77 34 58 22 90 94 71 29 7 42 73 37 64 55 95 5 32 12 18 61 66 59 91 63 33 94 46 0 24 54 59 75 42 58 62 19 97 65 29 75 34 43 38 
61 43 44 13 65 21 13 96 89 80 86 63 99 84 40 62 95 15 53 89 29 23 1 32 57 60 44 41 97 2 44 10 97 52 19 6 86 82 52 4 67 76 57 90 2 93 87 81 90 0 
37 40 15 9 49 76 9 61 37 42 35 91 63 24 91 52 45 70 55 61 26 42 7 3 11 78 96 37 48 55 12 62 38 13 5 45 28 60 42 97 40 33 81 15 73 36 44 94 55 8 
60 32 68 29 74 15 23 1 83 15 36 50 15 76 81 40 2 28 28 56 66 64 9 13 18 77 19 88 67 5 15 69 98 83 46 79 82 43 3 77 88 85 24 83 40 49 34 68 11 58 
90 19 42 48 68 61 98 13 23 94 92 40 66 62 96 5 41 46 70 58 63 32 78 71 70 41 67 36 66 48 27 23 39 58 41 31 47 24 65 9 67 31 29 76 74 70 15 74 70 17 
30 68 97 49 0 80 70 74 19 64 52 76 82 82 58 38 93 48 98 51 78 39 25 3 56 93 43 75 46 59 26 43 8 8 79 19 29 80 18 83 58 85 92 87 21 22 89 4 84 55 
39 28 85 69 51 46 62 51 66 15 20 56 61 28 39 10 51 44 26 29 19 78 71 15 65 67 13 1 26 25 45 35 52 37 80 38 69 82 18 13 18 56 8 1 32 71 92 90 69 19 
31 48 45 74 38 22 10 19 68 26 14 1 86 54 89 71 74 93 59 66 80 41 52 43 72 12 67 80 85 10 83 78 16 19 10 44 48 76 52 84 95 4 87 94 80 15 63 62 8 38 
94 73 82 62 39 83 6 78 50 95 91 54 82 76 88 21 53 83 54 40 61 49 83 39 93 49 81 49 26 71 53 6 40 13 60 70 6 12 83 30 60 34 70 6 45 32 92 81 9 89 
7 29 78 68 46 57 79 41 56 71 68 11 63 56 76 11 74 19 30 34 96 79 56 85 32 97 51 62 63 92 87 56 45 66 22 34 76 8 41 36 88 55 97 81 88 57 83 41 30 93 
41 75 88 33 23 23 20 71 45 67 43 73 30 72 39 87 53 16 41 12 14 41 61 16 30 56 57 37 20 96 31 99 60 57 97 65 94 49 26 72 42 48 56 98 58 30 90 95 90 52 
7 77 80 65 3 26 93 73 75 57 20 65 67 8 3 19 98 57 47 49 89 13 38 18 83 51 55 8 63 78 57 29 89 37 99 18 80 57 12 81 33 11 23 48 65 16 94 79 63 46 
98 86 70 68 53 2 36 24 1 79 52 37 75 74 34 6 42 5 31 36 6 7 82 98 37 67 49 52 21 98 64 61 9 11 42 97 48 40 95 8 1 16 98 95 10 91 81 49 62 48 
20 83 19 56 34 20 7 59 6 46 23 75 32 20 54 16 6 55 36 44 7 25 41 56 10 75 63 36 81 92 86 76 55 58 77 26 91 80 93 3 74 48 54 50 82 3 66 17 90 2 
92 91 78 43 45 30 34 2 41 76 93 4 65 88 37 61 44 61 46 64 82 32 73 96 4 63 41 20 80 52 98 31 66 83 79 46 63 83 60 11 6 9 23 63 75 44 79 1 36 9 
81 10 63 18 7 3 78 46 28 88 26 39 32 39 25 11 27 84 64 67 83 0 98 25 10 18 28 41 51 63 48 71 90 54 35 36 8 73 85 11 28 48 87 90 86 10 25 57 52 6 
19 78 10 53 27 13 49 23 17 36 2 59 97 23 86 36 41 28 86 84 31 85 77 43 81 15 27 57 0 81 46 84 6 59 49 30 93 56 87 67 31 56 1 78 51 96 86 45 37 38 
26 70 97 94 65 98 57 47 71 15 51 62 73 1 53 94 58 94 8 83 24 24 37 81 9 93 9 64 76 67 79 14 46 10 63 42 37 98 59 91 10 70 89 97 36 60 18 64 57 45 
72 76 62 36 28 70 24 87 73 43 89 55 85 60 26 61 51 68 66 50 55 34 24 86 35 63 22 83 89 59 87 31 88 9 12 9 74 12 11 6 85 21 41 92 24 32 33 72 81 78 
76 72 55 40 69 56 19 61 26 18 84 82 79 3 75 24 26 68 38 60 92 7 7 19 72 89 0 56 35 35 40 38 56 33 71 37 11 16 19 28 55 34 80 75 44 85 62 85 5 54 
49 51 53 84 43 6 53 6 77 41 61 68 68 97 21 64 86 46 74 9 25 74 31 67 88 4 4 84 98 75 84 79 76 63 25 9 17 27 1 42 40 95 76 93 83 21 61 40 46 34 
28 28 93 66 97 0 87 37 30 76 43 1 59 94 20 41 79 46 40 66 12 4 45 57 12 80 88 57 34 27 33 3 3 88 43 58 47 92 60 66 67 79 48 80 37 93 2 28 96 64 
61 91 50 26 1 35 18 58 47 7 89 59 83 52 41 97 14 73 6 34 59 12 95 29 39 59 13 94 69 94 89 96 38 59 3 51 64 6 5 34 83 87 61 89 56 49 37 22 51 81 
53 25 28 10 80 68 8 10 34 22 45 38 17 10 8 65 81 27 17 97 6 43 91 78 24 43 66 3 8 2 11 93 84 89 21 70 64 96 20 78 27 81 34 55 66 0 66 45 48 51 
84 0 19 52 99 36 49 56 0 84 94 64 45 39 9 62 78 68 79 17 75 91 48 18 20 71 72 39 80 66 72 52 56 21 97 79 35 40 51 62 63 10 12 68 75 8 7 90 12 41 
78 87 85 9 94 35 1 97 31 84 16 49 51 81 22 19 77 74 7 97 23 56 20 88 95 76 53 15 73 12 43 55 95 90 75 97 31 26 15 42 60 14 2 56 53 62 83 93 62 19 
14 4 50 14 7 47 73 61 80 12 55 30 95 85 80 12 50 68 73 5 23 50 47 48 30 51 80 32 60 13 8 44 75 1 70 14 99 16 4 70 76 75 5 44 15 11 60 31 86 10 
42 11 41 4 32 35 64 72 49 42 95 58 10 73 76 26 49 89 33 31 74 64 30 9 96 36 14 6 38 59 72 47 91 1 0 49 40 29 94 17 80 12 73 46 15 85 64 23 12 69 
57 17 70 9 54 1 39 1 8 76 15 21 90 37 69 58 96 28 5 32 46 64 14 97 63 71 21 80 1 38 68 76 58 45 68 69 6 70 38 42 70 53 31 96 19 1 59 32 0 59 
77 8 72 25 65 32 57 5 31 35 30 87 62 88 49 21 11 11 57 88 78 11 88 87 6 46 19 50 76 27 93 59 96 9 76 59 17 0 54 31 28 62 24 55 94 58 85 48 88 40 
