50
98 81 97 78 49 55 74 47 86 49 58 41 55 4 56 92 14 24 52 88 18 1 25 44 17 74 65 67 95 36 12 2 14 41 90 52 36 49 37 64 40 3 39 8 47 63 4 82 73 77 
93 8 34 92 94 85 3 96 54 84 74 96 96 4 1 73 54 87 77 69 99 27 82 18 11 31 11 85 2 12 85 45 19 35 19 18 38 30 69 13 86 79 56 83 45 36 76 85 23 23 
2 76 4 21 78 37 78 79 45 72 37 12 47 70 48 25 52 88 26 38 92 80 3 16 69 40 74 74 23 35 47 87 13 69 47 22 81 71 97 54 6 87 77 68 51 29 81 68 43 36 
8 7 45 94 79 76 80 88 4 56 82 87 56 60 96 10 52 70 15 77 33 89 48 75 46 5 4 41 95 55 20 26 91 91 17 84 85 38 44 29 0 24 78 36 26 21 33 79 71 11 
49 98 85 88 31 28 98 36 62 14 93 85 22 22 99 78 44 2 76 83 19 76 75 25 60 74 84 95 55 18 62 40 91 34 98 42 42 21 49 83 64 41 75 91 31 70 32 57 17 47 
14 51 37 4 10 98 52 7 21 50 52 67 60 50 83 76 82 38 89 46 77 34 55 49 29 4 61 71 60 49 52 30 39 14 72 40 4 18 95 82 87 57 28 51 48 17 22 76 87 24 
93 6 20 67 88 70 39 16 80 84 97 46 97 60 10 29 46 99 93 3 51 78 19 59 41 97 80 40 29 9 8 4 6 73 44 43 82 20 68 19 54 9 75 20 14 8 21 34 90 1 
78 76 32 7 78 8 96 17 23 62 20 71 88 85 29 77 54 29 58 89 12 4 19 20 9 90 18 69 13 9 79 78 96 88 2 30 28 41 4 61 20 48 82 22 83 46 89 41 93 31 
69 89 58 12 92 85 76 18 87 8 17 15 16 33 94 9 55 53 64 51 11 72 7 66 53 99 5 14 73 70 6 10 22 69 33 94 45 37 92 74 6 94 55 87 35 46 53 20 9 60 
66 49 38 51 83 74 8 72 3 99 32 32 79 4 6 38 20 63 8 97 70 72 2 68 68 22 1 58 13 37 36 71 15 95 66 92 34 12 45 50 67 98 1 5 37 3 20 96 94 87 
89 42 36 97 14 53 34 21 65 32 30 84 52 83 48 32 54 38 44 37 99 65 40 68 34 19 40 17 86 22 70 99 25 49 39 98 44 14 87 35 57 42 4 17 47 11 79 62 0 5 
95 91 10 50 37 89 83 97 4 57 77 97 34 7 0 11 70 56 2 77 9 90 27 66 74 10 13 85 59 1 88 18 11 18 39 19 39 60 34 2 48 98 6 63 41 34 14 20 2 61 
89 86 32 97 8 94 73 41 83 22 9 90 27 22 76 49 79 49 17 47 66 81 73 31 44 57 82 64 65 70 34 64 7 36 22 57 98 29 16 9 50 87 45 28 82 10 35 98 98 65 
51 96 10 9 10 32 19 9 78 99 93 47 57 31 25 18 21 57 67 29 6 71 52 34 75 35 65 5 55 35 66 27 3 57 83 32 85 91 43 89 4 48 35 39 46 51 20 28 52 92 
21 46 0 81 87 17 78 60 95 39 76 85 58 79 48 19 8 85 88 94 3 53 79 31 88 42 63 30 74 39 72 46 50 47 94 67 97 81 0 1 26 59 86 3 30 46 74 20 20 48 
68 46 75 77 19 29 0 75 4 98 16 68 22 40 76 47 3 11 36 0 81 11 38 51 40 9 30 71 28 86 40 50 77 28 9 26 20 67 20 79 21 25 63 78 56 37 74 43 54 7 
84 71 76 15 17 62 87 53 71 93 33 74 27 67 2 48 99 62 65 64 54 98 79 48 81 87 6 10 70 17 77 54 14 77 2 5 8 56 94 78 56 59 99 33 68 71 31 90 63 11 
89 41 54 95 94 18 70 69 10 20 57 97 84 9 36 72 28 42 0 31 48 53 69 74 42 29 45 30 96 55 45 37 55 98 65 96 17 67 16 22 77 59 87 87 6 73 33 96 8 31 
82 11 77 61 11 55 43 5 50 97 27 84 91 73 40 1 61 36 14 30 17 56 27 11 19 99 2 67 92 29 68 52 63 60 96 63 11 23 34 71 74 94 31 61 72 3 24 36 13 54 
52 39 66 12 37 67 62 16 62 99 85 88 82 43 98 33 78 82 25 20 32 52 77 85 0 38 45 77 95 15 46 24 15 53 27 11 28 71 80 77 87 77 22 74 5 58 36 8 40 1 
75 86 57 76 7 31 36 29 10 50 49 40 9 41 47 72 24 94 28 52 60 96 30 51 56 2 20 12 47 54 39 21 52 48 67 22 55 55 28 26 97 22 88 90 31 95 64 76 82 57 
41 49 40 46 20 83 17 73 67 29 57 9 79 76 28 89 5 58 3 56 67 92 7 62 39 2 18 77 25 86 83 20 99 85 61 2 29 41 53 57 75 22 9 93 41 4 6 63 73 67 
36 37 2 69 66 17 26 69 87 39 67 75 86 98 79 73 51 19 20 16 65 16 3 27 35 6 31 66 89 72 82 96 18 78 10 81 57 84 21 32 42 51 1 4 1 35 11 62 33 11 
79 57 8 70 39 41 44 81 65 22 62 21 73 81 89 83 55 18 8 41 55 9 17 66 38 0 12 60 16 99 4 12 14 37 72 65 26 31 53 77 39 49 41 4 7 6 39 50 30 96 
50 12 44 49 88 84 50 97 38 35 68 10 79 82 62 45 90 7 52 41 25 50 38 11 33 83 30 75 0 19 61 83 31 92 9 57 26 56 16 17 14 89 64 60 19 53 71 78 13 31 
62 48 78 77 17 30 91 13 19 9 12 65 13 73 82 21 96 14 23 60 52 56 35 91 41 70 88 81 78 43 7 76 76 78 12 69 23 65 29 0 5 92 8 88 14 72 78 0 20 13 
88 60 3 60 47 26 44 17 62 39 11 79 28 91 88 19 85 96 15 5 83 41 37 82 46 80 88 94 66 24 59 4 60 35 29 37 75 90 70 53 12 58 40 42 15 29 41 39 20 68 
25 86 80 16 82 5 98 14 49 69 38 35 83 69 86 27 3 23 18 70 69 63 47 49 78 84 37 3 92 13 84 4 56 85 58 86 18 9 51 71 50 31 41 58 58 34 60 97 66 66 
53 93 62 72 79 79 3 65 13 34 35 73 80 79 47 0 82 4 16 75 81 99 1 45 58 16 41 72 44 49 50 55 86 98 49 57 12 44 74 13 67 92 47 17 21 13 93 61 2 69 
84 75 82 46 52 16 34 6 71 71 22 97 13 61 87 7 43 83 76 97 43 32 37 96 49 99 21 65 33 82 7 24 35 85 82 95 36 63 75 76 0 77 67 16 93 58 65 5 22 73 
99 50 9 25 56 2 49 35 34 30 93 81 31 63 61 44 80 28 47 89 32 26 32 22 66 1 49 90 3 24 28 11 70 3 49 85 28 40 47 40 41 9 81 31 21 8 69 51 48 37 
28 77 38 79 83 26 12 3 12 92 41 90 87 58 61 98 0 70 99 6 66 13 98 68 89 18 14 48 93 0 23 54 48 7 16 51 97 79 28 1 39 35 96 7 84 60 7 88 31 13 
81 34 30 2 95 30 53 43 21 57 83 62 38 34 71 29 58 90 71 51 32 95 2 56 28 55 57 65 93 26 88 65 82 73 95 66 94 61 84 72 83 75 63 29 9 97 10 28 0 37 
31 74 62 88 77 63 91 27 79 87 53 20 99 43 40 65 58 45 30 71 12 3 75 13 77 52 82 1 74 41 67 55 40 35 48 47 76 29 16 64 55 36 40 74 9 56 57 56 94 93 
15 34 39 8 12 20 5 81 34 24 63 33 79 38 57 3 18 15 92 96 39 34 1 46 26 53 59 84 70 99 63 43 50 57 50 55 0 55 80 64 43 31 68 92 89 19 29 4 31 46 
4 14 60 34 18 23 42 50 1 54 19 6 22 89 66 57 67 99 99 97 86 25 64 85 72 75 51 48 81 87 45 45 95 77 23 65 43 55 79 45 12 43 17 99 87 76 48 36 16 23 
30 35 61 86 57 87 98 86 49 57 79 17 50 9 26 59 72 53 87 6 30 18 16 56 76 33 57 96 60 71 11 43 96 46 93 46 57 26 36 7 21 11 38 4 79 54 10 77 58 72 
54 89 29 82 84 0 96 88 62 9 40 82 3 80 74 97 50 64 17 82 31 71 13 57 70 4 92 5 88 89 89 96 94 49 39 65 17 56 93 27 53 49 82 6 24 73 95 54 12 88 
82 28 21 78 2 40 1 30 85 45 50 94 73 36 90 97 97 28 56 11 19 39 89 93 71 27 69 35 26 35 58 39 83 47 40 27 95 88 64 29 27 25 27 35 36 96 75 50 78 54 
94 19 56 83 47 78 99 69 77 27 24 29 76 19 52 6 91 16 17 24 13 88 34 17 82 77 42 75 1 10 52 99 71 70 33 18 2 62 16 32 14 31 2 90 26 50 99 2 13 93 
82 37 0 86 34 88 81 24 3 1 97 16 32 88 18 6 13 88 78 10 25 57 38 99 47 98 99 36 91 75 86 53 6 11 99 1 77 65 49 55 43 61 33 26 77 26 38 75 83 93 
58 13 26 1 31 64 61 56 32 77 26 13 86 36 72 12 98 70 33 22 56 65 27 28 61 73 83 42 4 61 86 46 53 77 95 99 12 61 80 27 52 80 53 16 97 46 58 64 35 19 
83 46 41 24 28 1 36 29 27 5 21 99 48 66 31 67 92 56 27 0 21 41 94 81 78 17 4 9 84 13 47 14 90 9 75 2 21 88 12 99 77 92 60 6 24 70 89 43 89 67 
64 78 32 39 41 7 81 36 39 70 27 79 62 8 1 72 73 68 73 89 71 28 24 39 62 82 50 51 30 51 93 84 23 24 17 78 23 24 17 78 64 93 68 26 81 79 87 81 77 29 
36 64 10 29 81 28 69 62 79 76 8 5 24 38 60 74 40 42 92 81 67 21 7 32 18 69 2 84 93 36 98 42 87 73 85 0 97 10 46 70 76 81 41 64 31 64 16 80 77 50 
46 14 20 79 24 86 12 3 40 91 81 35 99 24 86 66 6 8 50 89 4 51 44 19 42 67 72 14 2 37 97 27 17 59 59 64 26 75 25 17 14 91 45 60 30 43 65 74 1 53 
71 53 16 72 66 48 41 79 18 52 7 33 65 17 95 16 79 52 7 35 68 75 77 70 15 16 75 73 61 58 57 91 78 35 87 38 49 33 76 63 32 28 73 57 87 69 11 6 3 54 
90 85 24 91 63 95 95 5 70 36 20 12 86 89 47 22 45 37 4 48 95 8 92 54 18 6 20 70 92 74 45 34 20 28 94 60 42 87 68 66 3 70 87 25 16 40 51 19 9 30 
80 64 95 70 4 38 53 15 57 68 92 51 71 68 61 26 88 74 86 49 46 33 56 3 0 20 98 94 16 12 48 29 6 62 10 94 21 87 41 75 6 38 78 54 80 82 9 72 31 85 
96 90 45 17 12 52 47 79 58 17 19 31 99 34 13 39 70 1 67 60 55 73 60 39 66 27 12 5 36 80 4 26 56 87 43 4 16 44 98 90 64 8 23 46 58 71 46 68 51 94 
