50
51 16 62 81 41 10 4 81 81 94 59 39 40 88 99 25 90 86 18 2 36 74 6 50 34 24 49 25 49 96 39 37 88 5 36 86 31 70 69 9 37 50 85 7 81 65 46 20 0 40 
99 71 57 78 89 37 84 84 95 57 87 96 81 33 74 71 13 30 17 78 37 44 24 66 16 93 43 2 32 29 79 93 87 28 18 28 75 10 5 17 29 5 42 35 24 81 12 91 99 38 
7 30 98 98 99 97 1 40 58 64 0 58 4 28 97 35 84 95 84 37 31 79 64 45 7 53 59 31 95 11 32 92 75 92 34 89 6 60 38 55 14 75 31 66 59 85 70 26 84 19 
83 77 28 95 95 99 3 20 16 42 44 89 83 4 30 41 31 21 6 22 34 47 71 50 56 92 42 90 2 50 55 77 57 93 70 57 44 38 10 85 32 73 3 68 98 54 92 86 24 72 
46 0 12 89 1 34 45 47 20 54 20 61 96 77 89 20 47 39 72 51 22 27 29 77 85 48 35 18 70 53 51 15 10 19 49 20 21 8 49 57 45 27 30 95 23 83 99 54 95 16 
26 92 31 45 30 43 5 96 48 97 37 31 8 65 80 16 44 75 89 84 22 14 17 15 54 68 91 90 9 53 51 97 85 18 74 12 94 35 32 87 28 52 41 26 84 57 38 83 57 89 
86 63 22 73 11 45 56 86 86 44 85 14 58 94 22 40 24 78 68 43 78 77 65 20 3 60 11 15 64 80 98 35 12 89 13 71 6 39 16 56 12 72 79 15 28 84 44 80 44 32 
51 52 19 46 49 57 30 58 92 15 35 3 52 30 29 57 72 10 65 78 26 53 19 90 21 35 11 36 35 90 80 39 70 51 5 16 41 76 77 23 3 3 92 70 32 15 30 10 52 19 
33 25 12 43 49 8 98 38 88 15 21 44 11 27 23 39 56 56 92 50 86 85 25 16 35 88 13 57 56 33 35 69 35 37 5 21 87 49 41 57 12 24 31 28 48 32 68 23 51 85 
29 6 73 20 20 0 31 71 42 79 99 38 6 78 48 60 89 89 0 31 45 12 70 75 94 14 46 44 5 95 53 24 57 72 68 8 38 88 87 61 37 85 88 51 54 9 3 7 89 92 
51 53 98 93 46 60 89 39 79 44 93 9 36 76 57 71 81 69 14 89 45 88 98 3 94 64 27 55 2 62 35 37 88 7 27 91 77 44 55 0 20 93 55 20 24 9 38 23 87 32 
7 65 66 74 51 23 13 98 85 96 39 62 86 90 26 1 43 43 82 94 98 34 15 23 88 7 69 60 79 82 37 99 8 53 24 8 78 84 88 37 11 69 86 50 45 69 19 40 70 56 
74 56 89 23 30 29 43 59 80 95 30 77 41 67 45 67 92 69 78 96 14 82 32 87 35 68 31 45 90 1 54 31 60 63 63 86 5 26 49 44 75 55 51 8 40 67 88 49 75 57 
23 43 57 46 4 34 26 17 12 34 76 75 41 29 55 22 37 46 9 87 56 9 96 28 64 73 21 63 25 24 53 84 44 90 77 99 3 33 19 31 52 86 80 45 70 69 19 9 97 19 
26 75 30 73 33 14 78 84 25 87 46 0 61 50 39 54 39 30 86 3 11 24 85 47 17 91 19 7 33 91 8 3 22 52 43 19 69 44 82 93 13 73 14 81 45 73 36 25 73 47 
66 92 31 53 91 28 8 70 59 20 60 19 8 47 21 34 59 38 16 87 51 29 94 47 24 58 79 50 28 78 58 32 33 33 99 49 2 24 55 22 27 75 45 40 94 56 15 85 4 38 
74 17 93 32 64 62 24 9 42 28 36 7 7 29 73 59 39 3 1 52 32 14 37 35 68 26 56 49 30 33 57 18 43 67 15 7 42 20 20 33 12 83 44 28 99 62 12 67 75 98 
74 0 63 60 7 83 53 60 84 64 63 38 41 83 93 81 89 60 9 73 70 82 53 41 10 22 63 15 36 50 71 22 31 16 56 30 6 53 44 27 78 73 34 0 40 50 11 7 35 83 
80 90 12 40 8 95 16 32 84 25 31 40 2 92 18 90 0 50 85 12 55 19 98 4 72 86 1 10 97 14 21 67 92 18 45 1 17 89 4 17 23 8 40 89 11 64 73 46 3 20 
32 40 24 18 70 20 23 62 2 15 59 40 45 71 77 39 6 81 44 12 36 28 93 81 81 68 60 72 43 55 24 63 35 34 49 42 1 50 40 50 2 23 16 5 59 78 81 86 97 84 
55 75 88 71 33 41 12 97 85 32 74 18 8 68 41 46 59 78 18 55 48 35 45 68 67 13 57 38 56 92 51 37 50 71 96 73 58 13 26 61 31 17 49 70 38 39 88 83 24 9 
70 14 51 19 76 38 52 66 60 59 2 84 30 86 83 46 88 17 9 62 83 67 21 2 8 28 35 41 2 47 89 14 57 42 50 6 80 79 70 16 62 32 25 94 24 9 5 79 47 85 
30 4 19 53 0 20 88 78 19 71 51 96 25 80 72 56 15 26 21 84 90 82 75 41 91 96 97 31 26 31 36 72 78 10 27 12 16 4 73 78 55 53 79 96 54 11 43 94 28 79 
93 84 73 82 21 18 48 2 16 93 96 85 85 10 60 45 97 66 86 79 76 26 40 10 28 50 40 87 44 24 87 84 96 39 53 34 18 63 35 34 89 7 91 89 86 24 83 84 64 11 
88 30 5 17 27 60 94 50 17 88 39 67 79 88 24 27 22 66 68 73 88 69 85 49 2 73 4 81 41 27 12 35 22 35 37 35 93 97 45 40 54 16 29 54 28 32 10 80 31 90 
96 84 37 60 3 95 66 75 55 33 69 37 57 29 36 21 45 78 16 18 92 89 99 58 39 74 36 60 31 39 31 35 30 86 27 83 80 20 28 86 17 70 58 32 51 64 71 69 86 27 
7 53 80 90 13 26 24 73 7 23 57 84 96 4 32 37 48 64 77 26 88 29 7 62 55 33 94 26 53 22 29 48 87 91 17 9 63 7 3 70 39 1 66 95 41 37 63 58 43 76 
36 98 1 4 26 49 53 9 36 35 15 7 77 11 51 63 94 60 73 9 76 12 11 34 86 85 41 97 24 49 27 3 92 21 14 56 4 59 19 52 2 13 50 60 67 74 2 74 82 84 
61 57 66 35 89 47 22 80 96 27 78 29 41 9 13 42 22 44 22 31 91 86 39 5 83 15 66 71 40 48 61 46 53 85 14 77 36 41 22 95 18 45 36 81 41 33 89 61 96 28 
18 22 8 32 73 76 51 80 25 34 25 91 90 25 57 65 59 6 43 94 87 43 95 46 71 22 66 9 0 4 45 19 91 91 96 41 30 74 30 36 56 98 6 80 57 88 49 97 5 23 
14 81 39 13 40 75 61 33 56 73 89 13 63 99 64 53 83 96 91 95 32 17 78 87 40 37 86 19 48 85 97 4 37 33 0 4 57 88 33 72 42 65 86 31 88 63 32 71 20 38 
46 62 94 83 11 48 20 95 27 79 40 10 9 94 73 43 31 88 13 93 27 1 70 8 14 56 99 47 84 40 86 82 84 63 94 34 14 40 59 42 90 72 18 5 99 67 98 36 62 94 
93 78 70 46 38 13 81 19 20 42 67 20 43 41 86 43 66 76 43 41 27 65 10 46 73 87 34 68 24 18 98 76 27 83 92 74 77 98 18 10 65 93 37 22 84 98 80 97 24 22 
16 33 61 27 30 4 64 16 56 23 39 91 39 85 30 77 44 63 14 34 85 73 86 61 46 78 38 84 19 25 28 94 63 44 15 7 48 30 50 65 6 1 91 59 65 30 82 86 19 22 
30 49 68 27 98 51 53 75 30 69 0 89 77 31 74 44 4 13 68 99 67 27 67 31 6 13 66 93 85 2 32 38 0 8 42 88 68 67 17 55 71 32 47 56 5 12 69 38 61 30 
74 63 18 12 45 52 94 89 59 16 35 20 68 75 22 45 45 85 8 71 43 57 60 7 1 16 62 80 20 94 96 24 53 16 93 19 99 14 54 42 79 59 75 20 85 14 64 89 88 31 
3 33 12 73 93 32 10 20 70 19 86 46 99 14 17 75 0 95 37 2 62 82 91 87 59 71 62 74 68 55 13 59 22 51 6 36 61 85 78 3 94 60 10 33 77 68 36 81 93 99 
54 43 39 88 81 67 80 16 65 58 22 34 32 17 36 9 79 64 89 11 19 36 49 35 57 53 46 72 42 40 69 49 82 6 9 10 45 28 6 46 11 2 57 48 4 46 93 40 69 60 
89 75 22 79 25 86 39 21 14 29 84 26 54 2 72 5 57 45 11 17 4 55 28 73 65 52 1 14 69 42 40 67 42 24 85 58 18 71 98 76 73 72 6 68 91 12 49 49 63 38 
15 87 80 29 3 46 19 18 67 63 79 41 36 94 15 27 15 85 24 52 64 99 3 68 37 96 62 62 30 56 4 98 62 4 46 88 19 74 66 88 25 90 11 75 80 30 21 4 77 47 
77 84 9 13 81 37 48 78 11 64 63 74 60 42 31 9 48 73 7 77 30 88 20 86 61 38 48 33 32 11 29 44 88 55 35 77 48 48 97 31 65 94 24 11 99 82 91 96 57 27 
72 91 47 5 4 37 6 95 17 12 66 78 89 58 1 88 93 13 40 18 99 0 78 43 75 62 72 50 68 51 86 25 56 39 22 53 56 69 62 60 62 62 56 36 57 85 37 29 26 45 
34 79 31 19 22 33 10 9 10 52 11 31 57 89 92 92 48 8 6 85 57 28 22 93 0 1 95 61 99 5 69 23 46 4 61 63 13 52 31 46 93 39 80 59 16 12 64 60 20 19 
92 85 18 92 14 34 71 60 55 59 98 61 42 30 20 71 86 32 50 65 73 52 32 90 96 86 17 27 93 39 19 31 61 20 21 21 71 43 56 6 92 62 59 8 45 4 2 11 3 74 
11 49 32 88 16 15 79 24 84 34 41 56 17 17 8 6 18 81 18 36 38 36 33 17 17 39 18 28 55 41 71 43 69 61 13 4 10 82 9 10 17 90 54 40 10 22 42 24 20 90 
19 30 77 12 89 99 50 58 52 80 29 49 58 64 42 1 46 72 90 75 73 24 48 64 71 26 3 2 12 39 77 96 0 26 90 88 71 67 20 1 93 55 28 77 40 29 65 63 63 15 
57 60 7 9 72 76 9 40 80 55 47 17 67 61 61 41 42 75 69 63 97 30 52 4 43 81 61 74 20 77 89 97 38 85 91 84 7 45 55 72 67 57 32 78 13 86 40 43 79 99 
62 16 10 43 1 27 52 79 97 51 51 70 75 31 15 88 9 44 17 96 62 15 63 24 14 29 56 20 27 4 0 16 76 79 17 43 35 70 24 69 23 1 97 77 19 60 90 42 58 36 
19 68 51 61 0 5 57 50 47 14 61 12 29 61 53 53 97 96 36 44 39 54 7 71 73 44 28 75 47 28 49 56 40 82 76 90 98 61 19 29 37 10 94 7 61 91 11 51 33 94 
19 47 41 48 59 85 26 8 82 96 8 0 31 4 71 48 56 22 73 14 72 86 57 33 37 16 82 12 14 86 97 83 55 48 81 98 14 51 49 87 36 7 53 83 43 75 61 98 37 34 
