50
74 32 65 26 30 62 69 93 45 9 76 17 36 20 26 66 33 11 40 15 55 51 97 2 17 0 43 14 60 86 28 26 94 74 97 45 36 51 31 65 75 10 54 87 83 37 45 46 96 94 
59 8 41 99 41 24 78 2 36 32 12 30 79 36 44 29 3 8 16 56 1 71 82 88 16 63 61 74 65 65 54 48 40 77 27 51 86 38 56 14 85 31 9 38 55 62 0 21 15 60 
32 6 83 84 54 92 14 60 11 19 87 83 79 68 20 55 70 73 70 38 0 53 68 87 58 47 90 58 11 10 44 76 88 88 11 52 71 76 27 83 62 33 38 52 78 32 6 78 62 54 
64 78 49 34 11 43 65 60 38 71 60 16 72 83 46 60 38 14 83 30 69 18 3 96 55 69 52 67 95 60 68 19 9 49 62 56 19 31 87 14 62 88 14 75 68 23 67 44 87 83 
31 74 19 88 16 79 78 56 40 23 1 14 20 95 79 57 0 0 40 64 37 80 29 16 97 65 66 23 79 91 13 29 79 65 21 88 53 39 91 68 41 52 48 72 65 54 42 6 72 12 
92 78 53 51 16 57 66 55 84 70 10 23 86 46 29 2 24 16 45 7 97 81 63 87 7 57 4 1 16 94 91 19 91 31 7 35 80 64 72 26 1 81 67 21 76 10 18 6 96 60 
12 67 5 15 45 16 67 20 13 10 55 35 97 72 2 85 22 65 40 65 12 76 88 86 88 37 82 35 37 70 42 96 47 27 75 42 2 87 91 11 76 57 32 58 59 19 40 42 22 31 
58 24 67 24 11 91 88 57 64 73 36 50 37 40 25 45 48 59 72 68 48 1 77 45 74 41 97 20 33 60 46 36 89 82 81 32 75 67 47 32 42 34 12 93 62 38 48 19 3 37 
37 58 4 80 16 7 36 57 70 18 92 10 70 48 20 49 25 65 34 30 62 45 93 74 89 43 31 32 20 51 86 91 37 56 42 40 13 81 49 77 64 51 32 2 89 82 4 73 56 54 
57 31 28 43 4 14 1 52 64 71 82 10 6 79 11 64 41 40 4 51 72 57 49 91 32 87 9 25 29 65 85 8 26 71 44 26 30 95 85 4 91 33 35 97 24 12 28 26 8 21 
72 89 46 71 19 63 53 96 15 11 14 53 3 76 40 9 89 50 4 28 1 18 2 60 74 80 81 72 88 71 45 88 5 33 89 55 77 29 51 7 94 1 84 31 7 96 32 41 69 99 
6 60 84 63 88 65 19 30 3 51 41 46 91 48 44 0 64 6 75 1 27 64 6 96 4 61 64 87 18 43 7 43 9 11 58 96 70 51 28 31 70 9 96 38 48 38 81 83 68 29 
64 44 55 20 56 99 32 85 37 55 67 69 66 19 65 57 0 77 31 83 69 53 36 56 36 81 22 62 29 29 62 12 29 82 72 69 73 60 71 76 81 4 80 41 22 84 36 64 1 27 
62 8 33 20 99 1 38 17 77 77 74 82 75 1 98 72 10 30 37 21 77 26 22 79 88 25 16 64 52 41 76 9 91 0 40 61 34 78 10 29 17 38 39 93 89 1 91 38 77 0 
41 9 63 70 97 82 25 8 4 5 8 94 58 70 78 82 20 83 92 52 38 53 86 74 97 96 14 50 95 30 69 65 89 51 25 80 46 40 82 9 37 50 76 64 70 27 47 40 23 73 
34 25 97 18 24 89 42 78 96 69 60 14 10 95 7 50 94 28 52 50 78 78 67 93 28 79 75 28 6 15 12 28 83 59 72 58 44 99 22 16 31 77 72 16 21 78 56 32 47 39 
23 67 54 42 0 54 47 31 58 83 4 58 9 85 64 94 85 66 26 63 61 23 73 46 19 52 46 76 49 91 11 86 48 68 84 16 20 4 85 86 39 66 3 97 76 66 12 30 38 11 
33 8 58 97 24 54 87 56 67 0 40 83 76 34 84 4 35 67 33 34 50 30 61 82 93 61 62 3 7 99 81 37 71 58 44 15 53 72 57 45 27 54 44 99 86 7 7 24 47 32 
16 16 88 92 68 91 87 18 36 47 13 96 17 34 12 64 83 89 80 12 33 5 3 84 21 14 33 89 10 5 53 90 19 81 35 9 6 3 90 92 5 47 81 85 93 12 84 48 81 77 
67 65 93 34 20 1 11 19 84 77 70 15 75 56 97 92 68 26 96 1 38 55 14 66 51 6 69 93 17 32 79 90 48 23 47 2 60 19 8 77 46 22 96 13 80 40 60 84 89 8 
14 32 52 83 36 30 51 59 35 7 22 4 97 5 62 62 71 76 84 36 88 36 40 36 25 35 56 80 81 36 17 87 83 62 84 76 66 32 40 24 46 49 48 29 83 56 43 14 62 52 
21 69 0 38 3 33 83 47 83 37 93 61 62 25 14 84 73 86 70 15 29 22 19 41 35 73 8 37 89 96 62 12 9 84 65 51 18 57 57 21 78 44 57 71 84 91 20 16 17 45 
91 71 99 3 3 3 16 37 33 69 29 26 15 55 28 27 42 11 97 66 43 39 49 81 70 61 40 19 13 50 80 39 50 24 83 37 98 64 28 10 7 94 49 92 38 99 29 49 24 36 
64 50 34 86 53 70 65 81 63 67 67 61 99 82 9 22 92 47 70 4 10 51 19 26 51 18 70 45 10 21 31 7 73 79 18 6 34 34 90 6 44 5 56 66 44 33 85 19 8 98 
15 45 1 82 14 16 19 75 89 86 19 62 71 73 22 6 29 67 68 60 21 4 43 82 59 11 28 21 7 92 84 25 16 58 68 39 99 10 93 59 85 7 62 30 44 72 18 45 28 55 
79 81 45 5 81 88 76 33 65 89 41 66 67 27 39 13 58 23 88 70 79 23 66 23 14 50 23 59 70 29 44 52 54 47 86 26 64 57 93 21 38 80 11 82 21 64 55 70 73 88 
71 95 82 17 16 7 3 8 17 96 43 1 46 77 33 60 59 81 46 76 42 86 73 18 12 80 79 4 16 84 24 33 50 71 86 40 85 61 7 13 68 20 21 10 28 50 29 96 26 73 
37 9 3 77 91 23 13 47 72 1 40 58 21 76 0 0 45 29 13 7 0 10 17 28 93 26 16 17 57 80 92 48 54 38 62 76 10 8 33 8 8 56 46 30 24 29 16 33 53 68 
19 10 77 52 98 80 93 19 47 42 9 47 66 43 36 81 75 59 1 33 29 94 18 31 26 74 34 14 33 68 63 18 58 94 49 92 62 23 77 54 25 79 62 21 12 37 45 1 59 15 
55 3 87 28 46 38 47 91 63 88 42 72 57 4 70 59 2 95 60 5 49 49 97 82 18 48 24 96 70 86 66 95 96 40 15 1 98 17 64 96 37 28 90 56 93 93 73 12 54 80 
73 70 76 46 70 87 69 95 58 72 90 35 84 96 89 12 53 54 95 42 20 56 62 9 85 32 74 40 95 52 5 61 41 20 29 7 30 93 39 51 83 69 36 19 5 44 14 1 84 51 
58 76 95 91 54 79 19 23 57 4 56 69 63 70 27 42 65 70 6 39 78 72 74 69 42 55 8 32 65 76 14 48 39 14 35 11 28 97 47 15 76 44 62 0 15 26 8 50 84 68 
99 87 42 87 69 1 75 62 68 30 66 0 38 74 48 77 91 54 5 80 30 46 98 40 0 75 25 10 87 38 35 1 0 91 9 70 61 9 44 30 53 76 29 14 81 91 53 78 50 8 
29 11 10 15 72 7 17 68 72 69 34 56 77 63 63 33 12 80 16 80 32 22 98 87 81 96 32 88 6 33 47 44 7 18 28 78 51 94 60 42 55 14 22 59 98 72 75 17 4 52 
11 53 56 45 67 46 36 70 15 5 23 24 28 64 49 32 88 27 55 86 84 58 68 97 99 39 66 27 35 26 96 83 68 75 1 6 54 18 70 8 88 13 66 45 2 18 22 1 74 34 
50 78 97 62 19 29 89 68 86 59 4 98 47 28 38 70 72 18 90 94 26 53 14 3 27 71 62 53 13 18 19 98 25 58 34 85 1 81 96 62 11 12 33 16 12 59 22 95 28 83 
65 4 99 30 63 14 13 34 83 12 12 76 33 76 59 35 42 60 80 32 63 49 58 50 6 86 22 38 51 91 70 51 20 1 5 32 62 62 66 47 13 54 31 32 97 97 48 4 71 92 
29 85 25 51 5 29 67 67 9 26 61 99 21 21 42 87 38 61 13 89 15 33 54 25 17 37 20 27 25 81 38 7 77 27 49 26 11 51 94 64 35 83 40 74 63 23 10 9 53 93 
93 81 87 81 69 77 57 7 35 9 64 77 52 44 34 40 23 62 22 74 72 66 32 14 68 88 12 97 79 73 30 56 4 96 15 77 83 22 53 7 14 62 41 7 92 4 0 56 58 37 
25 77 94 23 49 86 81 85 40 59 28 37 22 0 30 70 68 84 51 30 94 29 97 39 97 83 9 73 11 87 10 34 40 33 91 76 27 98 21 29 19 28 5 1 63 44 98 56 71 50 
51 56 30 20 55 10 9 15 93 31 87 12 36 77 46 29 95 64 44 93 29 24 45 17 36 18 28 7 87 67 26 82 15 60 62 93 58 60 74 59 36 37 27 34 23 30 80 91 98 82 
30 65 82 99 90 29 48 93 45 18 75 88 12 53 35 23 47 65 22 92 58 36 60 89 30 91 37 83 81 40 77 38 5 1 6 27 90 1 82 28 45 9 73 45 84 59 20 96 10 6 
33 61 13 95 68 13 71 50 66 34 95 47 59 44 16 69 94 27 57 37 33 74 45 53 49 25 34 2 0 14 69 17 87 41 26 17 25 72 57 11 55 11 67 0 18 70 81 42 71 11 
51 15 96 0 36 24 2 96 14 18 94 6 93 75 1 67 48 48 57 94 17 43 47 30 91 75 83 3 65 76 40 59 36 77 57 20 84 47 31 27 93 71 78 66 1 21 16 59 47 89 
51 80 95 88 53 84 37 73 25 62 15 92 52 71 45 41 46 88 86 52 85 44 82 0 54 0 95 2 98 50 81 96 89 82 48 99 55 11 29 69 97 66 74 92 2 70 75 70 79 43 
75 94 55 0 9 72 37 24 12 15 36 88 19 73 79 35 98 29 11 49 65 89 82 67 46 62 8 10 6 86 40 25 82 35 22 60 54 58 94 46 36 8 34 16 82 93 57 38 95 22 
71 56 45 32 28 19 84 65 97 1 28 67 56 64 4 66 55 12 75 72 2 8 85 60 79 46 22 82 15 47 59 79 45 96 64 86 32 72 92 6 87 52 38 84 46 52 5 94 40 70 
29 6 35 69 64 22 25 83 30 56 46 25 81 22 73 76 13 30 87 36 94 51 62 22 47 25 83 9 86 73 2 57 76 17 52 49 3 99 5 24 85 51 38 1 13 70 81 4 82 91 
64 46 6 88 60 76 93 10 9 72 72 75 68 8 52 53 3 16 44 91 90 66 70 51 4 19 11 50 10 65 31 61 66 93 94 34 25 8 95 42 89 64 87 79 4 58 10 75 85 80 
80 34 93 72 70 37 2 69 9 87 54 60 66 71 35 39 93 56 67 94 37 91 67 86 13 54 76 93 39 73 79 67 50 88 32 61 0 32 5 29 54 53 45 50 96 92 13 69 35 39 
