50
56 39 9 57 50 12 33 18 6 34 24 34 8 35 8 4 23 74 21 48 58 2 48 50 89 33 7 89 22 98 78 40 38 64 4 48 97 65 44 66 52 10 86 69 66 79 28 51 91 51 
24 83 77 5 56 16 90 68 41 67 99 49 41 68 74 84 48 51 84 18 92 5 75 82 38 43 57 77 35 38 58 48 63 48 35 38 30 38 26 52 98 34 59 45 4 20 23 84 51 47 
82 21 95 97 41 77 17 4 83 59 53 40 97 43 17 52 10 54 72 88 29 12 36 53 51 58 60 0 13 64 37 98 25 1 16 62 25 26 31 83 72 3 9 50 79 33 24 67 7 71 
93 10 45 67 34 65 76 66 86 66 51 22 69 60 44 84 52 12 99 65 12 79 77 51 33 80 29 86 47 99 3 77 99 68 70 86 12 85 13 1 51 87 5 83 80 93 21 69 32 61 
14 86 8 70 6 82 65 21 44 73 72 26 22 18 99 93 33 66 45 77 29 67 36 57 58 11 97 35 63 6 52 82 79 19 9 84 42 9 24 88 69 69 68 6 4 89 91 73 83 6 
41 80 10 31 67 60 54 19 41 75 80 2 70 44 18 21 14 8 82 50 80 1 63 24 95 47 1 49 99 2 68 78 70 57 58 5 28 44 1 49 19 48 38 90 82 80 97 12 4 42 
95 11 2 21 16 80 23 73 72 2 8 80 85 69 5 44 55 12 19 82 43 48 48 15 5 2 94 59 47 99 90 74 42 64 96 25 25 12 59 92 9 83 35 55 73 93 47 11 26 41 
5 77 78 79 14 94 49 35 83 62 7 69 72 45 47 22 14 92 28 17 92 27 36 54 2 45 4 86 71 78 84 37 64 76 65 82 14 42 21 97 46 6 14 74 61 56 52 2 15 87 
76 61 64 68 6 88 9 69 8 87 98 90 64 23 98 21 57 78 2 82 61 2 98 92 20 52 54 3 43 53 10 89 71 27 58 28 44 51 35 42 77 9 28 12 72 5 92 93 24 4 
83 58 99 27 66 86 55 22 15 59 61 10 42 99 67 3 83 27 82 7 47 63 2 33 97 13 70 57 15 66 29 28 7 89 46 65 10 21 50 46 64 16 38 15 1 25 39 92 53 93 
38 38 57 16 73 85 69 92 40 50 16 99 72 12 69 83 48 85 77 2 94 89 87 32 93 19 69 3 62 74 3 72 12 62 52 78 77 83 81 23 52 11 8 23 63 12 29 38 79 60 
97 35 57 65 12 62 1 19 4 78 38 48 60 10 61 1 89 15 64 19 10 37 71 47 52 4 90 8 3 85 55 78 59 20 32 86 99 62 52 49 23 90 5 84 82 86 2 73 38 49 
30 88 79 37 85 70 91 12 78 79 64 70 14 87 22 52 2 96 2 28 28 8 49 49 28 31 72 95 11 50 99 86 76 73 12 63 99 13 14 90 81 45 66 73 3 97 60 6 63 34 
5 77 62 20 28 52 83 16 31 67 76 70 0 58 88 40 26 56 58 63 31 42 39 35 14 36 72 88 10 34 4 91 38 93 72 78 22 56 12 29 82 10 7 59 3 3 22 71 71 40 
14 41 44 98 1 94 76 76 28 56 62 26 19 75 28 45 99 34 82 60 26 47 50 68 32 80 65 69 60 26 85 40 91 28 49 30 74 1 84 67 64 2 44 77 59 8 67 3 70 79 
15 6 17 12 34 49 19 26 16 58 55 46 99 52 26 13 70 28 17 53 34 78 72 19 76 22 0 19 43 28 47 3 38 31 81 48 65 55 35 65 95 46 22 10 7 16 80 64 83 5 
60 87 31 26 47 65 20 5 65 41 18 43 2 46 12 6 13 16 36 14 46 21 7 98 92 57 66 45 44 22 48 36 60 40 92 22 4 13 84 22 33 64 23 4 0 50 48 48 3 7 
4 71 87 27 39 10 47 15 26 63 25 86 72 32 92 68 38 68 41 38 23 43 83 87 52 33 1 97 49 81 99 39 28 80 49 78 27 12 9 49 81 39 9 66 48 19 43 43 86 17 
54 72 26 38 31 43 81 83 48 20 85 59 1 54 31 38 94 47 71 13 79 75 95 66 17 35 24 1 90 59 78 95 5 48 24 98 21 0 53 71 29 35 40 60 21 16 5 49 24 17 
22 95 54 57 18 65 41 41 2 66 53 6 41 9 13 51 3 37 14 76 37 10 58 88 91 54 72 8 4 99 40 44 2 55 81 71 52 73 57 86 53 47 46 29 69 55 14 30 14 25 
87 82 24 36 65 94 40 56 33 39 25 42 72 89 24 67 70 45 28 42 5 55 36 59 53 98 62 53 78 34 13 93 65 98 97 70 28 85 75 8 29 90 12 96 72 53 11 92 12 17 
93 31 76 22 66 40 48 57 7 41 69 11 18 14 43 10 85 23 97 13 45 36 70 8 1 90 54 38 42 30 72 77 10 37 69 28 42 22 38 70 63 36 66 47 55 95 61 30 36 73 
97 59 46 52 49 11 79 46 66 75 49 9 98 68 11 67 18 44 19 24 40 25 22 40 86 34 87 82 5 80 99 91 70 71 92 96 89 94 55 57 51 50 28 72 3 88 35 74 2 92 
3 84 51 85 68 75 58 2 52 8 68 90 49 96 32 17 99 3 14 81 9 35 54 98 0 23 66 84 72 16 60 52 8 94 76 73 34 66 17 73 36 21 98 2 28 10 98 35 2 84 
62 62 7 69 5 12 71 72 36 52 79 57 2 29 69 63 87 80 9 95 85 6 11 82 89 14 70 96 31 68 24 34 3 4 11 95 61 12 80 83 77 73 56 82 30 29 89 97 41 19 
94 57 56 51 97 32 83 61 91 80 8 76 30 20 88 6 35 19 92 58 95 97 26 58 39 98 92 9 60 29 87 76 10 19 29 66 24 52 86 77 20 85 32 95 54 59 98 85 94 88 
65 6 82 22 83 74 96 46 46 95 33 27 32 14 17 68 96 68 65 84 41 35 93 39 29 34 51 14 19 1 84 76 29 0 76 13 78 57 75 65 7 39 35 56 77 2 70 23 62 96 
68 93 26 58 14 98 98 69 87 47 1 8 98 83 62 3 34 14 39 11 23 2 98 50 69 13 43 8 85 93 77 56 27 34 45 72 55 15 6 7 18 27 61 8 8 95 78 3 16 89 
1 70 84 9 59 93 56 19 7 34 97 8 71 98 44 76 98 91 98 76 9 57 36 81 20 38 96 60 88 10 97 80 65 42 9 28 68 12 14 24 52 92 1 21 90 33 6 38 16 34 
5 17 80 54 9 60 53 46 4 80 13 96 65 38 29 22 99 73 47 42 30 81 30 47 42 9 45 65 43 35 11 46 12 83 18 28 6 40 27 63 37 98 53 56 34 91 54 58 85 36 
60 97 50 26 29 50 71 67 69 12 49 57 81 25 48 8 85 78 76 64 23 23 50 97 32 6 72 90 53 18 41 91 39 60 91 93 30 72 6 21 25 15 52 6 43 54 25 9 51 61 
10 64 57 29 91 79 34 12 51 24 34 84 55 59 74 53 22 33 81 54 43 80 15 9 96 89 3 43 73 73 25 44 1 18 83 56 83 99 96 63 65 51 97 38 1 87 91 17 84 36 
18 12 47 30 82 48 94 7 84 86 22 84 68 69 93 34 23 99 45 54 54 26 7 65 13 77 16 93 57 28 24 2 4 47 89 82 58 12 75 86 3 92 72 42 30 10 35 63 52 49 
34 54 73 72 83 67 13 12 41 80 83 98 65 78 54 11 33 97 1 74 60 32 39 26 59 78 29 59 97 37 65 36 0 18 49 60 4 29 73 57 25 73 24 94 82 99 44 22 21 75 
31 31 14 99 57 16 78 47 4 43 71 90 94 47 41 63 5 99 27 3 29 49 8 37 41 10 78 64 41 46 6 44 21 14 68 96 10 3 50 89 82 75 74 67 43 77 19 33 6 6 
57 23 82 7 71 84 56 90 24 98 84 12 49 77 52 24 15 99 42 73 85 72 14 41 23 74 82 93 10 62 33 16 63 90 27 89 69 32 61 17 22 46 54 52 82 89 25 5 54 32 
8 96 27 6 84 1 17 36 61 69 26 36 84 18 5 96 69 64 16 24 62 17 83 55 70 33 58 40 85 87 52 82 55 78 35 85 34 17 64 15 96 25 4 55 74 57 16 24 3 33 
20 60 67 40 75 82 49 33 36 17 59 49 61 84 98 4 41 88 75 9 92 9 43 17 60 16 5 82 6 17 71 67 33 99 72 46 36 37 71 25 42 29 17 67 34 1 28 18 97 39 
38 84 55 32 0 39 99 74 11 4 92 28 57 30 87 20 75 37 18 80 7 21 29 40 61 49 68 84 54 71 75 42 30 74 83 76 77 44 14 79 64 69 52 74 42 41 47 28 53 92 
2 54 64 61 9 90 8 70 56 13 82 81 74 0 32 21 27 91 58 60 20 33 83 20 5 30 7 52 12 41 26 85 1 24 68 38 91 98 6 30 62 23 4 66 47 50 80 83 24 70 
20 53 74 31 27 59 0 19 26 13 82 64 69 29 22 19 78 34 37 18 17 61 16 60 42 56 46 2 79 86 73 94 69 85 44 8 81 58 55 38 69 34 70 7 62 45 80 75 51 8 
92 89 66 67 7 77 69 42 9 75 6 67 48 70 7 42 63 80 48 58 64 37 76 49 88 17 64 26 24 79 99 91 96 55 9 13 96 33 29 10 21 60 12 71 33 72 36 62 77 7 
41 75 24 13 50 55 36 81 16 51 68 2 72 44 20 59 17 73 36 71 74 19 55 50 26 12 8 31 27 26 55 3 78 87 12 45 33 32 93 13 66 10 53 35 67 40 22 82 85 30 
90 65 44 15 63 79 27 74 69 39 27 98 12 41 28 41 11 64 75 49 51 4 37 5 90 93 41 22 7 16 79 66 42 20 28 91 49 38 54 20 14 53 58 26 27 43 4 68 7 74 
48 44 14 87 39 94 96 74 14 91 86 41 71 82 83 94 57 19 76 93 42 13 8 76 1 84 90 91 67 75 81 37 64 37 34 35 69 73 18 13 70 44 7 44 37 67 27 33 2 32 
67 19 96 60 42 57 37 34 42 71 91 70 74 42 67 71 55 7 72 38 3 38 38 3 82 81 11 86 79 48 91 18 39 70 49 69 0 1 20 78 20 49 48 61 42 82 57 66 75 27 
30 21 35 94 40 40 93 96 14 8 73 42 79 23 16 64 12 34 9 75 12 92 76 58 50 71 30 29 65 97 52 14 86 12 35 16 63 90 50 88 72 94 59 36 3 59 28 27 99 10 
0 92 95 77 23 49 50 8 63 61 7 30 71 73 95 85 20 4 61 16 20 88 38 95 13 49 16 81 44 37 39 70 21 82 44 70 75 10 40 93 58 12 21 33 90 35 44 85 27 13 
41 5 6 56 6 0 64 30 48 10 25 18 88 57 64 53 23 37 78 58 1 45 85 9 56 47 39 98 95 41 38 92 18 79 32 6 62 8 5 19 3 49 39 95 30 43 57 94 11 81 
54 69 61 54 37 85 8 9 2 88 2 43 44 66 4 48 86 8 44 19 77 78 5 29 30 54 52 84 94 59 21 38 23 41 65 61 95 10 54 3 45 14 37 77 81 37 26 74 95 8 
