50
24 23 42 11 5 64 78 80 26 43 72 46 23 63 42 27 2 31 36 42 16 74 96 13 86 21 49 8 56 18 10 20 22 64 52 98 31 13 78 47 29 31 53 65 15 29 71 13 8 82 
90 33 25 40 11 96 85 13 44 74 87 61 5 86 6 3 95 5 8 62 43 57 22 12 79 16 32 8 4 41 96 83 8 30 60 74 70 28 98 36 20 94 42 19 27 97 10 17 59 76 
46 80 99 20 71 59 40 81 70 13 1 69 25 1 47 93 10 74 73 59 42 15 22 97 68 50 20 15 74 51 12 5 88 96 30 31 67 51 67 5 20 46 59 67 38 19 7 4 28 56 
38 60 27 66 83 89 76 48 12 68 56 15 17 54 93 82 97 26 40 22 65 73 22 87 47 9 9 29 60 43 10 62 89 36 67 3 26 58 84 10 96 62 3 82 68 50 9 49 40 59 
97 82 54 28 2 84 33 92 8 85 91 59 54 72 68 36 52 86 91 41 44 24 32 97 99 20 93 86 2 60 33 16 61 7 21 24 61 56 78 26 18 8 92 4 84 23 78 43 93 52 
92 1 2 63 3 65 24 86 6 1 95 83 20 94 87 8 31 52 30 13 97 96 71 73 69 5 82 32 53 23 83 41 88 51 28 53 26 13 1 21 27 46 24 61 86 84 8 80 34 82 
60 43 10 94 47 20 53 92 90 35 4 4 64 13 67 7 2 1 32 40 76 70 98 99 86 50 29 51 5 31 25 20 63 1 60 3 45 48 44 62 8 81 51 85 91 33 2 2 86 85 
40 83 14 25 13 24 66 65 65 23 66 48 39 7 11 49 9 48 75 45 82 6 18 76 88 79 42 83 37 55 35 6 69 52 71 64 71 31 2 56 61 71 38 33 69 32 17 95 12 61 
18 1 7 64 83 11 75 72 3 44 92 53 65 27 67 73 71 25 90 83 57 40 79 4 24 27 86 71 27 83 44 87 59 11 17 54 23 44 88 29 42 23 52 12 83 65 50 25 94 73 
42 63 31 58 61 92 99 6 99 68 35 90 45 42 2 42 73 97 71 94 58 20 35 47 48 11 37 56 16 22 33 62 9 31 78 90 64 79 57 30 58 58 21 67 82 72 73 79 88 48 
18 5 10 92 6 20 49 29 48 93 50 16 60 41 50 45 22 0 35 68 49 41 34 9 2 70 92 45 45 94 97 14 79 5 77 67 8 22 34 22 65 28 49 77 87 29 38 49 54 18 
18 16 68 72 41 85 40 9 94 51 49 87 72 0 25 64 66 56 77 43 60 36 27 60 49 51 20 32 49 39 28 36 6 23 78 68 62 74 70 12 18 4 62 10 7 68 82 37 9 95 
16 10 48 49 92 70 2 81 5 64 45 49 2 25 87 4 66 61 75 10 48 10 30 52 64 93 73 91 23 39 14 4 21 72 11 21 44 88 44 89 25 50 23 90 88 23 77 86 88 82 
46 62 54 86 16 39 23 86 58 14 86 71 78 53 23 51 51 73 66 15 9 28 60 4 47 49 42 45 46 69 26 96 67 45 78 15 33 10 18 61 20 82 7 3 42 19 1 96 97 85 
93 34 76 14 70 80 68 34 48 95 93 93 26 15 90 38 15 48 19 94 73 89 85 55 72 0 43 64 82 3 69 91 12 97 33 95 34 71 2 6 78 79 73 74 57 58 87 93 88 98 
96 53 59 18 8 98 83 44 77 88 81 98 34 13 63 11 88 61 51 65 91 32 51 43 81 7 66 26 23 54 41 78 32 92 77 41 15 8 68 53 40 56 24 7 58 60 1 2 39 28 
47 91 10 54 46 90 54 66 18 80 96 69 50 13 76 1 78 85 19 41 87 90 3 55 62 70 74 75 90 92 90 12 34 85 58 25 96 20 78 34 21 33 88 39 55 42 22 27 0 88 
55 61 82 2 15 44 82 83 59 93 46 24 86 36 44 27 14 78 75 77 95 26 39 96 10 76 37 90 79 64 68 63 22 56 87 44 64 56 60 78 27 70 25 10 56 30 39 62 55 33 
74 41 60 20 74 91 49 22 38 53 4 75 23 28 6 56 91 12 5 65 73 87 97 15 79 71 59 8 39 34 16 12 55 48 74 97 23 92 36 59 98 92 99 97 39 78 27 27 81 57 
72 33 15 56 3 30 12 46 34 91 82 2 68 49 98 91 25 32 21 27 31 38 53 60 58 47 91 85 55 50 89 2 38 42 90 42 51 52 3 83 64 99 33 22 95 48 77 78 75 5 
13 20 54 80 6 78 92 21 66 33 5 71 58 62 13 71 46 58 98 98 10 71 33 87 66 64 28 12 30 45 12 74 28 94 39 5 88 27 83 50 36 76 22 2 25 25 6 85 54 95 
48 84 55 57 4 54 21 97 44 33 86 55 92 63 8 59 18 6 49 53 66 52 92 32 44 50 46 92 80 21 9 83 17 53 89 77 44 95 1 92 85 87 30 43 54 78 86 64 17 67 
98 70 42 71 99 35 2 92 20 37 62 0 62 52 57 89 26 78 94 12 17 63 52 8 84 75 51 63 20 76 96 79 15 18 29 61 84 24 51 45 87 67 7 56 28 3 45 29 49 42 
36 11 57 32 17 92 60 73 3 97 55 34 81 44 0 45 80 65 97 24 39 18 17 62 19 92 35 70 22 25 98 7 15 31 5 21 31 21 69 37 10 57 45 97 5 42 99 80 42 99 
73 51 17 52 9 98 33 96 41 89 66 0 93 89 23 62 18 7 96 32 66 85 64 53 10 62 74 22 61 9 22 29 42 61 68 13 53 1 70 67 28 35 8 40 75 44 12 20 84 11 
15 12 49 98 57 47 23 26 35 24 59 80 20 16 60 88 12 17 46 28 19 99 29 6 83 43 59 53 45 62 3 45 8 3 64 25 18 80 79 63 95 57 59 96 97 29 4 82 79 76 
39 97 40 27 21 81 75 45 5 21 79 12 79 34 98 38 76 51 30 49 88 15 70 79 23 9 82 78 60 84 26 15 97 2 30 25 49 2 10 48 72 24 54 81 98 99 44 25 26 70 
90 32 89 10 99 88 99 30 39 78 40 33 8 11 2 52 90 10 70 14 4 37 60 11 11 71 7 18 27 20 4 99 5 17 60 13 54 65 99 39 55 86 74 82 43 63 83 26 75 46 
30 49 33 25 16 50 12 83 75 83 40 90 44 76 80 58 94 21 82 1 0 55 32 25 50 9 90 6 2 17 78 70 18 43 12 25 94 33 31 34 8 23 83 90 6 9 17 20 59 48 
63 45 1 71 2 89 27 28 11 37 2 51 44 29 60 89 97 99 39 47 50 65 78 97 81 21 25 13 34 34 28 41 89 15 21 6 58 29 62 20 16 7 0 18 93 77 57 47 89 13 
94 54 86 96 9 33 79 86 71 47 81 6 87 82 68 93 55 66 93 33 23 40 23 99 98 93 15 41 33 95 29 75 82 17 9 13 55 2 87 52 48 59 31 96 0 25 91 62 78 31 
49 10 54 40 59 58 12 23 39 94 48 91 85 60 72 46 12 21 15 14 73 50 86 84 4 45 62 50 36 7 81 68 83 67 33 24 69 72 40 10 62 65 85 33 60 82 7 41 16 65 
20 35 91 27 94 16 33 87 69 90 51 59 4 43 37 93 18 12 68 75 33 0 34 98 31 73 81 92 36 24 13 93 45 41 44 77 75 7 57 10 38 50 12 68 6 53 42 79 6 38 
11 23 49 94 78 75 22 84 8 99 33 91 9 86 69 91 17 48 50 77 13 43 68 0 54 68 50 34 28 70 77 92 67 66 62 35 64 22 87 80 42 59 72 33 99 63 7 55 31 22 
58 52 64 10 38 78 2 98 82 41 63 82 73 46 66 33 7 92 38 37 21 44 84 0 34 94 43 57 80 59 76 85 24 96 36 61 3 57 41 89 86 59 9 42 84 43 97 51 54 33 
38 59 33 48 29 93 33 61 44 49 24 54 25 69 36 75 29 83 62 76 28 53 63 17 63 50 35 56 23 48 94 43 40 13 35 43 1 89 44 7 14 23 42 59 95 35 68 2 32 97 
5 31 2 27 21 27 22 86 90 5 13 25 12 84 59 61 7 12 45 4 88 59 49 37 61 98 86 93 63 33 3 35 34 33 67 43 45 78 24 88 26 25 52 13 48 34 18 57 57 32 
55 74 90 36 99 61 91 61 92 9 55 63 10 31 51 22 1 80 17 16 12 3 16 23 34 25 13 27 81 80 9 94 82 44 23 88 14 26 9 50 88 80 63 80 70 4 27 67 29 44 
51 79 73 34 66 80 16 99 8 34 96 47 64 32 24 64 84 28 35 25 38 17 9 96 54 90 48 96 6 85 82 95 49 52 77 52 33 19 20 31 40 67 87 18 96 56 32 80 5 83 
4 4 10 49 41 67 96 67 88 63 59 99 91 85 59 47 54 8 21 29 5 19 92 99 4 82 5 44 87 3 87 0 44 4 5 76 47 12 1 54 58 41 30 75 3 61 98 49 53 43 
22 47 88 61 83 2 96 88 38 90 56 62 93 20 41 84 12 34 49 68 71 71 53 29 29 85 9 32 68 35 75 9 9 89 71 8 72 64 97 73 26 31 56 0 8 74 74 99 17 45 
33 99 52 97 81 75 10 88 77 33 59 15 75 41 98 51 15 64 17 93 80 98 1 3 29 71 17 29 69 51 90 89 50 69 95 23 29 69 38 83 99 32 13 21 62 36 72 0 11 80 
52 92 70 50 81 25 15 15 56 28 19 72 61 6 86 65 80 37 96 94 84 62 73 44 33 6 31 82 64 9 82 28 57 68 23 3 31 79 48 72 87 76 92 89 86 72 18 82 36 34 
46 65 96 17 22 22 74 94 64 97 2 20 94 23 74 53 38 36 38 91 27 36 56 15 0 24 39 14 18 91 73 66 77 56 38 38 86 83 27 23 75 98 69 75 9 3 92 17 68 29 
13 11 62 27 42 15 44 69 30 64 66 69 74 25 29 50 61 98 95 23 55 14 74 1 34 87 46 22 99 51 29 89 69 50 3 78 56 22 29 36 22 91 73 79 47 84 53 50 58 66 
43 88 30 99 50 81 40 87 88 78 97 63 75 78 30 54 89 76 21 77 31 97 72 35 87 3 32 72 69 64 27 1 42 10 98 35 15 43 91 52 59 28 88 43 31 26 78 43 59 90 
27 30 57 25 97 61 14 76 99 37 94 60 12 96 35 57 28 27 32 40 29 44 15 84 45 58 79 8 94 89 72 1 63 54 59 77 67 60 24 23 98 87 43 71 80 56 81 14 83 82 
41 51 84 87 2 40 4 23 63 34 97 76 86 62 11 34 67 29 89 51 90 58 84 16 25 22 20 59 18 94 33 42 89 34 3 38 30 4 66 62 94 47 5 30 49 68 22 27 62 43 
76 61 64 45 2 55 90 82 9 43 70 6 16 86 14 30 4 53 82 41 97 69 6 35 3 41 5 38 92 10 41 23 2 94 9 17 48 87 62 95 45 75 33 90 86 17 40 8 70 52 
9 51 63 12 34 94 61 62 23 17 24 36 96 97 77 3 68 83 2 85 43 0 93 67 79 27 33 93 51 15 21 15 7 23 21 51 16 29 12 50 50 63 85 11 60 5 26 64 42 37 
