50
73 20 49 10 37 56 84 42 49 34 5 44 71 66 7 95 9 6 61 44 54 81 43 45 0 48 35 60 75 38 75 52 80 90 35 95 7 63 86 62 41 32 91 64 79 51 12 69 35 76 
36 77 0 32 26 93 35 53 17 87 36 61 86 87 68 72 94 57 96 85 34 81 37 56 89 74 87 62 82 68 84 4 25 90 63 92 59 31 63 40 47 73 6 16 23 57 20 12 63 23 
59 46 4 74 22 7 9 14 8 72 17 98 28 6 3 94 85 22 96 3 16 97 73 78 4 45 32 4 34 62 2 22 34 89 18 17 58 80 24 32 95 37 82 0 98 26 58 33 22 90 
35 22 36 56 26 19 40 5 1 84 30 27 83 41 93 94 18 66 48 10 6 25 67 11 78 85 91 91 64 64 66 97 53 18 98 60 15 30 89 37 20 32 96 32 67 62 13 94 18 98 
54 25 5 59 61 7 81 85 91 12 89 31 20 97 14 33 2 53 71 34 64 59 26 73 23 9 21 17 28 35 94 30 94 75 55 7 51 4 61 74 33 44 19 13 27 42 29 92 43 34 
6 46 27 6 74 68 60 52 12 94 72 52 74 68 26 3 65 23 69 38 44 53 43 82 12 70 11 86 44 53 7 27 43 59 22 43 59 66 3 88 26 43 82 20 96 34 37 69 73 27 
32 59 33 10 14 28 16 35 43 78 39 48 55 59 27 35 60 13 64 78 14 87 2 37 3 26 47 42 89 72 81 76 86 76 6 58 90 97 22 10 22 73 76 32 20 89 48 40 86 37 
97 58 65 70 33 60 47 19 99 33 49 79 42 60 67 41 3 0 95 80 56 98 12 56 83 75 80 47 96 17 43 93 44 32 59 15 88 98 70 71 78 12 64 56 57 88 74 28 7 29 
25 51 50 9 98 52 24 68 12 38 92 33 49 92 25 41 76 34 24 38 8 64 63 39 81 80 83 43 66 62 14 86 24 34 3 90 79 85 34 83 79 38 8 59 62 1 46 83 42 43 
66 63 57 48 58 18 12 6 58 13 20 81 19 67 61 63 91 10 47 57 49 21 22 56 40 25 51 55 62 51 46 80 46 74 57 58 64 37 72 28 71 85 5 87 8 85 92 17 7 60 
32 80 51 79 88 27 34 94 32 98 90 45 18 53 0 32 32 0 47 48 25 96 72 71 46 12 38 78 12 43 86 12 41 78 69 81 58 74 87 77 52 33 84 24 76 72 25 19 3 10 
92 34 66 13 89 96 65 83 13 86 68 48 98 35 33 67 98 49 26 27 89 87 29 12 12 9 6 79 95 46 65 13 20 27 49 90 3 32 75 68 76 24 3 56 23 38 25 85 57 12 
98 46 16 77 47 25 51 89 83 77 69 44 6 25 30 33 41 34 62 80 19 12 36 79 76 43 45 66 47 91 34 17 88 68 68 44 60 73 19 42 40 27 62 54 99 9 36 52 99 12 
76 93 14 93 83 65 75 97 38 46 53 40 38 10 35 36 23 87 93 74 46 98 72 62 34 48 81 32 27 5 38 34 9 79 68 97 72 28 16 88 61 40 67 8 54 19 87 67 1 22 
78 26 29 58 94 38 8 28 83 34 12 44 29 72 13 48 47 83 79 86 1 91 36 44 43 4 4 78 32 17 68 14 66 27 90 76 10 40 53 4 54 26 66 61 20 94 45 79 25 80 
56 83 90 57 58 53 1 37 40 19 25 76 6 28 60 26 91 3 26 39 13 8 48 21 15 97 15 26 30 42 82 31 82 48 49 2 31 3 29 78 46 19 77 62 6 36 37 28 82 82 
4 70 8 94 56 6 38 14 59 77 83 61 98 92 92 17 7 3 51 92 66 6 96 76 88 3 79 64 94 71 26 37 78 37 59 45 76 90 89 13 60 21 26 63 39 29 82 83 11 38 
46 91 1 19 92 92 28 93 87 86 97 40 85 87 62 58 79 82 3 83 66 44 63 77 37 48 16 20 40 16 47 95 70 64 79 12 26 97 88 12 62 83 55 68 40 48 90 85 26 41 
63 6 31 93 64 57 84 84 69 8 11 80 11 60 70 16 61 49 6 51 20 14 1 20 76 51 56 18 70 58 92 97 77 98 36 30 57 45 33 72 5 48 54 9 71 23 46 47 65 67 
59 18 39 85 62 2 99 75 23 50 24 59 55 75 19 13 94 95 96 42 86 96 53 33 37 89 41 89 48 23 15 40 94 65 88 55 25 8 70 93 3 4 17 21 4 62 40 7 80 62 
10 48 29 14 47 5 39 99 61 49 58 41 55 83 12 50 26 75 14 23 74 5 92 60 50 7 3 76 28 43 8 17 39 47 22 2 15 31 9 85 42 23 7 53 60 43 40 43 19 64 
67 28 10 13 48 20 0 44 25 51 39 13 16 24 93 29 66 34 63 35 87 73 26 9 35 95 7 45 57 88 29 83 83 70 75 67 78 19 15 86 61 85 38 48 5 76 7 0 43 92 
38 38 42 69 31 42 60 9 73 39 87 83 30 38 78 53 29 89 29 33 87 67 99 99 77 40 32 89 82 93 21 37 63 75 3 31 37 28 50 37 33 64 94 72 84 99 35 36 14 76 
85 9 63 67 36 14 91 46 62 97 2 58 96 61 8 19 74 22 76 32 9 89 69 26 4 79 50 6 70 21 14 77 51 19 57 48 12 94 72 25 65 83 66 42 64 28 10 84 89 76 
95 89 64 50 97 77 87 23 60 88 13 61 22 73 38 68 74 28 2 26 28 84 44 65 52 72 9 63 33 94 23 1 45 22 4 25 59 76 39 42 32 61 34 80 87 74 13 84 95 83 
13 31 69 30 9 7 56 4 77 74 18 51 27 36 78 92 3 22 7 87 30 82 29 33 25 12 22 20 60 3 6 30 18 1 91 7 5 80 67 89 85 76 74 41 2 81 6 95 98 80 
23 81 34 99 64 32 70 8 48 79 45 98 60 34 84 99 99 26 64 64 49 53 76 59 49 73 31 39 18 51 16 23 60 80 95 8 26 28 58 67 4 6 68 71 92 21 12 11 21 23 
77 98 60 79 3 49 73 49 0 6 86 11 65 4 67 20 31 40 48 63 20 53 87 96 92 68 4 89 14 95 35 63 41 31 65 97 6 1 12 85 0 4 77 35 28 94 69 53 15 13 
45 15 9 58 3 99 69 85 46 31 65 72 66 22 68 22 25 6 37 81 23 1 50 72 81 26 26 12 50 52 45 50 75 78 63 15 35 69 19 28 96 17 46 84 9 19 65 66 55 84 
81 76 10 41 4 51 45 55 38 78 33 81 97 20 34 54 8 1 84 84 86 34 51 19 22 92 76 89 53 39 57 96 60 60 52 88 45 41 68 98 26 27 81 21 53 40 21 21 6 71 
96 6 20 63 90 61 38 35 4 23 95 30 46 36 21 9 88 43 32 2 15 61 23 42 87 41 83 67 25 3 16 21 26 94 34 52 83 33 69 93 63 51 91 95 62 48 12 68 76 53 
20 74 36 10 36 18 6 59 66 6 3 75 74 41 88 8 46 24 70 38 74 4 41 21 33 3 76 9 18 49 63 80 24 63 25 21 66 17 35 12 28 12 36 7 23 13 72 29 10 60 
58 69 70 49 14 44 59 80 46 39 68 86 17 72 16 95 97 94 87 90 29 24 71 92 78 72 91 80 46 58 98 7 35 83 85 50 25 8 1 58 82 9 31 14 2 62 73 73 83 91 
74 55 83 56 58 94 48 64 28 53 45 92 81 77 53 19 18 79 70 84 0 50 56 77 99 40 48 83 92 96 63 28 21 42 27 75 17 18 89 21 0 30 64 17 37 28 53 95 58 26 
46 26 8 55 51 79 13 62 33 23 74 66 0 28 83 59 9 60 74 94 87 28 58 4 22 19 64 56 95 0 18 83 18 18 56 58 14 54 36 15 15 5 78 75 7 54 16 3 31 69 
35 17 18 94 11 44 53 35 82 72 77 97 46 60 22 22 65 25 38 29 33 46 69 92 61 90 55 16 9 31 43 55 38 30 11 63 4 44 69 48 53 88 73 45 95 92 37 60 70 86 
60 36 74 97 51 48 13 31 67 17 53 1 82 59 8 76 32 18 13 61 51 5 93 8 95 47 14 60 75 50 48 65 23 90 89 14 49 4 39 83 97 49 76 14 95 10 54 17 46 28 
5 95 3 83 86 44 51 84 48 45 77 76 18 17 44 79 43 11 99 59 70 62 5 21 55 52 84 95 82 35 93 4 76 97 96 20 92 83 87 38 93 93 56 14 59 27 30 7 23 71 
2 12 98 5 85 10 56 74 72 98 58 54 82 75 88 93 54 52 16 53 17 68 63 38 18 55 76 1 24 91 43 10 88 24 9 15 50 42 61 83 78 2 78 37 43 94 69 4 75 79 
18 65 68 44 99 59 38 29 95 12 73 36 77 28 76 78 30 21 68 55 35 96 3 30 59 94 12 90 36 84 16 31 78 48 96 62 9 62 35 56 74 75 29 31 35 13 22 70 12 31 
81 23 69 20 50 95 34 74 60 32 29 5 79 90 16 84 25 40 46 63 14 95 37 88 20 3 94 64 61 79 6 75 93 36 52 17 7 83 61 3 3 41 41 25 6 58 60 41 84 33 
73 36 73 61 20 85 62 16 28 75 28 96 51 21 12 11 45 90 35 62 42 74 94 89 73 43 4 39 31 71 43 17 37 95 25 32 85 27 91 11 75 55 28 91 75 18 16 4 40 24 
85 48 21 82 32 22 10 26 66 89 66 99 48 40 16 8 95 72 15 57 9 35 35 67 40 39 67 13 71 38 1 46 59 9 74 54 74 57 32 15 20 63 2 62 20 31 59 54 68 72 
51 14 16 95 33 74 4 49 52 85 1 41 51 67 87 50 36 56 11 26 59 36 42 23 85 72 47 88 73 88 65 3 86 66 28 67 7 17 5 86 74 17 40 57 76 24 57 59 22 45 
78 36 35 64 81 57 76 6 40 77 86 64 1 8 56 24 70 25 56 63 1 48 19 52 92 58 96 43 85 23 49 76 57 48 88 82 91 29 82 70 35 74 77 58 34 32 8 64 46 27 
36 86 57 71 42 64 71 60 83 91 84 37 23 5 87 60 37 53 18 78 55 54 83 58 50 76 9 79 13 67 81 40 42 40 3 53 63 51 77 48 12 3 98 45 50 13 40 90 62 64 
71 52 5 41 5 15 34 7 22 95 55 74 32 9 16 40 42 96 18 42 55 80 32 39 95 90 39 8 23 96 14 64 45 65 72 59 65 39 13 51 32 37 69 73 65 83 85 18 68 3 
80 41 55 26 41 1 32 82 37 84 29 66 13 51 58 87 28 42 36 37 47 62 72 26 42 85 1 59 91 63 66 11 17 44 68 13 67 62 2 86 89 53 62 6 30 17 90 65 71 74 
76 82 97 16 3 18 46 45 53 64 41 91 79 59 0 19 29 55 87 27 35 32 35 3 3 83 43 69 13 48 86 92 6 47 42 76 51 14 51 77 95 69 41 67 22 50 53 97 77 76 
2 9 29 77 42 50 96 52 88 80 47 91 69 91 50 76 90 34 33 7 54 75 34 48 46 86 69 90 20 5 88 95 81 52 55 39 57 87 72 18 9 36 7 89 74 97 95 49 97 60 
