50
99 16 71 3 51 48 16 27 4 0 73 35 16 2 79 62 26 6 9 78 12 37 22 91 91 54 85 46 30 9 31 22 46 69 75 31 58 35 57 28 66 91 74 3 73 40 7 73 24 3 
50 78 21 82 49 65 23 50 67 21 7 45 83 6 76 17 9 42 67 18 60 11 99 55 72 83 68 94 80 34 12 74 69 80 54 55 57 54 24 12 57 82 6 3 63 16 18 92 15 72 
94 92 88 35 56 26 51 15 65 44 86 24 86 30 88 14 74 50 46 4 90 5 55 32 49 9 60 7 83 1 74 73 79 74 14 48 12 1 52 35 91 8 33 71 65 10 47 44 67 69 
92 90 55 85 51 40 15 17 8 57 48 79 27 63 57 88 24 3 52 31 28 48 24 62 0 84 82 7 61 95 8 66 80 48 34 57 14 51 27 72 21 61 58 18 39 15 19 27 10 54 
83 71 88 10 99 64 22 76 93 17 82 93 5 96 99 44 14 28 95 33 51 46 0 0 25 17 83 58 81 72 50 6 36 91 51 34 22 39 49 46 14 62 21 90 15 88 76 38 61 50 
98 31 10 60 30 41 24 15 91 40 12 77 41 8 49 22 8 71 20 46 33 74 1 26 38 8 62 80 6 36 46 59 66 89 24 2 62 16 82 84 75 49 79 36 79 15 63 88 28 88 
84 28 50 19 91 65 30 80 57 58 98 39 18 27 98 78 69 88 85 40 31 54 63 93 74 82 17 77 16 32 97 25 36 26 23 9 37 17 58 59 72 35 39 75 18 55 96 23 64 9 
23 90 15 92 35 23 55 30 31 20 54 12 60 43 68 76 69 10 60 30 63 12 96 18 14 87 61 71 21 36 67 40 42 17 93 52 0 21 43 12 16 57 73 8 18 31 73 31 11 7 
99 57 58 97 38 92 53 71 0 99 15 4 81 94 61 59 12 38 10 70 66 63 31 77 92 63 82 2 69 71 68 48 94 44 75 50 54 17 84 52 16 27 43 18 1 35 54 13 83 48 
6 61 92 7 59 67 75 38 81 20 7 2 24 92 11 74 58 83 32 49 79 67 96 66 35 62 28 62 53 57 34 83 9 58 20 10 64 26 9 32 44 42 48 82 32 26 12 76 28 98 
54 59 30 37 61 30 95 34 68 94 4 14 45 68 53 38 99 2 84 71 72 78 24 57 81 79 34 8 65 13 28 40 53 80 30 58 17 96 57 75 38 5 47 64 78 16 76 21 11 80 
95 44 36 59 50 78 76 60 94 18 32 1 92 45 45 15 79 98 83 38 46 0 50 96 32 97 13 59 10 64 29 3 72 21 33 57 93 38 2 41 84 71 17 61 89 68 5 11 95 13 
40 4 7 6 20 45 86 71 34 49 16 58 43 35 61 81 86 86 99 53 20 15 33 10 40 45 85 3 30 32 38 99 40 67 41 21 33 19 36 84 0 26 74 56 59 38 67 8 88 19 
17 53 43 26 89 85 33 96 83 32 86 81 46 59 59 56 41 67 16 68 71 78 59 34 60 39 18 64 57 31 70 67 77 8 43 90 68 15 69 39 33 21 83 86 61 70 76 44 90 5 
40 4 15 72 40 45 10 37 46 7 90 23 75 54 17 8 25 44 80 18 33 17 68 45 86 52 68 46 55 52 14 82 66 28 27 46 13 2 39 97 60 88 32 80 71 98 25 45 82 84 
10 58 79 9 46 79 99 49 34 43 98 99 16 91 46 74 95 18 65 90 18 31 45 37 57 12 22 34 62 84 83 96 47 84 21 49 96 3 60 18 64 47 62 66 65 23 98 14 27 7 
99 20 26 22 10 92 94 12 48 75 9 46 66 99 12 76 74 59 3 11 46 91 17 87 72 65 62 82 36 7 99 55 22 77 26 69 70 32 77 35 35 50 10 13 22 71 15 32 2 51 
7 50 51 92 26 67 53 9 56 16 55 51 2 36 44 81 96 79 19 41 71 6 84 20 63 38 27 54 93 60 5 63 93 84 92 8 10 91 43 90 77 47 10 5 52 9 91 87 7 55 
42 27 52 76 33 19 66 94 88 28 49 26 2 71 29 72 80 89 27 74 92 61 86 2 49 43 43 93 14 94 13 51 68 70 9 20 18 16 53 81 47 94 27 66 96 62 58 55 59 29 
82 12 25 62 67 53 81 62 21 65 53 75 42 75 1 30 68 91 55 95 72 68 2 82 43 51 30 56 95 44 99 80 4 40 70 78 56 42 37 30 90 17 49 8 66 88 29 78 69 81 
57 35 48 2 12 78 92 58 39 40 12 41 30 33 6 61 49 59 74 88 7 7 16 70 76 47 96 6 29 12 7 8 64 25 55 17 89 56 24 8 93 22 77 52 47 64 90 53 79 27 
70 26 87 14 59 65 99 23 45 10 90 99 1 71 22 89 59 84 18 28 99 12 84 22 87 3 45 74 62 48 51 49 6 81 25 65 97 92 19 79 68 3 42 4 84 96 38 53 37 91 
84 57 19 49 50 31 34 4 59 85 23 76 45 78 60 60 41 82 36 39 70 57 65 24 32 74 13 21 25 43 80 31 25 0 43 82 18 52 87 24 28 48 83 11 26 7 20 31 61 6 
7 7 79 42 23 76 10 94 21 54 31 45 0 66 33 37 38 37 90 49 59 29 54 90 19 41 60 73 43 67 53 40 56 32 88 75 44 94 86 6 20 22 16 12 82 73 21 24 50 71 
56 71 52 52 10 22 34 99 11 61 28 16 99 49 82 5 44 57 13 67 72 9 36 40 87 66 59 31 4 7 96 14 80 21 61 25 9 38 38 51 81 57 37 41 61 72 50 74 64 54 
46 23 68 66 62 35 25 40 86 64 57 81 21 74 67 15 7 84 35 26 40 65 35 93 9 27 6 56 17 90 92 29 97 39 56 47 72 40 80 54 41 97 64 94 64 9 21 54 23 9 
65 71 50 88 53 34 57 40 29 78 10 89 50 38 30 16 22 55 89 39 45 44 26 61 1 93 70 85 50 85 2 0 19 45 26 85 36 78 97 51 98 46 49 91 71 21 96 40 17 25 
10 49 5 6 67 93 76 28 29 24 96 97 80 6 27 64 67 30 63 10 61 76 43 93 11 23 66 78 2 0 77 14 61 12 91 35 90 90 33 6 51 22 32 69 25 75 2 34 63 86 
53 14 98 37 86 62 95 52 1 25 85 2 0 37 92 23 13 18 95 18 97 66 14 20 92 62 91 20 92 92 96 61 39 46 5 41 58 66 23 64 66 10 35 17 78 76 15 52 73 81 
99 28 11 8 62 82 0 29 28 20 5 95 44 42 28 26 11 34 54 64 80 16 6 88 66 22 7 23 36 91 59 70 6 98 13 39 13 66 89 89 89 14 41 45 49 22 97 96 89 23 
3 83 23 59 58 44 12 14 23 22 16 86 10 46 80 79 18 60 76 91 42 43 26 60 56 61 23 72 85 38 36 71 22 3 67 44 72 90 30 69 53 91 73 34 51 5 16 39 7 94 
97 26 40 60 78 85 22 74 19 58 87 11 3 68 52 37 5 20 70 87 72 27 50 11 95 74 87 38 71 35 84 8 84 89 86 8 50 2 88 65 34 67 95 78 70 17 82 78 22 99 
7 37 60 73 75 12 18 61 76 84 6 31 19 14 63 9 6 45 44 0 72 15 85 64 36 48 81 52 10 68 36 16 77 11 57 19 62 63 6 64 74 51 49 65 0 88 32 88 55 54 
65 91 41 93 53 69 66 41 49 15 43 31 51 55 95 60 49 1 40 52 91 64 94 29 59 40 5 24 32 58 55 8 98 41 87 26 70 90 11 65 72 24 65 26 45 46 3 73 72 78 
26 9 24 45 5 55 90 64 54 88 45 52 86 95 93 69 32 87 69 82 34 82 54 37 64 41 45 82 65 48 27 82 43 63 32 81 45 22 17 15 70 30 99 41 64 28 50 13 45 93 
86 66 66 62 76 18 78 35 46 85 87 56 4 76 80 81 59 6 76 51 13 93 86 57 38 2 94 29 20 62 21 97 92 43 6 47 80 54 72 30 78 63 37 23 69 9 69 21 80 8 
95 80 56 38 74 87 91 88 53 78 50 95 83 98 53 21 6 25 40 44 26 43 26 62 30 47 11 92 27 66 78 56 56 18 63 42 37 43 77 48 73 83 43 69 8 88 5 37 76 12 
97 77 46 87 60 0 68 42 71 1 77 61 8 60 96 37 39 7 91 17 44 19 48 51 97 69 16 80 93 66 33 7 79 60 22 80 7 0 38 61 13 78 42 92 37 44 98 17 22 5 
68 55 46 71 10 23 11 9 55 31 46 52 38 64 36 55 64 7 71 89 52 71 98 13 24 41 79 12 62 88 34 20 18 17 51 27 8 44 50 24 36 9 92 27 13 65 83 96 5 65 
19 34 33 21 83 47 9 95 5 79 79 48 72 11 59 33 21 51 29 51 5 94 9 65 0 59 71 71 53 94 44 34 73 63 24 78 22 79 3 37 75 39 34 20 43 29 97 5 50 55 
85 98 45 91 66 29 5 50 41 1 23 75 54 87 97 48 89 37 49 91 41 19 92 48 95 90 13 76 80 29 50 19 1 82 83 5 82 2 98 87 32 81 86 33 34 37 67 63 1 66 
76 76 53 10 66 67 19 6 70 85 83 90 14 34 12 43 22 66 31 52 36 18 91 50 12 72 27 2 32 80 87 34 55 96 19 10 62 35 31 52 68 48 19 33 82 86 52 25 11 48 
91 66 1 67 92 54 33 99 41 9 3 10 51 40 19 8 45 87 48 23 34 94 42 67 64 13 70 54 70 81 34 47 34 69 22 39 33 69 64 13 2 90 94 32 94 46 56 1 1 37 
58 42 77 28 8 83 42 16 70 37 4 71 16 11 44 97 62 4 13 60 7 62 2 20 6 62 39 4 32 32 31 45 30 99 75 92 19 57 70 70 21 14 13 47 65 83 70 80 28 3 
60 25 7 18 84 79 44 66 68 41 2 88 55 3 78 27 53 19 63 58 47 20 37 41 28 88 73 41 38 51 31 34 47 17 23 95 22 21 6 98 3 40 58 98 9 35 67 7 11 83 
22 47 18 72 20 20 23 16 2 89 72 76 86 34 99 3 44 67 24 98 90 18 43 93 91 84 12 7 86 78 19 46 70 53 58 17 87 57 56 95 33 28 42 81 18 38 52 23 35 12 
36 93 39 72 60 30 67 32 16 22 43 45 81 58 36 49 33 42 54 85 37 95 28 0 44 69 71 95 35 96 2 73 39 40 16 74 33 32 20 30 81 97 93 52 20 57 81 99 69 80 
70 87 16 33 20 94 56 95 56 49 17 95 34 29 64 18 94 57 21 41 83 95 84 43 82 68 97 7 86 84 88 98 85 64 48 41 26 81 97 50 24 54 2 76 5 62 15 69 25 99 
47 92 55 1 92 21 2 89 34 70 57 15 76 56 62 82 9 51 23 10 68 18 28 67 37 66 10 71 42 64 75 64 56 13 33 89 47 71 59 23 37 88 97 33 36 81 94 61 88 46 
25 17 37 96 16 72 11 58 92 30 34 61 8 88 95 85 36 66 71 37 99 69 29 30 96 52 89 11 96 69 15 94 1 27 45 32 67 4 67 48 12 66 66 1 80 35 10 33 17 23 
