50
95 6 51 86 91 56 31 78 69 85 32 10 58 44 69 34 36 29 72 58 6 52 10 47 47 14 56 24 97 4 9 34 92 84 98 37 24 74 50 66 44 99 68 92 72 53 5 61 73 86 
75 50 29 78 62 96 99 13 80 77 76 64 20 92 31 21 24 20 15 28 77 5 62 54 38 18 19 84 38 90 66 22 34 38 23 72 62 54 26 62 26 55 75 77 37 54 49 7 39 10 
65 67 20 58 82 38 23 66 20 60 81 68 14 79 97 12 23 35 63 4 52 30 7 30 27 62 11 69 15 61 9 91 16 96 84 18 94 73 18 86 19 78 92 22 9 81 27 19 0 36 
68 98 65 45 74 7 16 66 37 49 4 52 39 68 53 97 21 40 68 63 63 47 6 18 53 34 26 56 89 89 56 51 13 35 76 4 26 72 19 39 19 93 21 83 38 93 97 54 19 37 
33 81 92 5 12 76 8 9 1 22 68 4 12 18 85 62 49 9 93 46 27 33 58 31 96 51 69 42 24 22 12 50 17 20 63 14 59 14 34 4 85 14 10 94 1 97 14 33 36 43 
87 59 36 19 82 53 58 17 46 13 38 52 83 70 4 69 92 28 60 33 69 50 64 67 42 57 53 98 53 15 73 61 86 60 86 11 21 45 75 59 63 41 19 89 9 5 63 74 88 70 
27 88 4 31 84 56 66 75 54 62 96 39 82 93 38 26 22 8 80 94 36 13 47 4 75 44 60 27 16 72 22 84 70 90 71 25 56 76 41 30 30 54 94 36 59 56 43 0 17 67 
40 37 53 52 89 72 30 0 59 79 83 32 72 40 12 68 72 92 48 48 34 42 47 76 55 23 0 74 95 43 25 94 62 76 28 46 45 48 45 32 8 98 14 68 57 18 74 73 42 96 
80 96 15 6 62 57 85 99 55 16 75 73 69 25 93 5 0 76 64 49 44 30 14 53 24 78 37 75 6 97 4 16 67 13 53 13 94 3 39 34 35 65 60 92 90 34 26 16 14 41 
4 87 18 60 53 65 60 94 27 39 22 48 28 27 36 94 88 18 38 70 17 49 92 92 3 40 32 15 7 88 94 67 43 8 49 35 77 88 35 4 13 43 59 36 62 34 11 92 63 60 
77 8 19 80 82 57 67 76 22 14 96 16 52 94 29 72 94 6 43 66 73 92 89 80 29 68 91 25 66 31 82 31 66 11 61 39 83 41 56 31 25 66 62 40 31 61 2 18 70 38 
9 85 92 21 67 76 69 35 95 59 3 93 76 63 81 31 9 78 4 97 93 5 84 84 57 98 55 17 12 75 56 55 13 49 73 71 84 55 82 20 71 5 44 36 83 77 87 60 72 95 
5 61 9 15 5 42 63 10 31 44 17 60 81 93 40 35 32 8 11 66 14 85 7 80 12 41 12 46 31 4 45 90 74 30 64 19 64 8 64 88 22 81 82 12 74 77 36 30 7 72 
80 46 14 12 89 59 63 21 63 60 28 12 7 96 77 61 76 39 75 79 38 38 79 47 17 19 52 23 36 67 86 55 38 11 25 52 0 30 59 3 58 44 21 5 95 39 74 66 48 66 
53 10 37 94 47 26 97 40 24 65 31 40 97 39 2 71 77 30 78 72 23 35 4 1 23 47 83 93 30 10 59 16 94 1 34 39 28 2 42 17 93 87 61 98 92 39 16 63 63 83 
62 88 58 16 4 62 91 47 92 85 33 7 25 6 49 41 5 82 75 59 26 21 84 30 27 49 57 17 37 15 15 46 91 99 18 8 61 95 5 34 81 81 83 64 33 62 80 66 86 99 
21 38 99 54 2 63 40 97 31 59 30 65 73 21 5 81 66 54 39 73 31 66 91 96 85 81 2 65 87 96 83 11 61 48 5 61 2 82 84 95 87 78 73 17 17 37 20 79 92 1 
19 56 78 14 74 85 38 76 76 35 10 81 82 65 35 53 43 75 75 59 8 96 56 45 99 0 48 3 66 73 18 98 72 48 9 35 99 79 49 36 6 94 59 71 91 10 91 11 97 10 
3 79 19 67 27 97 79 9 22 41 54 93 45 11 74 36 99 38 25 41 9 62 12 15 12 68 62 67 24 0 27 38 88 37 89 32 48 71 69 5 8 86 15 52 39 84 67 54 26 16 
23 20 26 10 11 74 12 47 70 43 56 5 16 42 16 42 10 26 50 28 80 68 17 94 29 49 27 53 39 21 64 81 91 91 43 64 89 42 85 15 55 21 3 54 75 42 29 40 40 37 
44 8 76 18 54 68 15 29 1 89 53 55 77 50 26 48 63 9 63 86 37 52 6 39 64 48 0 65 17 47 9 94 37 81 53 0 94 78 18 30 6 33 17 54 55 11 45 8 88 61 
19 18 28 13 9 14 98 73 51 89 39 9 51 21 54 10 92 98 10 50 82 69 96 2 14 70 19 40 36 54 75 65 54 36 23 29 47 95 93 42 36 45 99 66 43 46 74 43 81 37 
25 53 47 58 18 37 21 57 77 34 33 46 74 58 25 15 63 87 57 15 43 8 72 50 32 72 42 19 40 62 66 63 93 94 45 16 15 72 53 12 89 65 33 85 45 86 88 35 87 75 
71 62 21 49 82 54 28 6 81 94 72 77 89 2 49 91 70 50 23 61 83 23 10 82 53 47 44 73 54 84 35 18 36 40 32 4 57 25 88 66 33 12 18 91 61 89 41 17 9 59 
38 75 45 57 5 89 97 14 23 32 12 0 85 57 11 13 2 49 91 39 29 45 5 17 22 14 9 31 86 33 73 96 81 29 19 99 11 63 2 1 2 89 18 4 5 48 17 81 20 18 
37 34 63 83 66 69 57 44 42 24 11 45 81 98 3 94 13 70 51 70 16 25 68 37 16 20 55 97 21 53 98 74 0 65 7 5 72 95 52 60 72 78 20 79 1 33 98 82 27 46 
66 76 6 53 96 52 67 92 92 27 24 12 38 73 24 27 3 99 80 1 64 86 24 16 39 59 81 75 45 53 37 59 0 76 3 98 48 16 35 64 15 60 25 31 10 47 11 98 65 68 
23 66 76 69 24 77 38 41 81 65 83 29 92 21 52 34 5 88 5 27 22 6 35 32 76 58 18 22 17 38 72 42 78 15 88 70 4 43 23 26 80 32 70 62 13 46 18 43 1 5 
36 30 56 24 94 53 99 46 10 14 2 52 46 98 38 1 99 85 53 56 16 56 68 94 95 46 35 84 60 65 61 84 17 49 63 59 6 92 25 32 95 47 40 31 17 29 7 65 31 43 
95 95 96 64 88 22 35 84 98 28 27 73 65 55 30 67 34 70 39 47 52 30 6 15 1 11 94 38 3 15 2 67 38 0 16 11 14 70 90 19 52 87 19 39 86 97 46 88 74 83 
12 62 21 25 49 93 55 46 31 38 30 9 97 90 89 14 30 24 29 16 32 71 88 55 51 85 87 7 34 46 88 14 2 49 51 65 11 12 80 78 56 37 55 61 62 20 8 52 15 80 
80 51 30 17 41 56 50 49 94 26 32 7 41 85 99 13 63 8 48 83 44 17 67 13 14 7 76 36 24 32 53 47 54 56 60 93 11 60 18 55 97 45 31 4 53 98 43 33 2 41 
25 94 41 32 38 8 70 48 80 29 52 94 74 21 50 54 25 57 60 65 78 69 15 59 82 82 48 97 32 25 24 71 34 65 69 33 25 9 42 45 39 96 68 62 18 84 42 91 2 89 
14 73 84 90 48 4 74 60 75 58 51 89 26 15 24 50 60 39 54 63 51 11 74 44 12 10 56 26 28 27 57 1 46 6 23 18 31 90 84 20 33 23 34 41 36 71 4 62 1 39 
33 0 21 87 38 41 34 93 90 15 38 92 12 3 45 82 2 76 60 41 65 25 27 53 36 57 89 56 86 6 44 63 11 39 16 84 55 68 37 96 21 9 55 49 26 57 19 85 80 86 
64 77 58 15 48 53 89 3 99 34 29 39 18 72 62 9 32 78 60 93 92 2 88 94 3 36 77 28 16 43 6 37 27 75 83 92 37 70 50 90 43 18 1 88 20 46 80 17 91 65 
53 34 87 93 19 53 51 57 89 51 90 60 6 88 6 73 31 98 80 23 96 35 7 49 78 55 91 47 60 58 25 19 98 66 83 16 71 78 37 63 46 96 36 45 67 35 68 87 50 21 
97 42 46 86 15 11 26 77 87 63 97 45 47 2 25 14 43 4 26 80 83 14 29 6 54 69 55 77 97 30 49 90 15 40 24 80 67 11 34 78 67 89 52 91 43 34 0 47 78 91 
96 79 27 38 42 0 56 47 80 6 59 2 21 98 46 83 20 28 87 71 18 61 95 36 81 50 31 87 20 65 61 94 99 12 53 98 87 1 96 52 82 33 95 9 19 90 66 12 90 32 
78 77 11 99 86 82 66 77 13 11 86 65 45 11 16 18 5 81 77 34 51 48 27 63 76 38 58 35 92 64 78 21 77 8 79 65 31 62 32 75 52 30 48 23 37 44 96 96 94 45 
81 13 28 35 5 33 35 31 20 47 92 29 17 29 87 95 49 0 68 11 29 10 8 81 93 5 15 99 79 67 77 10 63 33 37 3 35 82 70 10 45 88 52 28 68 97 58 58 45 55 
58 55 22 23 61 74 61 90 91 89 27 13 76 42 59 92 47 62 97 39 88 68 90 19 98 53 32 21 7 21 44 44 74 90 2 48 35 1 84 83 40 58 61 54 94 54 4 97 22 94 
47 57 26 76 37 4 77 1 16 49 19 21 51 3 79 21 96 69 49 84 30 57 62 92 6 89 37 23 55 3 75 93 21 39 99 51 36 86 94 8 48 83 28 48 24 92 47 6 37 49 
87 75 55 85 26 1 82 15 59 0 87 63 85 56 54 97 84 60 63 77 48 79 97 29 59 91 99 16 3 33 14 90 27 56 21 35 90 42 51 89 56 87 47 75 43 89 71 26 26 58 
90 5 85 62 10 72 16 92 80 49 47 79 38 74 72 60 43 31 19 53 12 81 13 99 73 73 2 9 17 54 87 30 2 35 46 99 33 34 37 23 92 51 90 53 15 30 47 51 79 40 
79 97 56 47 64 58 85 3 80 9 72 2 26 42 18 90 71 71 25 37 35 65 13 51 40 90 54 40 57 93 11 91 90 43 34 56 47 54 91 20 58 73 68 53 11 26 42 50 24 76 
47 99 69 40 3 81 62 86 56 74 78 61 17 70 53 54 3 19 92 75 58 71 29 93 8 65 21 33 13 4 61 69 6 87 16 67 18 74 48 3 63 96 61 15 90 9 95 5 15 25 
92 30 40 46 48 99 52 3 5 49 25 32 21 57 83 63 82 90 16 10 89 65 31 45 6 96 38 0 62 25 46 13 22 8 0 88 51 71 59 4 31 35 50 41 71 30 11 13 47 96 
22 14 35 92 88 19 39 22 70 82 96 68 42 46 86 60 71 80 25 87 31 31 65 8 55 16 14 57 92 33 36 8 73 30 21 12 9 45 35 18 69 57 45 61 89 98 98 56 94 70 
58 53 92 48 81 6 25 52 67 57 92 5 68 29 55 4 72 15 88 80 71 72 29 92 62 61 97 80 84 41 2 26 33 5 68 13 26 28 20 59 60 6 86 33 99 15 22 23 73 67 
