50
80 56 78 51 21 1 6 89 82 25 72 39 40 11 74 3 93 61 38 53 30 46 7 89 95 70 21 81 31 29 31 38 69 29 20 32 39 17 78 12 0 1 52 71 81 68 61 83 11 68 
90 89 52 57 57 91 31 96 97 6 93 16 21 70 20 23 12 7 27 30 88 16 17 49 92 26 2 90 90 50 44 24 54 76 91 31 79 74 43 85 58 90 76 52 14 38 51 95 19 10 
24 10 47 73 47 84 19 57 20 91 66 26 9 2 42 93 91 42 52 14 87 68 29 31 43 17 58 82 27 1 32 99 23 68 30 24 59 41 2 57 45 31 1 14 20 80 75 5 89 26 
3 35 4 18 50 24 41 85 56 61 95 99 34 23 91 67 56 35 19 99 71 81 75 59 41 72 44 39 63 31 49 75 8 51 85 75 5 66 1 44 24 15 7 29 23 66 92 23 92 20 
83 67 19 57 18 56 42 53 65 23 23 28 88 61 16 83 92 18 20 52 46 77 19 53 39 54 24 89 84 19 15 37 58 82 86 49 22 32 84 25 29 44 39 86 28 6 71 44 9 29 
89 39 55 51 40 3 73 0 67 59 40 25 86 23 56 64 36 36 70 87 43 76 44 92 44 54 56 56 95 53 27 70 68 34 64 30 39 89 53 24 22 15 30 72 14 24 51 85 78 18 
21 15 16 45 63 42 41 29 36 43 5 72 67 14 25 89 54 30 77 59 47 62 54 46 10 89 57 27 88 32 70 33 35 41 77 74 29 24 45 11 81 27 20 37 97 73 28 20 18 12 
53 57 97 37 2 75 19 79 73 86 64 76 49 5 24 37 0 82 59 74 41 37 30 26 70 27 6 31 99 10 75 34 1 86 54 78 64 50 17 80 85 78 15 3 22 80 64 46 80 80 
17 1 46 55 66 17 79 56 28 49 88 35 93 33 38 10 77 7 99 31 3 16 21 45 24 51 71 13 76 50 40 90 6 7 46 97 46 70 7 72 55 32 4 58 12 27 19 57 44 4 
7 19 28 39 98 24 1 87 63 55 11 93 74 47 78 1 60 52 21 74 13 63 82 8 88 17 16 5 31 35 26 67 55 15 37 83 48 96 50 99 4 0 9 48 18 45 35 69 29 29 
20 84 48 74 16 59 57 92 9 71 17 92 39 72 92 12 97 85 44 83 83 41 7 92 69 16 11 14 58 81 37 94 14 64 47 9 29 0 43 7 41 77 77 93 20 18 94 20 40 62 
60 88 71 94 6 77 75 34 49 92 77 57 34 69 55 78 29 73 25 58 97 92 78 9 40 22 76 55 34 71 20 23 54 80 57 8 18 92 0 74 0 0 92 88 42 16 60 70 17 45 
27 11 95 94 26 88 43 18 99 60 42 43 13 4 53 23 87 5 4 48 83 92 4 29 48 38 26 29 6 87 66 44 44 8 58 32 99 17 74 0 91 5 40 33 33 5 82 17 59 64 
85 82 61 21 63 30 72 98 57 67 96 43 42 87 88 22 83 68 26 60 48 13 95 73 41 50 12 25 92 65 38 60 96 45 89 58 88 50 56 96 6 90 70 27 36 93 13 84 35 65 
36 77 39 12 89 17 97 43 11 58 30 21 78 96 85 73 44 2 72 3 53 17 61 92 29 70 0 73 21 20 41 34 18 66 16 69 36 34 25 11 6 28 56 96 33 37 47 63 8 56 
44 91 85 77 41 72 49 63 31 86 32 87 8 89 17 40 93 71 90 97 71 28 82 45 58 0 48 20 96 48 29 66 19 43 40 61 46 63 51 68 63 68 7 12 0 17 54 2 38 55 
13 12 37 32 8 42 37 15 24 3 7 2 90 14 59 69 75 72 14 55 73 7 83 20 89 14 29 29 17 71 74 41 93 64 7 70 92 67 86 78 32 88 21 6 67 64 80 32 24 98 
61 89 5 99 25 11 90 84 21 0 38 37 87 54 69 23 88 66 42 69 44 64 84 48 97 49 33 74 3 67 96 47 3 44 50 50 60 55 54 70 33 37 77 66 56 85 13 82 85 65 
10 7 19 26 51 75 31 76 66 25 7 89 37 38 84 4 23 94 36 51 23 35 11 5 10 75 3 14 20 2 43 45 61 35 81 44 18 5 15 82 72 94 21 80 65 54 30 83 80 29 
56 10 39 75 92 80 76 97 47 88 68 19 47 48 57 13 3 13 6 62 83 67 71 42 79 64 4 47 92 31 15 68 46 93 14 36 32 89 83 96 23 20 36 56 74 56 6 97 52 28 
38 0 79 92 89 35 57 95 6 56 22 39 6 94 68 3 35 55 66 98 43 47 33 37 49 11 38 8 62 89 54 68 4 3 11 6 0 66 68 67 55 44 96 18 39 70 94 45 48 31 
25 87 49 65 6 86 22 53 89 19 49 23 3 28 19 8 85 82 29 28 73 45 45 24 25 27 3 17 55 49 36 99 56 75 27 57 90 7 35 76 46 61 96 18 23 23 81 93 74 26 
25 82 99 39 42 98 97 43 21 62 83 88 36 1 91 77 61 3 80 81 3 1 63 50 13 72 14 48 76 27 66 81 68 68 52 57 87 82 85 57 55 66 81 50 40 41 92 4 18 33 
32 20 77 70 99 51 19 14 80 48 85 39 99 77 42 6 68 59 10 48 14 14 28 99 3 51 11 62 26 37 96 16 47 50 27 19 21 9 75 88 12 55 83 8 86 47 53 22 15 90 
9 79 46 45 54 58 28 54 14 34 43 38 77 14 95 55 13 19 90 84 85 33 62 10 59 9 6 95 7 30 12 76 55 78 83 72 9 37 36 80 84 6 34 47 64 85 44 44 50 36 
52 52 7 65 7 73 26 30 70 72 57 14 4 61 58 31 34 29 37 47 56 7 14 43 60 62 14 4 76 7 58 11 96 51 94 22 35 93 25 19 48 19 90 62 47 73 22 76 70 24 
18 9 92 57 34 24 14 73 13 7 53 3 6 7 20 83 70 76 5 31 62 32 37 20 25 77 58 16 33 60 89 60 86 57 65 98 31 72 15 93 74 95 18 1 62 96 14 55 22 2 
46 83 34 99 77 10 73 6 61 36 81 0 97 30 86 38 65 82 26 64 5 20 23 56 86 9 86 25 44 54 99 85 61 24 98 5 89 81 18 60 89 69 95 34 79 55 15 14 66 21 
83 16 74 34 13 39 72 42 77 50 39 31 94 33 58 55 62 70 62 39 18 65 55 18 94 36 88 26 58 66 81 75 39 15 41 64 63 91 83 92 92 95 30 18 80 72 4 4 40 94 
18 82 89 44 75 51 90 51 28 53 46 54 24 62 18 31 48 75 80 25 84 74 74 56 5 59 3 14 67 37 46 75 45 26 69 80 79 11 51 53 47 84 36 11 6 51 87 31 28 39 
33 95 20 92 47 19 90 83 0 64 78 35 19 91 60 6 69 89 73 13 27 70 35 51 4 49 75 5 90 45 70 62 70 93 0 73 33 76 9 82 20 96 55 24 48 0 6 32 7 85 
38 45 20 3 7 35 87 89 56 67 15 81 12 90 84 22 14 10 34 66 45 42 18 69 36 32 58 83 38 36 66 83 1 61 51 0 34 45 99 57 47 89 43 79 27 73 74 39 68 83 
99 17 17 48 97 61 62 50 28 82 77 67 62 36 58 19 20 3 29 22 4 34 79 17 30 7 18 38 6 36 13 65 65 12 98 64 71 78 96 31 81 67 28 34 66 21 17 56 39 61 
51 21 2 85 67 15 95 10 59 37 96 94 8 34 23 19 2 90 31 89 97 47 8 93 95 82 93 44 20 16 6 9 60 56 43 88 26 11 63 25 17 63 40 85 31 24 7 48 78 97 
51 7 5 67 67 70 17 51 19 98 18 12 78 75 74 75 97 28 58 97 86 2 48 65 85 80 78 31 47 51 26 3 4 57 8 63 86 56 69 24 40 86 85 87 82 51 76 41 8 50 
71 79 11 35 28 99 5 19 83 69 21 12 91 94 73 18 22 0 88 30 73 23 81 9 48 54 31 66 88 94 0 2 65 50 6 41 23 4 72 28 99 95 46 51 32 71 78 83 70 14 
88 52 21 48 41 88 89 86 74 64 68 65 73 82 74 14 6 35 33 20 22 18 32 87 13 66 18 86 57 61 25 63 1 39 37 76 33 8 23 33 47 10 72 70 85 31 69 4 13 79 
18 28 27 91 26 50 24 85 38 73 7 41 27 71 56 67 80 13 39 24 49 2 31 71 49 50 13 91 97 50 22 96 69 86 42 62 61 74 55 36 75 94 29 81 52 26 19 57 56 25 
12 91 77 11 11 63 7 32 3 44 57 75 10 96 71 15 10 94 90 69 64 6 52 40 59 92 22 26 4 14 14 72 86 9 90 80 91 90 44 86 18 30 27 94 2 58 50 36 71 30 
32 16 52 25 38 61 64 80 26 47 5 75 20 85 74 79 28 22 81 72 40 19 63 24 14 43 97 78 20 78 60 41 28 6 33 94 92 63 16 37 9 60 31 62 33 48 53 99 72 34 
55 17 96 4 59 84 39 15 44 54 85 92 60 54 79 81 49 6 17 34 5 66 49 14 62 13 1 63 71 50 33 87 18 75 69 94 14 97 55 71 38 27 35 9 85 19 91 98 92 3 
55 67 89 81 77 0 81 25 14 38 59 72 70 63 42 15 31 23 42 79 53 53 61 78 15 37 57 26 3 17 94 88 74 35 51 46 0 51 28 15 99 84 77 70 26 6 45 36 65 4 
28 59 65 91 83 27 20 44 54 40 10 89 19 27 29 33 27 84 74 47 9 60 49 24 51 91 8 4 43 55 78 61 62 95 43 16 22 19 58 36 56 79 4 18 12 43 89 61 77 5 
28 46 69 99 9 42 74 70 72 8 74 19 3 45 18 34 83 49 99 74 73 12 47 53 95 11 65 2 42 55 54 63 58 46 61 79 52 36 24 89 71 99 16 63 36 49 23 14 51 69 
8 48 50 12 86 31 76 46 61 13 6 91 89 57 26 71 27 4 92 45 92 85 18 32 0 9 19 84 41 1 58 11 81 56 76 41 76 25 28 37 17 33 3 64 96 64 58 34 50 63 
79 17 13 37 46 43 68 68 97 75 41 82 42 54 9 15 58 79 62 73 32 59 94 74 10 50 79 8 6 99 17 95 7 40 42 62 36 12 67 14 90 65 9 78 55 50 13 43 57 83 
67 78 66 35 99 33 51 25 48 19 97 90 73 9 54 35 22 64 30 1 27 33 15 7 7 30 50 6 97 64 48 36 89 54 4 77 53 37 4 35 37 36 33 52 25 41 37 74 0 99 
11 91 94 76 42 56 7 60 65 73 67 26 77 38 86 28 67 21 5 74 33 48 44 7 95 22 21 98 65 78 89 34 34 85 32 50 97 27 32 77 30 10 77 70 81 98 63 37 6 18 
40 13 79 27 36 86 49 76 99 93 73 60 41 39 66 67 65 99 17 29 24 72 3 47 93 39 70 76 45 48 33 37 36 35 41 17 39 89 35 45 29 44 36 93 17 36 60 36 49 65 
55 57 1 41 48 34 40 66 83 44 57 95 27 19 71 93 21 10 14 15 23 72 80 94 88 32 62 5 92 88 59 68 48 89 5 64 33 21 43 56 63 98 69 25 51 34 23 98 73 81 
