50
72 11 73 99 40 28 70 30 5 38 49 22 67 77 94 92 45 50 23 24 24 15 66 6 34 8 52 97 2 23 79 38 44 90 72 59 95 68 49 70 81 32 60 64 24 55 21 54 68 86 
81 15 91 5 47 23 6 70 74 35 75 82 27 74 62 88 93 53 35 38 47 64 30 9 67 98 59 36 43 90 63 67 12 98 29 64 69 56 10 6 40 69 88 59 61 60 30 44 18 48 
82 11 38 79 43 22 62 58 66 45 36 64 35 4 48 4 81 47 11 11 61 12 26 89 25 74 39 94 32 35 23 53 57 38 85 28 24 80 16 26 71 16 29 68 68 78 80 41 23 27 
57 81 33 60 65 46 12 9 29 64 52 79 99 19 30 60 50 39 90 56 36 22 11 93 10 50 96 40 2 63 38 51 28 53 34 43 4 91 34 16 23 78 30 90 0 1 43 88 53 2 
22 72 22 20 19 63 82 28 96 40 14 79 11 7 74 69 91 38 87 0 10 54 41 37 81 15 90 25 17 68 35 89 24 16 33 73 7 78 28 53 56 96 60 41 17 12 88 12 38 43 
62 61 2 55 95 16 80 94 22 52 70 21 19 33 91 53 94 56 65 19 79 54 69 61 13 48 20 62 76 38 26 99 95 50 84 17 31 97 94 29 57 27 57 91 47 77 63 27 50 57 
45 42 12 39 92 27 93 65 85 78 96 21 8 45 31 29 33 29 31 4 96 63 32 38 53 34 58 35 15 58 84 62 26 83 70 1 29 36 82 49 47 65 92 56 32 48 46 15 3 43 
62 80 84 73 30 63 42 19 78 19 32 67 91 62 39 77 99 92 7 54 5 63 32 58 89 40 49 63 16 49 78 65 19 14 36 14 25 91 7 66 43 2 33 24 77 36 17 42 9 46 
17 21 54 4 67 85 8 81 57 63 50 22 44 1 77 85 61 76 54 62 71 30 85 29 59 37 86 91 99 26 61 64 8 79 15 7 84 89 88 36 9 94 12 0 64 88 79 1 71 9 
8 9 50 82 41 98 36 36 37 49 40 54 4 31 91 36 11 51 74 49 66 72 23 34 98 46 15 71 7 79 0 77 93 33 71 90 41 98 50 30 1 79 26 78 4 98 39 70 45 42 
66 57 59 1 56 38 65 83 9 89 47 86 84 80 66 72 69 33 6 64 36 79 33 28 41 9 79 68 66 75 46 56 87 30 79 7 17 72 25 17 36 0 41 72 11 22 31 92 15 13 
24 84 73 25 97 64 32 46 54 26 84 83 68 83 95 85 22 7 84 0 34 0 4 18 43 35 15 61 70 3 96 56 87 1 37 15 15 32 48 47 10 59 39 89 91 44 4 65 73 16 
31 99 11 28 73 81 51 7 20 19 36 49 42 10 4 85 73 88 55 26 91 39 80 65 43 0 7 45 41 98 80 82 11 95 5 65 54 41 68 47 24 85 19 57 26 0 65 64 20 19 
30 49 38 2 13 6 24 85 72 9 82 83 70 88 22 61 61 22 68 31 83 23 94 66 16 48 88 29 46 45 48 2 68 52 50 31 33 79 61 28 45 30 9 11 25 1 23 27 37 92 
5 64 12 70 66 12 82 91 3 50 25 94 90 88 55 10 40 59 3 29 74 53 16 89 82 62 41 8 72 4 12 69 37 40 81 43 58 74 92 48 47 0 2 30 97 20 13 8 63 95 
71 59 56 98 62 32 70 73 50 2 78 36 6 30 19 49 24 21 3 40 88 34 81 23 50 62 31 25 41 88 40 84 90 54 73 35 12 15 32 19 53 13 84 64 79 57 37 96 59 56 
63 52 38 17 29 71 91 76 24 93 56 90 11 78 26 6 71 7 29 39 30 21 20 85 24 23 96 57 9 42 99 92 0 32 6 48 19 74 11 72 49 10 83 61 2 23 4 95 97 32 
74 64 79 75 8 41 60 27 92 63 98 82 4 69 31 0 24 41 65 8 52 30 61 22 49 67 12 81 32 15 65 19 60 38 60 42 3 43 40 86 5 33 57 42 26 65 77 37 24 66 
1 99 65 64 78 89 20 55 0 38 51 39 46 50 94 42 97 90 65 48 85 44 18 43 21 19 7 20 99 80 2 51 3 25 70 59 3 62 43 45 63 52 94 45 20 70 4 74 44 53 
34 63 52 35 12 26 26 46 35 95 12 91 76 55 51 11 92 81 13 69 87 81 99 48 30 74 39 59 6 94 82 76 97 52 97 74 23 80 66 20 55 73 81 59 88 12 21 35 77 46 
65 76 75 40 2 13 54 54 68 53 82 25 52 19 24 38 32 63 72 61 62 7 31 28 73 76 40 18 82 29 16 11 5 47 15 58 31 89 68 85 13 5 36 68 65 37 1 63 81 25 
90 87 39 6 96 6 80 81 69 68 89 17 81 67 0 51 97 12 69 54 0 68 16 80 50 39 43 77 52 40 99 74 34 87 16 65 28 37 92 11 77 5 62 12 11 16 10 12 7 13 
68 55 42 58 87 63 87 12 41 2 87 18 41 10 1 43 66 9 48 85 28 90 17 14 60 50 1 76 4 76 4 32 97 39 86 35 64 12 78 41 85 87 12 5 18 26 8 23 62 84 
6 74 32 13 68 2 49 5 93 1 58 10 43 55 94 6 21 43 59 2 15 31 39 69 39 93 21 64 15 10 30 13 13 80 76 95 22 32 80 45 42 27 21 2 47 75 76 73 54 13 
8 53 32 42 78 77 70 1 1 17 87 78 43 64 93 68 58 72 77 19 89 42 16 21 67 71 52 90 39 77 22 97 93 53 45 19 8 17 73 74 89 48 98 95 24 51 91 96 40 46 
66 97 21 81 31 4 96 8 62 5 86 43 41 17 21 63 83 93 10 11 13 82 19 10 35 14 11 51 67 74 80 65 51 41 47 6 10 13 62 17 44 50 12 18 76 56 36 81 56 32 
64 22 78 92 11 2 72 0 55 86 73 47 6 51 66 53 20 21 60 87 93 24 82 73 30 70 59 28 52 24 60 15 46 6 47 63 39 63 46 87 38 72 72 4 83 46 83 33 17 95 
47 42 8 78 53 61 61 28 54 91 98 33 9 49 65 13 96 15 91 41 77 81 97 22 99 55 48 97 91 41 56 99 92 27 56 7 53 9 50 88 16 5 56 56 41 29 99 62 70 61 
61 97 27 42 77 1 36 37 56 68 37 37 67 20 80 82 79 90 49 50 61 66 86 8 77 43 67 80 17 83 94 76 70 18 22 50 50 21 27 51 69 66 57 40 41 95 51 26 31 11 
74 18 83 97 81 22 28 18 72 59 5 17 72 14 24 84 94 43 17 5 57 35 25 93 1 49 46 14 36 0 15 8 0 21 67 26 47 60 36 15 11 53 54 31 93 65 63 61 63 91 
67 63 0 29 35 99 0 59 90 39 98 10 79 53 24 7 34 78 57 8 46 15 58 75 55 50 74 39 46 15 67 23 19 15 25 15 66 50 65 98 88 50 6 9 10 55 48 10 80 21 
62 37 11 46 99 39 47 86 24 93 66 35 71 12 77 5 92 2 49 33 27 26 74 42 56 91 35 24 39 70 28 99 74 29 90 15 96 74 78 96 9 33 32 16 30 32 2 46 99 93 
55 17 94 49 17 1 65 66 17 64 91 88 17 48 87 36 73 1 8 1 74 37 7 79 33 16 3 71 96 46 94 26 22 72 30 16 9 55 54 84 53 53 6 68 5 13 49 38 51 68 
86 26 30 91 67 63 85 47 6 10 10 10 82 0 30 83 66 54 81 88 68 46 36 66 3 75 41 18 91 62 8 87 12 85 97 14 6 72 77 52 79 99 51 68 31 14 22 48 46 42 
95 23 98 47 67 12 93 0 4 1 71 11 70 17 34 42 8 85 76 49 67 41 97 55 29 12 55 1 19 25 83 45 45 23 24 7 22 92 70 18 16 7 60 68 11 86 78 52 0 16 
71 55 89 22 36 25 33 97 94 90 56 94 66 66 48 74 14 74 34 17 47 58 50 63 69 0 51 38 10 12 37 13 85 96 23 91 97 46 88 18 42 64 37 66 46 46 87 8 12 77 
60 62 74 68 14 40 87 55 74 55 63 36 70 81 75 85 71 37 97 66 63 30 94 87 72 3 18 76 6 39 52 37 14 99 42 38 18 37 63 71 96 96 72 28 46 9 19 84 76 50 
9 70 57 13 55 40 62 39 13 44 61 38 16 59 21 54 0 51 83 41 20 51 48 14 94 45 24 48 24 46 18 6 37 1 33 93 97 46 72 44 45 12 89 0 79 85 95 2 90 47 
75 54 35 64 29 21 97 38 19 89 69 46 36 41 94 70 63 20 2 99 73 36 94 18 80 34 27 11 93 23 86 27 3 27 47 1 42 19 67 77 14 83 51 9 28 46 26 4 78 37 
32 40 66 41 32 20 69 16 62 7 5 51 15 70 16 89 76 61 50 53 11 73 69 53 46 34 75 15 99 92 64 89 9 87 81 42 31 51 4 87 46 58 11 57 7 3 87 28 38 81 
24 63 85 34 66 97 91 95 39 19 7 58 56 81 18 65 79 34 53 69 19 31 87 46 8 97 44 62 68 58 54 48 98 49 75 80 5 49 26 9 16 12 10 99 45 74 33 89 40 83 
80 84 46 23 88 13 61 73 48 17 96 70 67 90 27 83 11 74 61 75 29 29 30 99 51 58 85 62 81 67 8 45 11 80 42 73 31 36 89 38 4 51 89 40 55 64 73 19 85 72 
9 59 60 30 61 14 45 55 20 88 25 67 44 48 22 9 41 38 26 53 73 44 8 47 40 89 52 83 73 6 44 87 46 31 48 44 75 94 21 10 32 26 8 99 81 0 44 45 78 6 
14 56 30 95 71 67 58 32 28 84 14 37 3 19 36 52 72 31 73 30 49 62 44 99 88 96 30 31 52 4 73 61 57 5 86 20 36 60 11 72 20 24 52 50 35 97 27 52 98 89 
34 17 89 13 25 21 97 12 43 50 37 66 78 91 38 47 77 22 85 44 78 73 5 64 45 81 84 83 66 0 41 45 73 18 53 93 16 92 27 31 28 19 92 43 42 76 88 58 23 71 
7 18 37 71 76 28 26 14 69 2 86 70 82 17 18 68 98 22 90 14 63 96 24 80 63 0 44 1 13 3 58 6 44 34 10 25 63 83 45 30 13 37 14 71 23 92 23 87 40 78 
25 28 49 1 80 9 60 4 28 61 57 21 63 94 37 53 6 3 28 64 54 29 36 82 96 96 0 9 41 80 26 91 7 88 34 76 2 24 43 66 78 34 24 55 81 50 38 14 14 77 
24 29 71 55 69 6 44 82 41 41 39 72 49 76 53 5 98 30 5 53 6 98 16 36 63 80 29 0 5 48 99 89 12 27 42 54 3 96 81 31 11 2 30 36 23 37 87 70 53 97 
96 91 86 57 3 4 90 80 99 10 72 61 50 44 30 73 40 16 76 43 50 99 27 27 49 2 81 35 53 84 3 64 68 63 81 37 84 91 7 18 19 87 35 60 59 70 87 78 39 48 
89 21 28 12 31 58 57 13 75 47 16 16 22 61 51 86 94 12 38 56 45 75 77 42 20 16 29 76 8 62 91 9 7 24 58 23 75 85 7 52 78 1 93 10 10 10 48 18 30 69 
