50
127634 118228 144168 122308 120525 114588 108967 135745 118102 107948 124833 127245 128827 144065 110000 125477 127251 123253 130459 137110 120090 120540 143997 143151 133507 138726 112168 107579 114285 148619 124842 124044 128297 128338 123361 126499 113579 138236 139570 90419 128340 114187 119411 121007 131801 126442 103747 110779 140414 137601 
121883 120642 149844 132666 118485 122956 116608 142256 132093 118872 124241 138937 135899 139524 112339 125126 136620 133459 135602 127417 120272 119571 149044 144558 122319 136912 119129 115007 114617 148932 126385 133910 138209 131093 126615 120480 130353 138855 144450 108821 136898 106322 130068 127676 139154 143268 106486 114946 140270 136454 
109721 116959 117243 114670 98214 105175 106472 122710 104168 88098 105993 108636 120345 128588 88235 109125 121703 107543 112261 115589 102357 100842 130715 116183 115134 110594 102518 89134 104906 135092 110071 114995 119245 127423 114753 110040 102488 110495 138776 82463 124738 100114 103508 117754 112264 109247 90746 100280 124689 127637 
109327 108634 126196 122615 99107 106302 106926 124090 103176 102832 111392 107057 122481 117292 91869 111891 106020 105937 111430 112020 101943 106676 116032 123853 98573 120636 103885 106566 99012 125621 100802 106610 108818 121513 109579 96636 110120 112081 131919 85488 125237 91911 117524 109803 111277 106815 90324 101515 115218 130125 
101833 118069 126619 127454 95508 99661 111609 113585 112455 99135 105127 117355 117563 123698 78629 113057 117598 117933 113318 118880 98229 107376 133790 136295 103743 121493 94900 102642 90347 133968 110317 119256 107050 122177 109687 101333 104576 116611 140871 85135 119112 97565 111662 105677 120148 112064 79818 111329 110482 121688 
136311 138187 150364 146437 121470 132377 140555 136370 124893 104148 123268 135449 137057 153507 110725 142898 146289 135026 127580 147577 125473 129939 155263 146423 139954 147543 119448 115308 134128 165881 131134 134696 141366 159068 133990 131826 129357 130272 167805 93529 142300 130840 130994 142635 144076 133756 105610 110022 145756 141892 
112071 122334 118937 125147 101335 102294 112967 128383 113423 93300 115726 106451 123338 132273 92886 111898 119066 121799 111232 119859 107713 110106 134667 131026 130282 127266 105385 103803 114372 142608 116094 119168 114038 123440 112252 108970 115586 124951 137339 77989 131469 96794 110070 109635 126854 119292 91594 94001 122098 118558 
113210 117755 129510 125421 97583 116056 109261 128897 117621 111039 116144 119360 132890 129350 102055 112306 117116 119396 120991 107797 109770 111018 134355 135338 117138 116475 108512 98651 102367 146356 119264 112096 126874 124907 119563 108355 111437 126215 129380 98563 129218 104928 113006 114877 124569 119630 90936 100935 129723 124420 
127594 126913 148674 138059 109486 129396 122338 125509 127202 107249 107245 138221 122788 143144 106574 116970 126233 132406 121447 128122 122977 121705 144737 141953 124844 143514 102945 109820 102608 155340 132658 122598 132957 136828 123037 123411 135547 125688 153906 97181 120217 118905 127087 122649 139572 130343 88180 106822 131743 128162 
118327 123544 134916 137839 107011 108722 117507 131868 117771 99854 111409 131763 131084 128840 100197 120502 125854 120482 126476 121536 117081 112431 131635 147274 116448 134018 97184 107785 109789 145858 128498 118815 121042 126461 105049 111948 117539 116640 152848 88617 121654 108827 127583 112294 139121 120850 93878 106261 134493 135053 
113861 108469 129622 118519 107369 107385 107206 125553 114763 105885 118922 107021 129257 128734 102312 129019 118518 117846 114239 116221 107571 118337 134179 133885 116922 127519 111211 95445 110729 144877 114963 109098 129257 131899 119815 112976 120827 127557 126901 87411 135669 102084 121999 115693 119009 117421 96777 94968 122157 117632 
112989 110890 134019 139912 122357 130190 116421 123011 99359 95909 107216 117251 125725 129403 99397 110742 113034 111701 113389 115492 110783 117443 126273 128045 118673 123961 109262 97099 117270 129009 108875 113300 122022 128484 107211 121315 116980 113419 129626 87921 128496 107757 124584 105185 108908 113293 94831 101190 134845 117371 
109645 106278 137388 129969 100611 106401 117557 130119 122533 99177 98958 115372 128984 122220 97096 106167 107211 114870 116824 111477 106620 109584 128022 131850 111393 128252 103551 112941 104585 141139 106506 119404 111954 116421 107035 107410 118267 121366 135462 88285 114339 105362 115845 108427 127185 119745 86855 89087 117160 124232 
111854 107031 129544 113663 103375 100496 103292 113005 100561 106913 102357 108010 115133 111037 93512 106068 117445 113376 113398 114608 99333 100718 118008 121664 99286 115364 105935 109556 94082 119353 104781 111988 108340 122527 114190 107433 111831 106991 114088 83977 109199 95968 105878 108521 121034 118868 90390 100623 108793 113517 
114281 119615 130615 128140 112430 118786 115449 113421 105459 109479 103993 125514 138853 124241 103712 115076 115611 120703 121057 128672 116457 114967 123429 129113 115246 125203 109016 109035 109910 141883 117690 111086 116401 137597 117712 124204 116587 114172 141629 82712 129483 103505 112728 124371 122177 111337 96765 101253 118392 118227 
124966 124243 134957 129437 107091 109178 118611 133696 113545 106784 116496 107473 138247 131637 102538 120720 126049 113134 130251 124217 118301 118729 143432 134302 120345 119969 120566 100291 122068 142790 116884 128748 130800 133510 122284 118133 122714 123748 132781 87237 140309 111123 119233 112577 120365 135167 103362 106051 142433 131687 
111625 113600 119383 118349 101270 103065 106618 115272 104008 111675 117440 106586 129988 118247 91838 114091 111873 106723 113847 106534 105125 113617 125792 119224 106847 109160 104964 94226 95502 140423 96300 109582 122336 110647 119774 95959 97784 131413 124468 79204 126965 93209 108185 105931 105902 102625 95675 95977 125958 128145 
114128 116348 122498 125523 106785 103891 115176 125381 104235 93329 110605 113547 124119 119996 87504 106661 122069 105464 115688 108284 100709 102061 127259 136198 121970 118572 100880 107489 100266 131920 119865 117073 111038 123120 115165 114193 104122 120071 129472 78773 124912 99537 106528 111682 123982 113979 89947 106247 129456 122566 
109709 110164 138143 141180 110325 123166 126058 120362 111837 104522 103045 128288 132376 122390 111850 126098 126452 120137 120529 118657 118666 122558 127196 143980 115722 131294 108268 110762 109406 143271 121608 122022 137233 135218 108792 115115 119734 116800 149136 95054 118517 105501 123733 117357 131438 115625 100488 93044 134334 121260 
139796 141175 158310 153757 129147 121901 129703 146567 134713 127477 141997 141842 153108 142517 122735 136782 141727 140102 146148 147299 135161 129856 156712 154078 128796 144466 121324 126006 132119 157545 142700 141015 138640 151721 131854 124506 139868 135617 158403 104872 152330 123379 140385 142866 141269 142645 106128 127511 143428 138057 
105520 104394 126428 119575 95509 111289 113217 116399 97767 100751 102330 115168 122555 105732 89370 113627 108273 114516 112343 112049 105640 102953 122422 118349 106137 112655 104447 100407 89615 129927 107946 116420 113820 127627 120895 105116 108730 112736 127920 91680 119900 97265 107648 107195 112214 110789 88541 99199 121083 126656 
118496 117766 120122 126082 103677 113728 120016 120888 129219 106440 118284 116002 122153 134750 95960 118222 119414 119234 106308 115702 96166 110556 124560 120541 121062 121095 107246 107694 108833 139884 109023 117320 111111 132899 117752 110701 109612 126365 141384 97084 125812 94276 109092 113343 124013 119071 93231 97551 120252 121681 
112060 117708 117261 123378 100329 97957 109122 117363 113174 92737 104635 105807 110501 122307 92104 106914 115585 108546 106512 113473 103952 104165 122000 128086 101051 115971 94747 109926 113080 137621 115262 120340 97275 122604 103303 106670 109317 93340 132872 88796 115037 94684 111673 100695 131127 123098 85111 102406 126137 114205 
99060 101936 99980 114275 100697 97387 105636 100020 96740 79684 85117 117165 109307 105870 88728 95073 95595 97373 105670 110112 92270 91564 114779 107505 116776 107759 85045 95615 90902 111008 101869 112562 100536 112231 93353 107998 90477 105342 131019 73257 104182 84014 92544 97344 104308 105394 80739 92874 106406 115362 
131834 134425 149896 154018 138133 127854 132558 141228 134042 110679 124855 135270 152336 148649 114414 134122 144251 137649 135803 137938 129113 130068 152131 156866 139464 149584 115884 123603 133876 164065 130053 140777 137093 147432 133763 140991 136770 138130 158867 92608 144255 122736 141341 122082 140900 136495 117844 124573 157062 145982 
102974 106548 113694 120819 97110 104712 112082 115057 101141 85935 103210 106822 118330 119262 94390 103471 104086 108593 98251 104954 99851 104497 126475 122137 108744 113229 101096 95045 114392 138933 103609 114390 102792 118804 108328 105790 100654 105768 124270 81748 128031 98465 104970 102541 110696 116723 79230 88673 119584 111376 
126090 132953 150206 134132 114641 112021 118915 133452 115613 111041 121803 124101 131031 136416 99475 129402 143700 122292 141241 122008 115796 119391 134643 140044 121643 127330 116777 120635 111526 133291 128130 131819 126108 135115 124802 123350 112877 127136 139799 87636 131332 109992 121335 120297 132755 127684 107950 123659 138519 131273 
138072 139608 147707 149555 122732 122462 134835 138519 136130 120582 120041 128067 142431 151899 106270 139852 144749 135103 139098 130071 130706 123985 149858 155270 138012 144169 110256 121433 130790 171858 142066 138589 129507 153746 144570 131881 127774 131899 160106 92894 148867 131804 133875 133249 140182 142863 107121 116651 153760 145316 
130916 130562 149156 139631 110206 120881 125256 135373 135158 111011 123173 128053 130284 147389 114839 127256 133710 131375 132644 131862 120419 123474 152762 146613 129766 142423 111560 110623 123933 160149 128765 130903 130331 140977 131103 123857 133863 134458 153905 102295 138692 113829 126650 124704 138115 144465 100268 117734 138212 132588 
104833 108516 119499 116952 89276 110813 104182 120731 95948 95214 105549 107899 113133 122441 86409 111980 113732 100628 113690 114709 111829 110021 122764 116373 100411 110836 104857 91765 92723 122236 106176 104495 121651 131205 105184 104640 92419 108402 129154 83423 120386 98711 101149 115699 112719 113505 82893 94910 115638 112386 
120970 115667 119781 116871 94048 109217 115990 114388 111767 96946 100489 109530 112093 111272 93550 94252 107862 109696 103721 109284 110108 99489 122457 116524 107403 116904 85818 94656 93915 140931 111798 103081 107558 121322 115324 104212 115193 112068 134192 82981 108218 94341 102212 105003 118259 110329 83943 96963 123194 125601 
131794 131873 144852 134515 113932 129473 123024 129174 111395 117521 108851 127891 121393 133738 108432 127698 123049 125903 124413 135128 132794 123581 147944 139454 115611 139430 102169 116758 118861 158022 123682 121668 125646 139252 124554 112673 122981 119809 154431 93660 132859 113923 121171 127412 133949 134103 99472 103396 135386 133629 
100564 98688 122405 116114 112502 113288 104821 124110 96791 93867 109236 111571 122898 121907 87600 110348 117628 115952 108839 109240 91806 100289 120391 121442 116759 121056 102995 110898 107282 129019 98656 112631 108988 121843 113758 114846 102885 112704 125877 77639 121780 95040 106986 110111 114081 104059 89660 92426 112916 120321 
117797 125092 147637 127386 116224 127496 127862 132864 120025 109166 121850 120471 136104 131081 102413 132156 130118 128316 125645 131862 128296 123160 138780 140165 119160 131891 113395 116197 114259 143801 121350 125885 129697 140495 124137 112157 122751 121650 152088 97317 127864 114072 128672 124211 133965 116252 106235 107362 138304 131851 
108536 109819 123015 108010 84962 102848 106176 116129 90807 76241 106975 105077 116425 116577 88320 110139 110333 104499 111477 104529 86321 103574 115844 113562 112481 107926 101985 88726 91622 122983 96273 103257 112684 116860 104565 95498 104228 115126 120645 80595 114620 94451 106729 104097 115729 105084 80622 90239 118662 115350 
133526 121519 149168 140723 114884 113319 118967 143609 134268 107878 130149 134041 139874 146114 100976 122790 133584 130709 131633 138366 111341 120108 146869 150530 129670 148716 120440 117892 107341 147587 134292 124940 120498 148674 120072 136325 132553 142443 146722 96351 138660 105163 124680 129495 151066 137268 98112 125304 122574 134090 
131074 127274 149720 153177 131109 125444 127462 147778 137094 126922 139693 139927 149648 147877 112606 136428 137767 142314 146268 137744 131324 123275 152126 166138 144928 138608 126165 132913 120236 151740 141166 145271 138072 144829 139642 131085 129521 143228 157058 104803 143994 116368 139323 136417 150457 137896 120332 126229 144075 146726 
112756 112235 122456 124171 97374 102015 117076 105929 113809 95253 95485 127996 111910 116254 87942 105260 115830 103103 118749 113115 98164 105022 118268 125165 104371 110694 92669 98447 86131 129306 118315 115721 112120 125720 104052 112503 107666 108983 138483 84617 110505 94818 111400 107921 116730 118782 88093 104672 124403 115892 
112817 116411 133242 116960 103698 111273 111125 114964 106105 104642 108979 109591 120977 126422 99883 117392 115620 111064 119725 113801 112938 115887 128273 138219 116800 125387 101078 110420 103725 135925 118142 114003 115791 120238 122508 108847 119284 114740 134279 79584 125570 101142 117430 111968 120693 117219 90196 99228 121710 107708 
108179 111184 142884 115746 109510 107103 114082 126496 121642 113486 114648 118642 132601 127679 95998 123026 126018 124084 123894 120492 107566 114883 139304 143990 119949 127981 108337 114545 93872 140561 116684 123780 119208 126823 117013 107117 111329 130117 132524 94088 124187 107381 115471 116480 128410 120601 93953 106043 123627 123425 
136351 128108 154146 127969 119423 124658 127514 135328 124378 127132 121497 126718 148977 142215 111139 133088 134475 119349 138186 137680 122992 132509 149811 147867 126063 135463 128887 110252 112791 149568 128663 132954 144048 145935 123967 122670 126925 136788 145416 102179 133036 127697 125040 131144 135340 132521 104149 114714 141539 130997 
138512 132134 155535 151751 130203 135298 141849 141727 132936 122717 127665 147728 151018 142950 113033 132679 138037 129696 135384 136280 122056 138011 147176 153847 137754 143571 129925 130943 108261 156597 138262 136342 146171 156528 136379 136135 138052 137337 158064 102355 144785 107136 143729 133977 145315 141947 114516 127670 143727 143156 
105811 106156 121697 122679 105380 103926 104558 111517 105732 95042 105839 112607 126682 121045 90750 111497 109522 109129 112151 117158 101981 103610 117062 113202 104998 114354 102454 92054 106449 132352 108702 110683 111219 124432 111894 106755 107881 111050 132140 82715 127061 105448 109169 115750 101232 103697 82561 97393 119505 122573 
120926 131164 130424 134299 106084 122959 126308 126060 114407 118546 114420 119160 133287 140209 98358 119777 136968 113274 130520 125203 122942 122618 135425 141430 114270 124412 106799 102184 105462 147897 121207 113531 126909 139650 119583 107138 108432 120892 155578 85522 133513 117265 115936 122826 122963 123789 98834 100032 139127 129910 
120131 132309 136910 137213 121958 117282 125857 130201 122940 110831 125952 136516 141972 136444 100016 139483 147937 128618 131653 131002 111694 124342 135394 136714 120409 128444 115015 112941 105160 139729 123703 128693 133192 146085 128568 128112 107291 134319 150442 96852 136440 109920 124317 120725 130314 128254 104308 122868 137283 130927 
101679 114439 118245 117662 85803 106905 103902 121971 95472 97448 102033 109897 114887 122682 92107 109798 118145 111767 113232 108725 99239 101765 107997 118885 98873 118585 102216 101296 97556 131140 95040 104181 98332 120050 106970 104292 97443 105157 127917 88526 117889 95362 107938 101238 122052 124289 86595 90588 115180 117465 
108420 109587 124757 111665 105036 105350 97610 120610 113040 105543 104062 117258 123590 117539 93502 106844 112603 114105 114210 115319 103495 105176 120598 121797 114915 112390 96377 107502 98620 121788 108854 115876 111581 117127 105245 111878 110338 117350 129909 87266 118291 86347 112808 106508 110978 115045 98933 103452 116310 114727 
114938 121552 124249 119454 97650 114533 113323 119527 107298 109609 115145 125842 130848 121271 102079 120072 112697 111885 124812 120998 104253 106022 126724 123589 116636 117618 103805 113326 107590 139446 104449 115910 116060 126892 114073 105111 99861 123969 133525 88295 132152 101884 106294 119092 121385 114559 81237 101720 121153 119598 
125811 126395 152035 141681 117946 116694 129360 146749 125967 108493 131402 137583 143933 141407 104164 143716 139707 140843 134936 135437 119154 126189 160717 160093 124285 141127 127950 122045 119927 158224 137279 141038 135268 148773 131976 127157 130126 136318 152239 106607 155837 110805 135278 129392 151811 149613 106120 122433 140035 148787 
102796 101459 112231 102224 89956 87802 98485 112449 114301 95946 108448 98907 106339 114780 85745 111102 113823 102722 115229 98454 97384 100219 121928 116557 103243 100674 87950 90428 89424 126083 108714 108303 117898 108861 106622 92524 87911 115276 117693 83531 103316 98010 102051 104081 116858 111111 85405 84194 118749 112414 
