50
104725 116717 87530 99020 105021 99241 124145 96456 117640 89651 103357 82292 103103 111950 88202 91223 99478 105541 121244 115009 101750 93281 105672 108517 83288 102716 100859 95723 89204 89660 98499 121284 108025 97699 96772 96228 93391 114895 106353 82092 94944 116379 98654 100303 95934 106433 100559 95296 106471 114568 
125521 123957 98523 107415 122962 118639 127589 118502 136232 102735 112761 80989 114666 128421 106623 114263 108674 104893 127453 129523 115578 107202 120303 116488 102638 116225 113741 102315 105722 110575 114521 119409 125340 103881 110028 111752 98806 119081 127640 104155 111785 123356 114974 108819 111653 117105 95681 116501 122199 128729 
115897 134347 111355 111474 116060 113127 128331 100220 134646 110491 116588 112335 120068 108496 104475 108722 101661 116361 127023 123955 108615 96791 98161 112892 109388 111844 105544 121750 95396 100150 90390 130144 116125 111556 108054 88131 119358 120503 114564 96720 105784 137421 108320 130277 103470 129929 103223 109040 102673 126070 
136670 129801 114647 118132 117358 118705 134324 118193 135642 119057 129002 105924 128003 117987 112782 140496 129824 109093 135717 138944 115631 112383 116074 118129 125996 123540 112824 130574 113097 114409 117684 130161 129799 106644 106523 101703 110631 128430 125510 102936 126333 145293 129518 132418 113425 139751 105237 124178 125554 140756 
137883 142218 117466 141616 138970 144257 143100 123378 152099 134509 133635 118091 141097 137222 118516 131482 125907 129162 135189 144405 119761 128355 110834 137873 113588 129488 114378 127965 126365 114032 131374 144987 139782 116639 125459 124450 118765 137148 134928 101200 118427 166043 129667 135503 128981 138866 122003 128883 138570 141661 
127255 118710 113229 113875 132043 122876 133327 107853 135321 117230 109897 98265 137732 126364 110552 117472 129438 125795 123561 131348 119585 121708 107593 121206 109597 127802 116580 107602 115021 107371 113052 124655 116976 107992 108631 108833 97498 122258 126289 95651 111943 137756 113061 129999 118814 118997 105016 120843 123526 147137 
118755 120823 99344 119687 112686 107285 115886 108067 129844 112518 121186 99914 133032 104863 102734 114055 103236 116335 123055 124681 105926 103961 88137 104392 108940 115276 98036 115070 105632 103248 101684 124990 118914 102140 105281 89842 103315 105938 108730 97997 105892 136038 110576 133744 112224 128059 106956 112281 107961 131478 
121067 125602 108122 119448 117578 135249 129769 107139 132466 111535 119875 109896 125006 114935 104668 114192 98157 122205 120463 119594 116762 102518 91773 121197 107134 116029 108200 110539 103652 102733 104986 119421 114203 105905 105507 103641 112784 127671 113349 96780 97713 134476 108913 125086 109603 119419 100541 114534 106858 129650 
122593 139074 118732 118253 117017 126150 129117 120693 143281 114943 126777 98239 127123 128715 117362 122310 117940 118655 130592 141986 109806 118886 114282 122226 113220 128295 117432 117960 108171 105062 117475 136950 131498 112853 118169 114284 107816 127685 127819 91359 132172 147394 121518 124289 117241 144290 117321 120751 131079 140319 
143699 155036 126960 124723 129994 152294 145101 135108 162681 125869 142635 126337 133247 140712 135687 136590 119946 130229 143657 152304 135102 122432 125219 141168 128166 141858 124921 122879 118473 129928 123881 144580 140124 127598 125469 127900 135925 145667 139958 114074 131421 151957 134122 144910 137255 143015 128563 122021 140891 146695 
110750 119180 91503 105155 106450 105043 117711 112547 120566 92485 98713 95852 111049 114563 104399 115398 95747 109126 110299 116285 98860 105755 96820 110573 89234 114182 105026 101670 85754 93925 108378 117590 92477 96604 95165 96266 96692 112747 111834 89365 103236 129306 103581 114183 102283 119302 98430 113665 105842 130028 
116726 137792 111075 104932 109948 118380 126679 112417 127651 102860 112073 105884 116595 114765 107030 108432 102143 110541 122692 131453 113185 103992 99364 123903 96224 125780 109984 117059 101603 105521 101500 131163 113539 104496 114906 97239 117820 128054 118332 99841 109356 131495 113240 119736 107947 118838 106643 101419 115173 122931 
127192 132802 125785 137681 122036 128581 124234 115255 127458 113136 129005 113254 129983 115489 104983 131966 119230 123423 131109 131355 111553 114891 107705 117415 116420 123999 112046 118446 112112 104562 119613 124791 113075 97727 103008 108413 108689 125074 118237 95651 121834 142893 111102 131085 110821 123652 112369 126089 124781 129683 
119884 125676 107132 116759 130397 126348 126480 117643 136772 109661 110131 109383 122863 125705 116046 112729 107893 126351 120886 124067 113855 108676 106334 112672 104980 111262 109627 110315 114878 103216 108769 117126 120460 100613 104379 103103 100260 125117 112493 100287 108993 139903 117075 116422 120348 132061 109730 123328 115962 135335 
152109 154784 137918 143026 146472 155588 166063 142051 165019 148716 153210 120154 153901 150486 151011 135445 154376 140335 158660 165639 149814 133966 145133 156348 129026 156057 141150 131118 130109 126889 142031 156028 149187 141491 141822 134762 136984 164730 152365 115567 149690 164255 147061 161769 152597 157264 121243 132939 146579 172837 
124767 133720 108702 121189 133816 133778 137159 132480 142447 113670 118311 113886 134945 127467 109426 120035 113365 114921 132443 135962 114111 111437 113188 127122 111150 119810 112932 119092 108127 117798 118968 131664 137656 113615 118797 113674 118285 134258 131801 105192 112205 137787 123135 124806 117833 131912 101191 125896 130147 136453 
134313 144247 135411 139296 143901 140411 154245 135611 148342 124979 127869 119088 151156 146907 109307 137845 133562 135715 142058 148762 129327 133536 129680 144892 128377 136816 132121 134360 121611 127136 138624 149057 131940 111978 127224 120208 127975 150084 147134 116338 126725 154747 134429 142195 124642 134632 113087 136526 139305 142022 
134062 141250 113703 134966 144762 152081 141789 134504 151948 130587 138690 127078 141018 141341 123500 130777 122619 132857 137075 142350 123112 119733 115955 137553 121169 127945 121518 130296 113410 121203 126811 147602 137961 124799 125847 118037 133166 145304 136597 118297 122743 150643 132208 139948 135252 137835 116528 129412 127992 149768 
139581 143536 123903 129954 123279 126762 145969 126888 150941 123203 131445 111026 133376 122714 122853 129265 123745 136873 146767 145731 132076 114581 131892 135560 123538 139612 118899 129439 122370 118851 124960 150671 129758 134057 117909 115495 121600 150094 141030 118346 133438 153294 126954 144286 115567 147367 123631 136026 144738 156578 
134006 130274 107686 137113 125446 139936 143088 134514 143068 124907 121464 109426 130665 125359 114191 133858 112648 134826 133807 127289 117364 120772 109730 128313 110376 126637 117210 112206 119007 106671 132930 124021 126711 112377 104724 118102 105446 133274 125190 105744 121455 155506 127913 135613 125307 128867 107153 141022 128134 151333 
120927 139434 105905 110458 122732 123799 132148 117772 141901 116489 116034 108211 120826 122744 113242 118905 109491 122673 130774 129770 122381 107121 106977 113869 105788 116401 111602 118876 107762 112720 113466 124582 133835 107509 109593 97507 114864 133676 130203 98547 112343 133574 117507 116758 124921 135144 116493 120652 112856 130618 
148703 143904 120573 135977 133352 148289 150436 130283 157820 130471 142601 117245 132399 139856 125420 126994 124535 137337 140096 142042 138494 117493 120623 145832 117360 136405 121108 129949 127863 119989 133935 148342 135273 130622 125652 127764 121431 151665 131841 119184 130290 158736 131993 138315 129090 141056 125360 133837 130156 155697 
132150 136826 117383 124978 119870 139895 137847 117855 139812 119379 122745 97568 128130 135840 121975 125831 113056 124310 142581 126775 108768 114796 117088 112982 113419 109833 123215 117402 115285 103483 118192 129318 134402 115365 114155 106523 109222 136636 120833 106936 119841 162934 118409 135541 121697 141248 121370 131071 123812 135376 
111332 137760 105286 113494 119520 127753 125797 105466 119958 108747 117352 100023 129438 123966 106208 124273 117276 110352 121248 128057 102805 120270 117830 124228 101718 124186 108087 105666 98022 100898 112860 129521 114031 107005 105545 95183 109329 125745 125854 101931 106355 137583 116596 114321 114037 113823 109702 108089 107720 126328 
118539 119218 91777 118070 124697 120766 131629 111267 129347 109616 115527 105426 115514 123679 101936 123462 119919 119646 119814 123549 101673 112382 110138 117170 99800 111032 101757 118457 106234 104980 118180 124608 127958 106479 108383 94134 106889 126837 120093 97887 105791 137435 113490 122352 106833 124406 114954 125916 121112 132535 
136400 125989 109923 120903 111000 110957 130671 115277 130771 106277 118329 95880 117902 114483 119842 119488 110676 123608 126046 127318 114209 108655 108723 106077 109851 124667 111287 113124 110934 102088 115617 128230 114420 96771 104892 109458 110282 126434 115700 94621 122113 139008 121274 123117 107329 139841 113184 119595 128449 136402 
134672 132172 115851 126156 126363 127854 135910 114957 138812 115345 131724 113476 138083 130874 102640 128587 122078 119210 129324 129394 114890 122154 97350 134149 121225 129891 115224 126493 108950 113468 114034 134826 129178 115475 115887 103942 108650 127828 126421 104377 121972 153454 127418 131394 114809 130712 110027 118619 122920 137491 
128204 131403 105060 120057 110958 117500 123888 120473 130479 105515 128860 96552 110624 117860 117998 122595 114783 105882 133196 131590 103562 102697 121155 112786 110754 121923 109708 112373 100606 101947 109462 129914 123013 116580 112509 100643 109985 131963 121949 102625 126365 141638 124180 118903 103923 135337 108756 110548 116937 126921 
104590 122805 92055 110309 105930 108405 130724 99981 120164 100863 102556 93285 113476 106988 101665 100917 108987 113206 111583 119150 101260 99020 111210 104247 85519 114126 107959 99571 94290 98053 104486 105571 110141 91834 97874 95818 96931 109860 111051 92233 101629 132289 101702 107634 108830 116897 99323 112646 106621 118407 
112399 120563 109486 104693 102813 117318 120185 106263 133292 110762 100256 104573 120441 112648 93224 117572 103797 115498 113027 122134 100640 107185 95167 110962 105499 110662 90353 107023 107518 106195 107364 119169 124710 106702 92941 95904 94674 122137 114680 87327 112841 139449 112671 119960 106175 115746 115217 112722 121272 121316 
152368 164946 119601 141350 147217 146089 161202 132270 153971 136107 142201 124123 152039 153032 133331 150187 128224 137934 157884 156987 124295 132752 121829 129524 119331 129209 127695 138605 123797 123755 127846 155130 154562 129588 125731 110339 129529 152886 140972 116475 127717 189481 140477 141752 144285 163766 140797 135957 122623 152241 
125160 135006 110762 116660 120111 118544 132367 114920 139884 117209 116658 104002 130317 121934 121191 123527 123892 117129 125577 134136 118980 111031 113461 128384 110663 134682 118943 116744 102012 112148 120283 131501 117852 110569 120701 101321 115612 122168 131064 102788 124534 138946 122571 132703 118179 136373 102094 122349 114510 150305 
124722 142355 107642 111097 118722 133299 129874 105981 139497 108958 123583 98006 111675 119299 117130 123870 104669 124638 130391 122646 117727 98060 109844 119248 101710 121468 117328 114794 90088 109655 102229 126796 117446 115209 109439 105572 121929 126365 114607 96051 114361 131658 106256 125606 107092 134217 104273 114973 100246 131938 
138207 153612 124109 129125 131824 139836 145388 128371 154216 115592 118769 111036 127848 138775 125933 140703 122573 138635 145580 140643 123973 119778 131253 131810 117445 133365 129358 119746 113222 119653 139129 146819 133330 117988 124034 124978 119681 144883 138748 100388 137634 153554 123162 136217 120488 149985 131048 148020 134965 155052 
141379 145948 124697 131159 138244 148299 151004 134636 153112 120251 131317 123086 140686 147455 129506 125863 121901 135363 141336 141608 120749 120534 128760 141103 117207 127373 123205 127082 114736 117873 136392 142614 132153 120942 118651 123906 120695 144215 138400 109808 138143 160148 131424 141125 134116 138257 129028 134342 132401 152622 
120160 132133 111182 107008 111085 123505 125204 113957 140306 109357 113000 97643 126148 121058 109715 105938 105618 109431 122649 129290 106366 110190 111654 119135 101562 119813 109145 109016 100641 101619 114403 134269 112161 110133 105515 108038 104394 119501 116436 94887 118489 138278 115275 128086 112799 114630 112320 110739 120466 129827 
114153 111007 94787 109840 109733 112337 121616 98736 120022 100648 106100 92492 110450 100209 92908 96575 93223 124918 112074 113669 98967 86478 89322 96054 91895 104339 95595 109692 98386 95790 102659 113877 102385 91020 90445 97548 92068 113340 96882 83276 104004 122590 94246 114891 95149 105641 102508 112215 108258 121266 
133770 132639 107725 106420 126937 120470 129494 109673 129152 102202 119147 107581 118965 123960 125477 107531 107648 111081 132233 127826 112728 97715 105103 116455 112989 110070 113268 110172 93968 102554 96737 122618 106941 105984 113938 100724 107660 121979 111487 95431 113984 137979 111733 126399 112959 134550 102903 104372 103886 131815 
143098 142451 127696 133134 134012 147826 138316 121044 151214 126665 129209 111947 140419 134563 126063 136379 123447 128527 132057 138450 127631 120897 119945 144119 114349 133910 124844 124320 118400 112028 130247 135664 121099 117727 121345 122199 114978 140934 137784 118655 128205 150486 127998 136363 115144 142423 109577 131441 121544 148504 
111075 138784 101120 103133 119831 126135 135539 101697 123344 106887 116985 105019 130877 127091 109780 118875 112064 119894 121265 133321 112089 101432 116714 133709 104454 128048 110378 109369 96020 114899 115981 120098 114041 109591 110048 89167 102546 120545 124808 94447 121341 133956 110056 126091 121941 120427 118778 109532 103370 138615 
123688 148622 116533 127530 126801 139833 142890 125391 133100 124393 132403 110446 123675 135062 117871 127548 115731 127337 138065 138758 121045 116379 119596 130716 111582 134895 116961 121394 112993 118357 125215 150527 129490 118066 120169 109297 135975 149496 134652 102190 120376 148828 134487 130693 123981 137216 117336 120287 121371 147999 
141071 137500 122173 124558 129791 137680 144202 136015 142953 123324 136353 114424 132818 137900 122073 129047 117560 116628 147267 141954 125726 123021 113996 135891 121951 122967 123209 143900 123092 117639 133310 143570 128003 115620 121441 112913 125218 140036 129714 115725 130191 156533 132859 144234 130604 135287 120904 132178 128647 145596 
139128 147222 126703 136599 118590 145105 150882 125907 142817 133146 139626 122136 142458 125073 136015 130660 132235 132706 136691 139307 126674 127641 120566 137930 133680 153614 117616 130311 118769 122564 133737 141667 140299 123539 129362 122748 130288 142533 145326 112031 140159 160911 140801 150151 127330 154810 115141 128244 129253 149032 
122688 140946 104975 123646 116686 121004 135161 128389 146125 125200 132119 114101 125564 125155 119079 121488 110802 116819 136533 133586 120527 109833 111145 122075 105847 121255 114733 121581 99587 102113 110842 138045 127066 126320 110675 100784 118943 129634 129484 109731 116544 162109 125314 129375 137430 140265 111029 123769 110929 146714 
121060 147240 123240 120503 128244 134043 145345 118237 140713 110966 117775 114977 133694 137969 119794 123402 128908 133414 136269 144754 113252 123939 125463 131444 114699 130428 120871 114262 102998 112367 112796 146692 125402 123241 116690 109761 118821 143412 129070 103698 124324 157775 120529 125297 120338 137839 122074 123581 119607 140499 
146043 157736 128564 134455 140887 144352 157668 142293 156274 132283 140968 121925 146017 143137 131171 139303 132570 143681 152886 156971 136181 136065 136710 156089 128618 145213 122149 138708 138765 133582 144155 161295 146847 119959 130455 127813 130285 153866 147322 113885 133928 167526 145429 146114 139809 152362 134182 134571 151920 152663 
150884 150992 128797 130178 144357 138653 151813 133815 158187 126023 145203 120470 134017 139293 135894 141141 130154 138952 153673 148038 137331 126542 127258 147145 128318 139515 135938 138271 119721 123440 124540 140491 122130 122371 117965 113878 124343 137051 143222 112694 135376 159708 126599 147102 135001 146675 122004 141394 133662 159845 
123276 133509 108110 110607 118058 119377 125955 115799 130787 108999 119720 110725 121113 125924 116364 118515 109716 113603 117755 124103 111912 110542 101719 120746 106060 119690 100210 116389 99451 113484 111644 123530 128580 103862 116639 92798 108849 126797 126248 95377 110569 144108 119666 115477 116110 139603 117317 115954 117477 127271 
126124 116022 101235 122623 128106 117554 126078 114936 124682 117790 131704 104207 116466 123733 107488 113196 121631 105151 125387 132279 104398 109328 112727 112809 115011 108129 101898 110323 105640 105278 112991 127438 117950 108020 111347 96100 110470 130319 116430 99467 107732 137013 117942 120182 114367 117778 110041 108836 116414 124072 
108374 111719 95320 101331 108782 122904 114414 93950 115118 107451 103021 94143 122306 117146 96354 102116 104267 108196 115994 113918 100136 97586 96191 120534 101434 105811 86169 102352 99867 98212 115092 121576 116016 100529 100419 99878 92614 111829 112846 86938 107698 124144 100943 111742 107935 110960 97960 100505 107107 117824 
