50
126564 122389 93929 116839 114537 118563 109430 108704 105801 110112 101428 133191 102185 117171 132042 118062 109415 113466 119777 125238 123292 105640 105115 112066 120790 124037 115541 104588 123922 132151 105105 121847 121735 116494 104790 110843 98215 107156 111892 124484 116639 108404 125744 109376 106716 106863 136084 110487 102795 114547 
147223 128657 103859 110575 126734 134081 106886 122358 117511 107209 98857 122020 102326 125288 138221 120059 102573 114167 117315 120906 120416 115947 105072 126163 129837 136940 120736 113213 119290 127752 107192 112749 125127 120729 108854 108890 111746 103608 124801 113412 107947 128438 125925 111036 110437 111793 120337 108488 104563 107133 
152121 134285 118927 124955 124111 145774 124551 123983 117995 122568 102668 135672 112829 140671 134210 119102 114361 125397 125363 129851 143535 122150 123099 140216 131412 139536 127918 115187 127826 146820 131945 119257 131473 124280 114024 124165 120847 122307 130411 121778 132694 118819 131490 123115 123211 121182 123234 123043 105814 130132 
133987 109268 101378 114400 121190 131172 115358 128189 106740 107094 110105 123502 92933 119290 131750 105523 104695 112163 125540 120012 126953 115124 103707 117552 130344 122252 131829 107624 116381 126082 118933 109448 128370 111491 110088 111156 114647 103283 122324 111132 111465 107670 116579 113512 113908 122600 121563 106660 115429 111501 
131794 116749 109575 107413 116646 129357 111970 114766 105229 90297 108134 121017 95636 124617 122461 121023 106903 98618 120770 104608 118049 103539 107038 114577 121652 117341 122641 117755 118524 123356 104589 109724 110334 121586 108519 111454 108210 106141 121926 106159 106669 116996 116552 98596 119201 120728 116718 104683 97404 104518 
136414 115142 102755 125403 118432 113286 100751 114293 113046 112603 99437 116957 91712 125506 133364 106314 106160 118075 120235 120943 126944 107384 118259 116642 123404 129848 127904 104978 121577 127141 109171 113545 122874 116873 102697 94772 100966 91505 116022 125278 114342 120829 118047 113270 113388 100866 115139 109985 89951 123264 
122533 111541 100635 109572 107343 125056 109217 113993 107475 98263 101206 116089 100238 117144 127853 108557 103596 110412 106948 117711 124201 101509 108282 118890 120057 115734 113261 110004 110249 112047 112530 114434 121079 106056 110116 104698 115284 95389 111763 104503 114294 111553 115321 99610 117234 108037 99340 104084 101897 107190 
142466 134273 102443 127876 128707 129296 111097 112227 100295 111318 108963 134912 113516 137132 132682 113559 100537 108744 126909 124090 128808 113143 117360 124613 119743 127687 116194 115995 121518 144035 128221 121503 118497 120410 111398 109238 115569 105614 125446 117909 124337 123001 136296 106518 114851 112122 119767 114717 103337 121900 
153346 135380 109851 123668 134887 145080 115943 130463 114750 113967 110273 143161 105352 132697 137114 129575 106342 116493 127290 128657 137200 117996 105130 130634 130655 138892 134899 122106 130740 139869 125223 124480 132992 130912 124014 128570 115636 122539 130282 129378 120744 128302 133139 111953 130342 129205 132605 121891 111585 126256 
143651 125857 106939 107996 126764 131026 107355 120933 122758 106207 98268 125303 101394 127700 134770 111688 109750 116743 119901 119227 130950 113930 121566 121347 123704 123018 121740 106523 123651 125591 110523 109073 125707 121790 101533 111240 110345 109619 115507 111991 112637 106193 122259 112914 114088 103318 121339 108418 101156 126755 
136692 117846 98216 118353 116211 126325 116725 120442 106941 105721 106551 131833 99298 119241 136977 123650 115517 121570 122428 133792 127706 110172 110831 110266 133046 135048 125641 111687 115396 133168 110562 116568 118990 119794 104758 108238 109806 106175 115699 124818 124562 119538 132909 101601 125039 111927 131973 112884 104385 107522 
141384 130712 109410 118239 132807 138597 115172 120647 117804 97588 124452 130508 90078 130841 144677 120245 117415 106953 133842 124651 131998 115386 127501 123757 135803 127661 121341 117171 127943 132737 125261 120668 127827 119792 112370 106076 120202 104235 130830 113488 118460 124983 127422 112102 125648 108365 118964 106509 100819 114485 
107235 107820 89719 98561 102780 112643 109021 106055 98598 89962 91450 117547 92198 105874 107301 94638 109226 99487 113695 108413 106761 97056 98383 97208 95711 113070 110173 109520 103738 117206 97588 101138 105710 106198 96361 104155 84916 98460 97800 101631 109398 96441 99420 102927 97990 102554 116596 97511 89255 115853 
153172 123521 115899 113603 131123 148467 118338 121067 116638 114501 114096 144845 100182 123822 135557 114816 116537 126321 131957 130423 137960 107305 114454 133302 141221 138704 130146 121208 138138 140812 129662 121689 124680 141142 109360 117696 119502 121934 132555 132684 140150 116505 113861 113435 129969 124868 137337 121024 106767 128637 
139923 123671 101468 117948 121010 114091 103709 115865 107479 107251 109160 116213 103765 116213 136724 99231 100490 111230 109373 108768 127589 101956 114265 113387 115197 132987 110559 113975 105437 128443 123125 106031 129555 103449 97096 105479 101076 88842 122844 118684 111506 119444 115627 115511 105626 107696 116264 104615 102539 103275 
140744 128780 110508 123365 126812 134438 119260 120090 128693 117157 119410 134314 106119 132021 144364 115171 114261 119265 124467 126121 141285 111500 127685 114741 123816 128269 122453 108270 125599 133642 131037 117195 133104 126650 121010 104331 118318 105632 118946 121631 126495 114891 127933 114927 121124 118936 120093 120267 106614 122816 
147234 121790 106844 118531 121823 141491 122279 134973 111820 111155 109597 119715 110234 129896 144839 123333 125355 120985 129710 129086 139822 126373 116214 128099 148060 135428 143359 105260 132501 132074 134739 130241 129967 126163 115718 111877 114522 112732 129729 119817 118410 115544 131785 103831 126355 123489 128497 116398 112116 124992 
144791 112166 104484 115411 116461 128176 110996 116112 101772 101534 102778 123123 94062 128053 130420 116788 107456 121001 125844 129877 123034 101338 115775 115490 126737 125351 121261 109849 117213 135182 116328 112713 118288 126145 103516 103802 110226 101344 121225 119993 119042 111863 136184 100078 129821 97269 129352 108462 98761 116878 
139839 114214 102837 104821 126490 125638 118826 109836 94792 112533 105886 130337 96360 130982 121463 120324 95958 106926 118859 124733 113026 112415 101530 121838 115323 126392 115517 120758 111322 128566 112816 112235 108983 104619 96585 121266 109982 104024 109621 105841 128172 112207 129335 98742 104802 105274 120020 105940 105360 108883 
155958 130933 120651 124312 133956 139258 115080 122306 120795 115472 127944 138655 104825 129507 153704 126027 114166 107613 137821 128816 144097 112501 121102 129428 138637 146588 135954 115825 130712 138796 135607 116641 138220 134153 118469 123460 113343 109076 135166 132307 124588 121241 132473 120243 132220 121913 141074 122195 107517 123029 
142312 116403 111324 113475 127388 126282 93057 116145 108963 100153 110817 127616 86813 122343 136066 108880 92262 103868 119934 122412 125159 92410 110032 112878 120501 122854 110588 103844 112402 133447 119763 96779 129298 110009 113504 99849 99826 102018 115757 129140 120179 114261 120272 112611 105617 118035 124336 120939 113910 109418 
125596 116105 106245 120299 122705 127538 111885 115583 115215 102532 111764 142790 92476 120458 142694 114058 105186 116846 130676 125494 128916 108189 111977 115443 116417 128727 120831 119977 117337 145032 112101 113892 126367 121769 112206 113661 118753 110355 114036 123137 120382 122608 121968 113253 121088 114949 118606 114195 107877 113872 
140985 119647 110097 100493 123830 137021 111041 119648 109895 114433 120903 128348 108288 116128 132758 117301 108615 119027 119845 119920 130058 116674 117701 135442 130493 125257 130685 111502 120414 123527 129948 119673 133066 130338 113832 113625 119027 124756 121837 114525 130757 115639 122367 109095 132964 124168 119215 119979 108020 130406 
129675 105676 88194 97802 109001 110962 101727 112015 91416 100111 92654 115444 94869 116930 113861 100529 98902 110480 99144 107219 116355 91623 96243 112531 114512 113451 96357 105594 97792 111367 111148 95720 104904 106340 97217 94326 96361 99560 112626 111886 108172 103706 110529 98626 101465 107524 111941 99535 96839 94087 
127798 112801 94266 108964 124737 125872 114191 123457 115621 104104 103562 119532 97857 118032 130168 104997 99441 106996 115665 104324 121625 108719 103784 107274 118928 119012 113063 114925 109647 129449 120050 112469 131199 113905 100866 113364 106278 106273 112183 121387 106526 121610 117265 111430 116508 115691 115799 100118 103844 112505 
140287 115935 108745 115201 121121 130019 116209 115333 117585 108388 109974 119648 98789 134197 135369 115381 96879 106654 117246 119236 128385 122982 108151 108450 126888 121722 120574 111258 111097 125775 124835 106371 125223 110480 105656 102058 108854 93386 114146 113081 122378 110920 127297 107308 107291 115652 116683 120443 111776 118928 
154902 127583 103129 121679 134344 135695 122528 131587 110159 110240 112919 120819 117903 129747 139012 110969 114968 117815 136403 123840 130786 116398 108456 130851 137667 138478 136098 118729 124848 135460 128240 113740 131727 122936 107522 112315 115795 106643 121281 125694 127828 122776 131138 118747 120799 125712 132499 108255 116041 129856 
151139 133431 109916 123634 132200 139245 123063 121040 122516 112017 111232 141868 101517 131946 138028 135832 117307 120177 136360 131708 127722 119312 121808 129466 128943 142705 142365 125646 119915 135836 119366 118772 135312 124725 120030 122797 129381 114411 126767 120347 123723 137041 138770 113826 128871 121482 129973 120544 111068 120648 
140137 126269 103152 118568 118104 123298 101568 113607 103905 104127 116855 126029 106566 119655 135989 123886 109199 103823 122975 125636 120315 109616 105333 118924 117701 134308 131517 106100 119446 130072 115396 118630 130674 109948 112636 122190 101651 97850 114992 116616 115522 122483 126971 107370 113169 115992 125878 111841 112487 115056 
128411 114026 89181 107189 121534 111652 111338 112541 103068 101552 99697 118152 109488 108212 125749 104978 107831 104480 119201 111292 118840 97518 108886 114347 107910 123383 118412 111774 103756 117709 101561 112804 115560 109889 100182 105438 91891 99531 96711 111223 117018 112900 116631 101415 108170 104105 110655 104636 102513 108727 
138303 133843 121328 121126 135067 128493 115373 110583 117281 104755 116286 128377 100859 122252 148537 120088 111300 107096 113219 114385 142328 103135 128093 119375 130225 137188 120728 113021 129400 133403 116703 116327 134651 126616 110114 117089 110528 112791 110424 134843 120360 115368 114182 112137 114404 115221 119777 116561 103207 119496 
130275 114290 115134 114531 121382 127619 119029 121130 108171 103309 119075 121319 96218 117675 137341 107236 111547 109287 129340 125924 129364 106043 110083 118556 133317 131180 121853 111706 119886 120566 124546 111103 128332 123615 111996 106708 117433 96500 118379 119471 127681 109901 121871 120528 128352 116894 123868 119622 108816 117649 
134271 123959 98676 106297 128438 126919 102814 116106 106666 112305 108435 121531 102030 118677 133549 104623 91087 99685 109279 95010 121470 109384 118131 114697 109772 120652 115316 108323 110329 126022 123230 101856 129967 109849 101849 108375 105758 105561 109665 104363 105229 109071 108893 101697 97177 110966 106431 95914 100693 112366 
149373 115973 105802 100528 126554 137929 115281 107558 109195 114631 117042 136659 93054 117599 130419 125521 111507 113748 120277 122595 124711 109078 103436 123618 127415 126193 124064 101181 118370 124715 128777 112106 127278 138396 109464 98837 113701 109387 120114 127637 129537 104504 124980 106866 119289 111489 133331 116706 106867 116648 
148676 127971 104334 119587 132042 132386 119760 123803 112528 115360 120168 135553 101109 131326 140954 123844 117144 115657 125365 124918 127748 127069 117223 115943 130669 129801 130018 111214 124601 137176 126223 129874 129513 131163 103508 114593 111206 105855 132398 127726 119554 122152 133359 112913 130419 110328 129309 104971 105611 121197 
138511 127951 120891 113236 137133 137635 128692 122796 117890 114347 125992 137709 100598 130864 142397 122829 120046 114654 146019 135822 130825 119649 122691 129688 122490 141853 128854 124371 125705 139972 125931 112051 125447 121624 115289 126685 122243 117790 122971 118175 128790 115361 131948 129426 126161 124935 135730 110692 110495 124443 
141301 120753 107444 104358 125639 126014 119939 112520 112858 112262 105771 135899 89119 122901 141639 122166 118217 113253 125413 125163 137537 112102 113454 120879 126261 135272 120374 97407 120448 129032 119688 119572 113946 114270 101281 106562 111509 112821 112585 128550 119153 109212 119714 112515 114626 111869 107702 109440 104150 117779 
112506 110195 92222 93768 110501 110700 109580 96024 101237 87320 97074 104940 83643 110654 104496 103982 97013 101555 114084 108659 102403 103122 99734 104168 96124 100522 97732 100972 91821 116902 94355 95902 105330 99763 81615 88201 102672 92767 89554 89511 118096 101274 102751 99407 104487 95138 108207 91240 100304 95041 
135719 105301 102175 108729 112257 121713 122054 114434 104749 102396 103672 104170 90851 125932 118129 103691 102744 111287 116705 104856 117002 115996 109405 112508 127117 114620 116027 103757 110518 129079 108863 106425 118846 111331 83131 102126 101978 98403 110398 107263 116366 105439 105037 103421 113730 106513 113579 93023 104576 106853 
132081 119082 101379 115553 113202 119141 115561 116387 111454 109432 109713 118355 98746 120877 130839 116450 114116 121296 121898 127972 127298 95115 123886 114397 129254 130933 116506 113762 116621 121462 113438 104115 122368 119967 111745 99368 110690 105785 109878 117199 125583 113264 122532 107772 119274 117998 131387 112600 98989 112101 
129831 108782 102266 107378 119516 119928 112554 108423 109636 96532 103944 120042 89490 120113 130103 109575 97890 102577 117010 107137 112962 100097 98019 105447 120180 116095 116261 109796 111624 122790 104049 111527 122262 113500 91612 104007 105991 83119 111881 117905 109576 115997 125638 113753 109375 98357 121650 101517 96694 100994 
145273 129253 114554 133117 132653 141931 124950 125421 132134 116304 115368 137753 115783 139068 141185 120812 121629 137789 141194 133938 137160 115595 127972 139917 134522 143799 132201 132678 130166 144584 123226 124927 145217 128230 118907 120223 123139 108169 123739 135676 132322 133212 132966 134639 127771 126742 135757 119788 116660 135247 
134820 114747 102631 114564 124880 138154 111986 117284 120092 112056 104990 135950 104025 110553 137790 114518 105366 126171 132262 115130 133966 114959 113011 132720 130012 134473 133793 120989 119336 140192 113829 123430 128119 122732 101879 116244 120189 121984 117852 131722 129049 119590 113821 117788 122991 123092 124137 116560 111650 130785 
137693 109612 106430 112559 117724 130787 102530 115660 105691 106738 116383 120271 102885 116422 132944 104612 100609 111098 121205 109326 126355 93974 112443 123768 122562 127178 129381 101082 113743 122483 122872 107370 126589 109732 112716 99766 104705 96027 112350 114724 119002 111044 113874 103169 113794 123720 106594 105453 106916 106907 
167703 152070 126684 133668 154975 156004 138858 132492 125295 125699 131481 155066 124098 135826 156491 137378 139768 128786 145894 141481 159190 138574 138700 142920 143839 155887 148090 124143 144505 161591 140841 141015 143857 143997 123392 135650 125027 138532 142390 150183 147384 121143 148569 136366 134507 136098 154102 138723 128139 146930 
137306 131199 114990 123828 132181 130060 113882 122360 115333 106286 125992 121032 114952 131189 147167 121462 111278 123769 132395 126519 124935 110868 124537 127399 131164 139806 123149 120369 118230 130892 124681 117322 134984 115905 113671 110078 122069 96545 114981 118348 136651 132406 133175 116817 125800 113347 126917 116283 120657 116246 
131426 110930 101628 118537 117618 119086 114302 100754 111647 94448 108437 120665 94450 120300 133244 110717 110908 108830 118928 112245 126716 102176 115002 121892 129171 119390 117403 114040 111382 114303 108345 107151 119903 114172 105502 98497 124401 93203 115449 123009 117595 114196 119832 112074 117651 101615 107793 105120 97165 112849 
135401 126486 102878 109872 133758 132795 95894 116717 107443 96234 109852 139917 96351 119913 136001 108409 93897 102591 117295 118497 130605 102364 114741 120046 124105 124046 118121 115218 121162 133021 115222 105185 121047 113722 113875 112398 112143 115386 117398 120224 117558 120155 123809 111786 107135 115664 115381 115834 102961 115714 
134857 119842 110846 115462 117818 128566 115447 122124 107910 105075 109121 114641 102532 124587 139179 122539 114923 117647 122430 126913 130796 108379 123914 124958 130543 142859 121217 120162 119775 133379 124468 113270 125895 121005 114301 107518 117109 107561 113311 122254 117605 123408 122215 110648 116298 121113 118537 118428 104140 122101 
165524 134494 121417 129121 136300 151256 130842 140180 122885 127100 122647 138295 119952 145583 157801 138446 127408 128106 148582 141859 141621 132650 131394 137700 152168 151115 154658 127739 139721 140281 141756 140826 137805 134773 124128 128922 129414 110271 143127 125520 133890 134050 147127 121695 132781 132468 139482 132276 124466 143824 
