50
150369 125809 92723 134563 123413 123594 127458 102873 117815 129546 113969 129885 149746 119715 134618 111240 131265 128686 102024 113640 125283 131869 109641 127330 117174 105031 110466 119758 142359 101408 135359 104666 117215 134017 130015 121819 110686 118344 135266 116664 114526 131932 116403 112541 98761 110173 107364 134734 103664 112068 
128747 108927 91917 109413 93224 107112 105654 91469 103014 119882 103495 107564 129508 107944 108112 95852 112748 102373 114066 111965 100199 101746 86699 104692 103229 107156 95639 102924 115788 102004 122880 96441 99500 124193 106801 105424 86341 106211 117430 111513 91274 115709 96930 100355 104229 100458 99752 119296 95802 107312 
151502 127525 103205 131559 106022 120838 131040 108821 111058 135877 119992 134388 148159 126417 136029 107704 135670 118693 113608 131079 113437 122085 102832 117948 123538 108843 114057 135887 128173 110896 144337 108174 129891 129995 129351 126293 98336 127470 122298 121693 105400 132565 118704 121241 116939 112518 120056 128977 105792 124785 
175265 159146 125912 169022 141835 138182 154086 135356 144242 152876 148789 163127 172407 145337 161384 129316 148642 130735 134067 154313 126653 150265 112271 136398 147691 133328 129606 162643 153433 130773 146324 133683 142902 167596 141219 152819 127143 152758 136516 132062 112522 153748 147087 141007 123589 131955 139331 150399 117384 139602 
162468 137943 103383 141505 120590 129520 135887 116333 119848 137300 119955 146120 149136 141775 143337 107039 143588 132977 112401 141715 129901 134014 101858 126519 127292 114073 120159 154142 132566 114749 138718 118005 125241 144272 130120 136888 107403 139771 132413 121092 103857 150160 125174 114520 116398 105000 126422 130913 107343 123071 
155855 140614 94284 145941 138906 134341 141797 135183 129116 141146 132196 135630 161225 116332 134474 116041 137920 130516 117812 138806 116625 146646 108689 125718 139164 112992 109904 131400 138100 115399 143123 118903 125839 149772 137607 123580 127275 131178 130716 121314 110180 144732 131684 121082 108748 123638 121588 142802 115728 136920 
166472 158804 109407 147645 130348 129224 147237 110523 127548 147005 127312 154470 152744 145845 153335 127946 142991 132131 123869 144851 131916 126899 112378 128334 130500 126570 117598 151290 150899 113872 144063 120002 120807 140100 134532 132455 121149 135711 132815 134343 117984 156145 131762 122201 118073 116139 131646 150328 121455 131902 
169542 164812 117426 159131 133020 125550 142855 126954 133904 147966 132478 156707 158178 141595 148148 124879 137615 138608 129649 139238 135293 143603 115108 135568 139369 112124 129499 142937 166940 125542 148487 128696 133914 153607 149188 134949 127736 148261 143781 140889 122719 138399 142368 118907 123587 133354 119464 156012 121737 148321 
152211 136274 103454 137272 123571 119780 135360 109474 115903 131049 124963 131897 145447 134234 138450 105656 127500 127949 126518 128323 114372 138675 103609 127097 124562 122323 112994 122084 142206 110781 133960 118852 120485 149214 127136 130650 119782 127230 128334 123874 101752 131565 130165 110732 116926 119803 112821 136724 109363 121802 
140242 130554 93840 121624 130263 104453 132956 114905 108782 123672 109002 128823 139728 109488 110941 114800 118261 121284 112737 132438 109356 118048 96308 116113 126211 105312 97829 113629 132176 95103 125430 100247 118271 128247 120118 117354 99419 107711 116839 105759 111854 123247 125044 96519 105359 107460 109592 137448 112461 114935 
159796 147249 111484 148050 126375 132607 141102 120251 124588 137978 125733 146213 155351 127996 150780 119355 140732 124593 112965 132879 124307 124286 110151 126960 115936 106202 108475 153215 144204 118036 129694 114764 122153 144378 126903 130601 112124 136587 124462 128522 106859 144001 128843 124585 111820 118326 117440 138672 114470 127830 
140225 125830 94884 132164 102208 104429 120821 89002 117741 124706 112837 131068 142595 115334 126028 127686 117551 112806 117051 124744 100955 104148 102911 107532 112154 103624 106489 115318 125205 101691 119417 96680 115204 120097 118161 111594 109131 116020 105148 114084 104817 114109 116807 97846 100120 113468 105924 130414 117685 113743 
134300 120985 86944 114842 107512 99865 120223 100838 101957 116573 107135 121053 132521 121041 116344 104561 120199 107048 118723 115456 113105 96438 96367 111105 103022 99831 96080 129678 122883 99439 115628 109894 99782 120459 102086 103178 98952 123913 114040 113572 90593 121841 117424 95323 99899 110363 106348 120031 101158 95092 
163678 143430 119041 162185 138987 134985 156887 127335 126482 141403 137745 142303 165179 139870 152664 129270 141207 125112 128501 143505 125027 126419 119624 137083 143155 124389 124198 147763 151126 121392 139657 127829 130144 144578 141836 145290 111863 140646 132332 130678 110064 150345 136617 125814 116694 124762 137828 151149 115512 135649 
141081 124717 99339 130568 111485 112985 142653 101109 120224 121731 117794 127235 142559 128658 142680 107448 137820 113984 106003 120732 108238 115816 100128 113315 110973 108308 110791 132266 139567 102579 130880 109590 119822 133648 134053 126523 109214 120689 118481 126363 99296 135315 111929 101244 100613 112273 108954 128609 103346 119699 
173736 147632 108453 152856 130366 137486 150466 124755 124537 141641 133017 155095 149949 128726 144673 114775 149607 134138 133275 141184 131794 137855 119782 137189 135152 131994 121753 155415 150289 115290 146561 116254 129587 144623 140716 129438 126224 141462 141007 130299 107971 152715 138752 123754 126250 125712 128339 152690 115334 129668 
156212 143316 98078 147102 124142 127366 144168 116357 123991 131232 130771 154651 140157 129219 141545 124488 147469 136384 117831 122433 121067 134555 114612 132076 130725 106277 121738 134617 153170 105325 140172 123915 116755 132489 129020 124324 129117 134291 130463 118789 118540 152158 121009 113112 101065 123583 122479 145132 118315 122958 
164708 147951 115820 152406 125026 121997 129562 115447 120575 138677 127708 153988 153161 131397 145296 125137 130891 124199 119958 144711 130729 133948 112725 139251 121149 109699 110884 143687 149617 117799 140549 116769 132216 147458 132461 128202 108693 133201 131029 131863 120243 142525 130144 123333 113243 123419 123886 142271 118857 125281 
161578 129074 101880 133861 112593 122902 126677 115921 110659 135889 118643 134578 145177 112121 122234 108383 132486 125459 110960 122413 121475 129625 97606 121089 118126 109650 103255 136319 129973 100920 128350 103252 112496 137087 130587 122357 98801 118173 127613 114583 114234 132616 119411 111794 113660 106057 103139 138473 104321 121669 
131952 111723 86129 119409 103574 100345 120245 91644 93808 111043 106516 122970 124343 93883 102551 86598 109302 110423 94040 113930 93465 104911 91730 94817 100627 87908 91703 113779 115841 81222 111553 95513 88193 104229 103780 112081 88532 104623 96460 94031 93834 117311 109866 96855 93377 94567 97100 113230 85373 99018 
166066 147625 98078 133008 127330 119540 143814 112674 120294 135930 121471 140815 142691 116953 130416 111670 136262 138382 108814 133959 116273 140625 98529 128903 124263 120373 119487 137219 134613 107298 139442 110595 120778 142498 136499 123733 119612 125292 129379 122559 112834 140817 128631 108824 116235 119769 113604 137338 115822 132627 
177775 156269 113864 147307 127561 139829 154339 115194 124833 144913 131367 151759 152940 130103 145379 114032 155374 133345 117515 140731 121003 146068 112841 130235 126092 126315 134212 143944 146578 112321 154417 130446 121938 144233 138779 140925 113651 138186 138591 133723 114211 164496 140559 111845 124135 127820 131518 145833 111447 134567 
146862 126780 94275 129816 107742 109795 131662 93758 104696 112650 96537 136360 122743 115076 125721 96760 125939 115378 97154 113596 105684 116281 106050 118738 109262 103329 101871 129075 134583 90082 125162 101322 116059 118346 118267 106583 95964 123981 108395 105596 95710 135672 111255 104660 97286 108256 109074 111101 87849 111184 
135216 135090 100723 128877 119994 117534 142721 106388 108213 120842 117944 113117 135939 113846 128316 97390 117384 122762 114475 125289 108432 129776 96036 118410 126745 115763 117445 121014 142668 109114 131576 107987 120081 130210 136005 118566 108652 121821 121940 113683 102122 131185 116141 117857 106197 118193 113609 122429 94021 121582 
160955 139456 102414 153883 124371 131118 139000 109638 132667 138133 136062 142990 155534 134858 140168 115708 135272 131524 122333 137090 122474 131689 105319 128140 121833 121276 124090 139887 148702 111774 139362 113851 107693 144400 142473 139477 123223 129787 127331 123239 114387 147836 126408 104954 105782 113109 113750 146866 116763 128012 
172634 148249 114523 141332 123510 129648 151646 125810 120496 147812 124352 159583 159433 137394 136874 108310 157276 144872 121768 139055 131701 156338 113933 132703 135044 130109 126936 144222 145778 112790 151174 133494 125378 154873 132462 133539 106495 140347 139093 131623 120769 159694 141121 125172 137407 124457 135947 146915 124138 133092 
126478 116287 85529 122151 111832 114287 126067 107400 104148 108460 111543 111202 127563 113396 126179 94895 120087 108399 98700 117470 101364 116886 86555 103384 98592 93740 108249 126421 122334 103749 116747 104490 105845 126084 110832 115251 96667 114812 117565 97408 83427 119842 118953 102840 97038 99546 92837 112333 83670 99606 
160404 145007 102124 150978 134403 118925 146518 122706 120989 125834 119501 148593 143813 134861 142188 118609 137557 130162 111929 126034 124460 136900 117779 131388 134924 114390 109570 132355 154414 116260 140277 119270 132369 137412 130416 122879 117750 135093 121613 124578 115269 143623 141314 115798 109240 122117 131081 149266 115409 128868 
178114 151283 106439 151004 133577 136700 146475 131823 132514 136650 128090 156538 163244 144606 154335 121439 151118 136996 121186 149670 137184 145754 123272 144058 130824 124047 119457 149963 158574 126028 148211 127748 129302 160224 148145 139984 124869 146298 145873 138795 118065 157946 134737 125933 122820 125231 130631 151007 120437 136698 
176296 159107 110380 154671 137620 136638 156719 124809 135534 145164 134846 151489 163230 151688 154234 125034 157925 148498 135160 148376 141014 154373 119051 149457 147842 130642 126696 147334 155600 130928 145415 127315 139858 159911 154833 141452 133633 140757 147256 142786 125659 158581 145061 121886 127634 130276 137322 157686 137378 144420 
164033 150439 110202 145095 132641 123754 145603 126404 122710 149560 120713 143670 156179 132101 138687 113509 143394 139710 132856 140954 134235 126952 111520 132033 132177 122734 119682 155118 146360 122045 145691 132331 129337 144791 133593 135610 117421 143792 136850 135868 101631 149614 139671 120183 137377 129780 124291 136882 110734 133182 
165032 135428 103450 136272 135936 129526 143010 125416 114081 132201 118407 136205 143587 123819 129940 98359 148987 134466 115907 133032 123660 140266 95846 123494 114803 119664 107528 147417 135346 110084 129328 122515 118947 148526 119776 124325 108596 125909 136520 117836 107015 143980 140621 119848 112932 118475 117546 129254 103814 119564 
153680 132127 98774 141856 112250 107593 122079 111307 120216 131480 118323 145641 144897 121831 139235 118390 137041 122069 114363 135952 120442 114198 113017 127288 121716 107313 111850 133687 129453 108655 121902 109393 109240 131086 120385 133276 110007 130237 123458 119869 92653 136657 121527 96226 114860 116386 116575 134413 105061 121948 
144124 126008 91579 134920 120603 100490 124189 110952 102267 118234 117875 143038 131756 118281 130498 104695 131892 121825 111954 125557 108116 108432 97058 124610 111816 97854 112111 140249 132383 103277 127360 106100 124937 122490 121693 123124 107552 121394 116447 104740 99709 130619 121036 95419 108511 111202 108343 122699 97483 119914 
159649 144503 106531 151434 127908 115589 128158 125679 127422 140263 129722 149253 144470 123681 148114 125350 136403 130089 117658 142756 130667 130112 100498 129337 123372 103972 122673 142153 147091 122715 134853 122008 123611 141629 135348 138764 119234 126345 137633 126398 119419 139118 130855 116957 107893 119173 121036 143391 111337 129187 
145355 126827 89573 120276 120317 90822 118803 94824 106847 125522 107416 133068 132697 112955 119324 108894 119452 123895 100927 115424 106779 110672 88806 116440 109247 101320 99132 115534 137171 94200 123300 103472 104528 126811 119959 121057 107524 120575 111089 112425 108196 130534 119783 87739 93345 114955 103075 124921 105757 108464 
148931 122394 97073 147473 120518 126540 130867 118438 126267 139445 123642 138209 155984 117205 137842 114986 130522 123323 113100 127000 109910 121825 111280 117382 120423 113760 110170 137642 128278 111681 137621 114438 116344 134373 123477 123956 112141 125301 114180 106502 103342 134239 123318 110599 116911 112222 110424 134023 105313 120431 
172493 150820 118537 151907 135358 130122 161167 133162 127371 135510 131793 168086 156116 138153 162082 124290 161718 133139 122582 149290 136860 146942 117085 141396 136964 118030 127321 152471 148979 127787 143480 126703 139098 154184 132347 147623 105682 142577 147600 134891 119698 160178 147595 130128 117618 129092 150120 146644 115300 124906 
177155 154314 112972 141651 126494 130680 147610 113390 117448 134174 128901 150394 151830 132140 136293 112703 142538 127792 120371 138553 131473 134716 105241 129989 119608 117434 113116 145034 144792 116064 134245 114980 116054 143141 136417 139082 108191 127093 135551 135181 117524 150637 135202 111427 121437 115998 124653 150786 114714 130604 
150860 130984 98619 134951 113351 116209 137025 105606 102091 115325 112633 137109 137255 113163 128279 105507 125615 112730 108104 134858 112097 123821 109121 117518 109989 110057 106206 126329 138263 99344 130796 109955 110504 124577 125981 118145 99400 118965 113927 109779 109822 141181 125149 114940 105016 114881 120917 127711 97457 106789 
166302 148356 109191 137144 136299 128174 139880 124668 122636 144275 126074 143199 153839 129420 136869 107945 140431 129386 116069 137236 125422 145069 104889 123144 133103 121401 104693 135460 142443 112040 143639 116337 121372 148118 137965 138869 114206 126227 132498 134076 116595 152203 140442 112503 120196 114402 120701 150007 112069 129888 
155458 137611 106617 142857 114856 117292 147132 109288 127727 136898 126550 136753 148441 129429 139219 109899 143356 127549 116270 130304 116116 133779 106460 121940 130707 128305 135278 127210 133617 110822 136358 116604 114476 146541 122645 131430 109569 132844 131198 128723 99457 140784 126240 114939 110189 119160 126879 140994 115685 130896 
163278 144482 106326 143158 127896 117321 137301 114528 113393 136245 119889 147057 149529 127056 136508 115369 134171 126732 123634 130056 130971 120906 109798 125679 128224 115271 113525 133755 140680 114218 135741 118250 116797 137611 124829 137116 112539 131318 121087 118858 110769 142476 128542 109752 124179 120406 128570 149795 112610 120693 
132741 121555 93454 120316 106365 104542 129722 107136 107650 115448 102072 117529 125252 111260 129824 111796 130134 110681 102493 103417 109968 105490 96019 111625 107587 93965 105500 124900 133918 101163 122006 110563 112410 114308 109403 105294 93178 114703 120950 115591 101726 117214 105920 99977 94122 113900 93819 116564 87831 103965 
164741 145314 112927 146639 114671 119116 138463 114263 114318 128360 118938 145409 140224 133567 133666 114451 130855 121056 115880 143535 129589 135365 98205 135534 124816 119070 110382 147763 152540 117620 137465 117342 134012 145869 134219 129061 107143 125810 131582 126808 115773 134707 124434 120146 114846 113899 115047 138485 112019 122470 
163257 151656 110939 144656 137290 134653 150132 126882 119619 142890 134946 135569 160529 131518 144503 124159 145160 131422 123652 152529 129365 132371 114723 128638 120321 124880 127317 159255 145080 115449 148573 128829 122422 150741 134591 129414 115316 138684 137773 135054 113366 156596 137744 134127 114735 129087 119948 142930 106607 132388 
136105 115786 82722 117720 104031 110805 124388 94930 105820 107036 106007 113694 127283 113487 114718 78464 120748 115137 103540 97423 100670 120997 80009 104468 103528 109546 111288 122334 122649 98094 115945 103435 98003 124447 115604 116725 99536 113140 109226 98916 85488 121775 110844 92233 106132 92398 91840 111874 86452 109435 
151699 120222 85425 122920 109766 106827 115188 98700 101077 112950 117894 130721 131083 116233 115952 105911 119969 115596 111568 114642 97475 126066 97912 121300 114922 103979 101867 111059 122076 94657 124178 105000 111185 128110 122757 111555 104626 123558 113450 106467 100043 125625 117054 98046 97761 114485 110870 121460 93743 108733 
137715 128267 89841 119926 106576 97317 126596 110551 104149 112295 103812 116519 122569 113467 120039 105254 115434 114187 102486 122568 111425 119331 96235 116133 121678 105541 106672 114777 122251 108073 117388 107003 103888 120265 113693 111628 98713 112418 114741 111449 98127 119846 118626 98850 105462 106364 107108 125002 104047 112653 
152503 139999 94956 127602 112772 113104 127044 108743 117163 134404 129616 133675 143832 120488 145636 103770 133622 122616 116868 131342 116746 129911 96908 119062 114843 105114 117873 144079 140045 106844 131898 105648 110520 132684 137353 128200 116105 129783 129287 123842 109363 136867 122461 111325 108396 116476 101813 125678 99504 121226 
