50
119000 113870 136630 108235 129397 119285 101766 116660 111598 112153 108238 118192 105894 133091 131849 99388 126394 113557 121743 119259 113651 129252 113043 107357 119945 144190 109538 101694 104822 116580 124149 109725 118814 122961 133565 108961 131756 102593 135570 110366 120455 124306 105934 119350 107930 120742 104390 113694 114330 122651 
131069 123899 146585 127836 154077 130870 117068 144513 126211 117596 120018 142013 123496 144661 132723 106229 135169 112821 111623 118024 117983 136725 139296 129582 134176 169759 127455 110777 117485 140572 138841 115502 128365 132418 125811 129892 126812 117258 147879 124732 129376 145441 128549 133369 116431 132654 112160 121330 142576 145880 
105532 104968 123090 112116 121185 103715 90578 107356 98434 105267 83438 102483 98363 134703 114100 96024 118966 100993 112243 109585 110588 107453 103899 108559 117111 125307 105497 104289 91009 107355 113129 106192 98615 119123 117199 100406 124425 101907 115724 96736 106377 108944 108464 118527 102356 116576 102624 114473 120444 122975 
109435 114656 134184 130531 140867 117683 93584 110737 111767 122038 106854 117221 98647 138698 121312 98752 136741 114741 121352 116988 118207 121171 116474 115905 132047 131068 113060 101110 105809 117184 137204 128060 112898 128909 126837 128760 143374 123338 138227 116330 116120 119574 125828 126265 119738 137670 117750 107724 121067 135345 
115737 116858 127470 121358 133446 112228 109200 124537 110440 114026 106444 113601 99049 124956 119148 93875 131992 108165 105856 120123 104749 122801 115924 111302 116373 143719 112162 91494 108816 119673 126088 106378 109843 122504 126611 123625 121103 115144 126627 111164 115479 119906 119403 113931 109094 127138 108039 111770 126753 127124 
123967 129533 153866 127340 152674 128765 114215 133782 113873 123249 118170 120871 110947 137422 128565 95247 131322 118048 121413 130276 126441 126151 122138 113003 119437 143075 122015 110815 113040 125421 138261 114618 122210 137339 140748 136195 137155 121637 138350 116337 119282 125238 131809 129209 125650 125124 116067 118632 134936 140113 
111518 106726 116304 117607 129823 108302 98277 106986 89149 111095 98278 106912 83076 123108 106142 94943 120291 109337 114700 107837 107549 112301 100347 106297 106809 122718 107534 88465 98401 115216 119542 112780 100041 113650 122482 115405 123818 102243 118167 100446 101285 124522 119752 105478 98901 113808 108611 102671 111591 118304 
114222 127236 147936 131495 145315 118031 109751 125139 121503 114123 110693 136027 114673 143358 120985 100474 129350 127140 115233 119373 120937 141962 113347 120253 133544 153119 124083 109236 107972 128871 143698 112348 121583 130588 123295 127710 137712 119133 143032 108951 121476 141072 125768 136781 107016 125736 108381 122886 138911 139900 
109027 107030 123529 106522 130872 107260 97197 108789 97440 102225 86810 102027 90340 115183 105444 87472 111471 82945 113751 95733 101679 109477 95412 100326 98642 116169 103234 94807 93604 105359 116925 93386 100793 103503 123572 98763 119337 92561 120050 96094 97530 104145 115179 117991 94690 103321 104317 97722 115039 113256 
99718 105986 115912 109867 125051 101341 94580 102962 99154 106764 95508 104418 91161 118405 112597 87315 112910 96216 111836 104415 105397 108018 97992 100326 110504 120711 106974 100028 88902 102585 121360 103221 91894 115277 118196 109527 132540 102633 126348 106185 110676 117334 107891 119496 101035 116011 99690 106682 103779 115667 
118802 110772 145088 127116 144863 123519 107976 129513 123728 122694 105886 128079 103176 148901 131255 95522 138032 129866 116695 119433 115608 124330 126092 120924 130200 145601 126025 103749 113338 117380 130701 110546 118567 124298 135338 133525 136771 127556 136327 123099 120779 133759 131699 127648 117669 127084 114201 122548 126725 138729 
129053 122356 156271 126852 142593 121719 105263 137583 128223 124085 118896 138325 114863 149045 134418 111524 135189 131591 121256 137684 117082 129728 129719 135359 139257 160800 127901 115182 122553 129451 139769 114833 117496 143579 138190 138302 143677 134193 147208 127981 116487 134993 131119 137913 128850 135908 124980 125259 136633 151516 
118408 92765 124186 101559 115410 110392 93168 97325 109715 97414 90959 116803 97817 129759 107367 94720 111318 113447 107663 114031 117124 111336 110145 108358 96131 123511 105900 99906 98942 104834 102285 108780 87782 119002 108458 110126 110523 94518 110276 93068 111551 123830 115295 114110 101915 108259 96434 120173 115991 122585 
153221 145064 165565 137282 171769 151225 130186 151192 137858 153032 141972 148298 135470 164727 154994 115844 163469 132258 135642 134858 141649 155519 153024 141308 154034 180099 154162 127394 133226 157488 166939 135793 153075 147214 161373 143134 164376 144245 172631 133521 144564 159582 151927 154643 134417 155904 141977 131936 151505 163739 
111455 105900 131414 106303 121155 106011 95014 124955 110685 113883 105887 104435 97952 110196 107904 88926 119610 107413 105236 100692 100773 113393 109363 106416 103817 122729 113783 81394 97298 105149 118635 101522 116725 109311 130649 113521 124621 98578 127566 110347 104791 106229 114217 103975 112106 113046 109857 100067 121993 119030 
128235 119712 147019 133129 149516 124148 116333 126260 120005 126533 109624 132535 111351 143051 123172 103672 135099 122446 120142 125963 124924 131500 118740 123326 138062 153802 128679 107031 113851 121190 137883 111476 117655 132427 134131 132926 139923 125631 139207 119698 124501 141526 133931 133701 116660 132518 119268 129666 134667 139158 
114447 106072 124365 116574 119913 102585 106287 115576 95567 113118 100913 108341 98540 116906 126422 93565 126794 110203 110629 114960 124561 121347 106447 98989 112842 138919 133506 105008 99136 117122 133728 106665 114563 117272 118225 110171 119783 106142 127530 95548 110025 124655 108412 122566 97572 126981 106264 113676 118688 119003 
125396 131318 163523 136430 147220 136505 118887 147739 127090 134871 132708 133332 120245 150350 156549 124378 144355 125652 137716 129134 132497 141313 138393 125422 135676 167574 140763 123540 119769 134539 151298 126151 135827 135452 156660 140210 156678 128139 161246 129547 130607 140755 136019 140163 126729 135508 134983 123657 141918 146388 
97169 103558 109883 104937 132314 96719 91709 100916 96298 101151 87945 95485 85874 127911 96425 85174 108164 99417 101082 91621 96153 106651 102741 104247 101027 118753 112331 91530 92830 107971 115541 106186 96223 95725 117402 95508 115364 106278 125089 94772 95601 120730 116028 110955 87054 104426 102533 99501 98718 122488 
125776 125972 147647 127884 146689 131696 118024 136576 120991 127696 119089 132921 118273 140686 134632 103503 141282 112937 123748 125417 119049 129060 132443 128513 133636 154380 122677 115704 108679 132166 143426 119291 123394 128649 140945 135861 136950 120958 146355 129699 127545 140075 140312 145477 129356 134056 119952 122850 140219 152961 
118382 106298 133034 113395 127641 115250 99173 120919 100777 117150 100791 127524 105696 133001 123890 90107 123805 108375 108185 108174 116637 109721 114191 111844 113271 136682 113312 114088 105240 118402 122875 104892 109721 128362 137573 121913 119151 116898 125792 112422 117733 122453 123089 121066 114471 120438 109744 112822 122135 123840 
120306 113757 123022 117509 132156 107304 97596 115074 99799 112378 95516 117098 108189 134231 118203 88559 116121 109779 107489 113277 114661 122331 126707 114588 116062 149811 127618 111414 107630 110514 133730 104030 100305 104924 115539 103236 121334 116164 128646 104791 111399 131441 116252 116796 97308 110575 103969 123819 120857 131473 
146674 125793 153269 142495 152343 138656 123378 134190 130284 143282 118890 134903 121555 154411 129110 111321 141211 134487 135953 123548 138954 148797 130200 139797 140687 155302 137754 116672 125796 150414 159039 131143 132334 135753 141477 135200 144823 131313 148544 125470 126107 137442 131094 150358 128890 141247 129506 125598 146881 148915 
128088 110923 128623 106836 126794 110362 105141 110360 113739 109556 100583 125853 112754 117011 126028 101635 134040 118821 108813 108704 115412 116977 115526 113746 109577 141822 113533 97691 108968 126468 131256 112448 118685 129865 129085 110804 108715 112256 122028 101552 115507 123269 112840 117336 101877 115335 100359 106582 124412 125014 
111285 111802 136399 126984 134825 117646 100019 115585 116291 115254 108713 106161 94168 135045 115230 98126 126208 111290 113424 120292 106383 121407 108614 118804 121178 132995 116338 103140 102126 116655 129817 115360 109762 115396 125855 118526 133927 106755 137806 118261 113773 124436 117377 122544 107542 120422 118401 110960 115240 128071 
110261 110134 129722 110864 130789 114596 93941 110879 101804 106277 100345 119014 95290 125865 102872 87405 112348 105774 105528 101815 95800 114049 115035 106792 114212 136748 111666 88203 95777 113094 120166 111094 109848 111804 109485 109830 120882 105068 139030 100106 97072 118250 109987 109405 105278 110000 97649 98612 122564 135123 
111979 102492 109867 102286 130585 94915 96225 111336 84492 112164 99125 110963 89788 130763 116887 95788 116341 98306 117478 104268 116575 115796 104343 100900 119961 134175 117589 98625 103960 118272 120023 106743 106851 116959 121383 98123 115176 102203 128969 94821 97645 130575 116402 118293 94684 127308 107457 105213 107102 127931 
133484 128484 157837 128941 157902 135537 118869 144293 126445 114289 120547 138501 119166 155381 142783 113733 139857 122925 137574 125471 141190 130812 130524 127586 129931 148193 129068 113991 114051 142129 148217 120917 127440 143292 140359 132218 138254 123412 150364 107835 125864 138201 136487 140342 123844 122523 123177 114768 145633 147238 
135003 133850 154492 133828 151694 135415 123560 139816 124803 129379 125417 139117 123552 151852 140232 117804 142344 127875 137949 138077 145554 143938 123611 118721 135484 161686 140332 122855 118249 152114 152634 122768 134032 147689 152760 140300 145259 128247 150549 113878 131826 151255 144994 150616 125308 137280 138709 128516 143839 141465 
127337 115858 131804 119023 143318 117462 108552 124082 111747 122489 111324 119867 108452 139736 120682 95350 127693 118123 107950 111177 125845 128230 130489 124797 117662 144830 134135 110243 118189 121590 131745 113122 118933 122091 131628 120823 129817 121861 131305 109920 121869 144051 132080 120337 112494 127988 114255 125127 131450 140492 
127967 120553 141202 112855 141129 114289 118225 130072 110423 127419 113228 130253 110740 130730 127412 102852 134122 110720 124455 110051 118405 123204 126625 124710 131651 154831 130120 106739 113575 118008 135332 101269 131360 123642 138655 123784 133562 124717 144395 117356 103719 135979 129720 135321 113591 125829 122867 114628 130863 148536 
108800 117375 141933 123596 133200 123165 108832 124485 123736 118456 112797 116460 115232 131493 115983 103854 136745 114135 115489 113292 110544 122419 126221 114454 124612 142144 125645 105922 102223 132512 131461 108049 125951 127406 139151 133004 128611 122615 133865 110995 117754 123522 132986 131663 127070 125197 119185 111776 129789 126085 
114899 106049 122632 110817 129975 124708 102094 118223 114138 105715 107384 116941 103361 121241 111650 94295 121171 95428 118042 97820 112093 113407 110212 114114 107049 125476 111918 99939 88182 120019 117807 105951 105467 119597 124594 116658 125929 104267 115944 102036 114151 123508 123575 121603 96754 111007 113271 106959 126035 117179 
114347 113445 148037 113623 149690 122427 121978 118765 117421 104464 107249 111931 111587 136784 130709 102242 140725 112424 122288 117619 104270 120259 126104 120466 120536 141702 115311 97995 109296 118742 119287 118096 119595 128789 131287 122206 129756 119336 137453 113350 109112 139188 135857 129883 117583 123225 108628 109716 131326 137647 
135414 125993 152358 140201 144109 131290 123058 138472 111212 129032 102601 130099 117883 140808 147267 107798 148248 130562 131085 131909 118560 134243 121959 127893 127124 155142 134708 107736 111586 130963 143363 122344 125028 131409 148144 130437 147353 129007 143811 123000 126473 135007 137506 138443 125842 142324 121231 128212 147703 130003 
125834 124352 148286 135262 134635 130849 109519 128874 111911 123663 101624 116782 109865 130219 116298 92166 122769 113936 100544 124772 104536 119751 125662 112850 114903 150340 139952 111261 105191 130272 132585 112390 116159 122807 130378 116417 124916 122734 129263 117996 112675 133319 125269 121238 108063 115707 116191 116056 134730 125208 
129979 111052 143731 115854 130763 123283 97705 126550 129213 117620 109816 131112 116020 128275 115861 100279 134759 123314 114983 101580 106828 122765 117349 125433 122826 136011 113382 95619 112656 124884 128509 112401 113543 121439 137848 124392 128464 117995 127674 117559 120188 120490 132322 128019 109300 118017 121040 108196 133259 119495 
125063 115831 138239 129886 153040 125566 115822 136375 117439 129307 108127 121788 112590 138720 119855 105476 134893 112072 129796 116092 116532 125633 124595 114803 135080 147594 127356 103288 102446 124673 133561 108068 118625 125946 134881 122788 135927 112183 138867 122940 116654 133265 136754 137681 111112 131594 121248 123857 134225 138130 
118293 118851 142793 120946 149096 116259 103133 117319 117545 117881 103205 105683 103989 136565 113745 100608 114101 120080 114221 107889 105814 123874 121559 115973 125872 140371 135545 107942 109945 120741 130096 112673 114482 113278 126326 105003 139000 126437 148747 116033 110373 134839 121747 130935 118023 127650 111818 113100 120589 138044 
117151 111493 139613 120426 136863 112246 101950 125714 107095 128117 105416 111221 109805 132824 114530 104737 127268 118083 122483 110499 113492 121272 114728 112314 114377 136720 130024 116429 106052 124111 128447 108735 114299 125929 144958 116915 143449 116655 137245 114452 108878 123182 130164 132814 113649 130914 125537 122762 126173 122970 
125673 117608 133158 136613 138852 118046 93377 132338 126951 125776 115635 133614 110516 133518 113851 101385 132002 117819 125013 122505 126987 137314 118703 108279 123884 142338 120575 110933 106343 134272 145377 125770 115296 138047 135056 125103 134510 120805 134198 123155 120592 128743 124894 128732 114666 136043 126702 122209 135525 141613 
116012 109036 134898 120817 144431 117692 109788 123955 111191 111730 110371 118024 100763 136007 120233 99664 123938 113084 120716 113887 124145 110569 114747 117759 112570 130771 116203 95949 109669 118090 122521 112270 109996 128993 129275 126980 118572 118866 125927 110068 110704 126707 126766 116349 112608 113548 112800 107029 121407 135054 
112432 113847 127615 114473 137097 107959 105701 119735 98031 109495 93381 117144 100709 132634 113456 90080 111087 113943 110055 108404 122261 115966 118483 105535 117188 132441 121436 103713 94576 117796 122066 110840 102010 127390 121897 107674 118908 111648 123598 102959 103542 134612 115863 111556 99480 109223 95676 112490 117120 134070 
130254 115669 145638 117966 152841 119292 119743 124557 117300 117082 110030 125455 110459 145590 131177 111573 131325 111534 125037 126161 130710 131789 121879 124473 129728 153602 127168 105983 114415 123857 133877 117632 119294 125489 133595 116334 136221 114010 151761 111394 121387 141830 132882 137018 111559 130364 121684 120388 126508 140386 
108432 110402 125382 113651 136484 104243 105938 114683 109549 106710 104170 99808 90418 122756 105629 101921 131617 113354 102979 113621 113427 115305 114373 115867 99768 129999 114911 94607 101218 114369 116691 111317 108872 119045 120041 117430 125886 93219 128686 102498 111233 125050 114620 110920 102955 119268 107375 113614 113376 132428 
124902 125108 143637 120413 147012 126904 108771 126260 115069 115748 110889 125372 109625 135629 130523 104034 135082 118778 132052 122578 124279 118687 123158 123320 126336 141539 126439 106924 107019 120751 132143 113829 105560 128256 146792 127282 141880 123308 131835 115484 120152 140877 149649 130735 111975 119737 126393 125471 127688 121401 
113189 114273 131785 99540 130817 105266 107756 117568 102785 103403 102299 115844 95537 121812 108875 83988 119247 98710 109809 102095 102267 112908 102812 107542 108124 134335 114658 96019 96703 113396 118299 96260 108005 118406 117467 107723 121321 99590 122234 99007 100568 124645 109600 116976 97565 102890 98632 96372 117575 128936 
131230 123600 156267 130754 132246 124856 110527 135290 131665 123084 117368 134641 117447 147727 141934 119242 137590 131641 126061 133006 122435 138549 124030 129342 133053 155011 125624 115400 116024 139849 144818 117038 117088 141921 134396 121220 140957 117469 147286 122493 130109 137544 120784 145468 124056 134873 114123 123796 134183 140874 
120627 122087 149520 121950 145111 119052 104709 132918 130681 115047 108834 134090 115036 149205 130198 105990 134705 124453 125469 126062 123328 129962 121326 121310 134456 146814 121075 114280 116181 134031 135017 113718 121740 147276 138834 127461 139125 120689 144709 118816 122377 132538 132236 143072 124582 138207 118329 128432 141018 140156 
128091 121292 142727 127362 149973 126478 115762 134340 116891 134009 124584 138673 121170 142679 131782 105074 136549 121055 132759 131034 133317 130659 131368 120119 138621 153822 130906 114603 107140 138418 145660 123919 125104 139383 139249 141793 148226 128353 138768 126291 120482 145922 137868 132285 122010 129088 132636 114495 136586 138065 
