50
125336 144661 111514 122023 99449 109797 109364 132309 136819 126431 125092 111400 113234 133918 122475 111781 132924 145027 106920 137868 138497 122601 122366 115135 114075 125327 123113 118502 114132 117028 141808 128383 139544 114831 121609 119107 100239 131026 105997 119874 107656 123184 137359 125252 136302 123793 136145 147559 125977 115640 
138395 151401 124287 121822 115214 123947 120134 153181 137561 135494 145665 130904 138186 146119 129383 128039 138776 152803 119120 147473 155431 125064 150117 128227 136588 143087 129790 136302 109390 128585 141288 133722 146387 128371 125199 114937 129049 141653 116669 130334 112828 133397 139500 135633 151332 139859 126788 163561 154446 144123 
106203 111613 94164 106241 98941 93872 83439 103497 113751 110966 101267 108784 99282 107479 100685 97240 104692 107421 78002 110871 125244 102966 108477 91675 103134 101644 109713 100066 85421 94492 116943 114292 123894 99703 98319 86476 82828 112618 94808 93001 90373 106356 109959 117247 111294 106143 110354 131756 101248 109794 
122489 137747 111492 121880 96062 121290 111881 136469 120958 137202 120699 111292 125849 125089 123690 117461 123777 134917 105048 137732 139453 113710 137839 115460 108339 123478 129086 111816 110288 110191 128599 113079 132014 118317 124824 121161 98101 131380 104460 128944 114762 130388 124109 130992 129884 123333 128447 140835 129813 127167 
110032 117176 98212 111345 82915 96678 98191 107850 120362 104904 121531 101429 110508 118933 105401 104970 110856 124177 94886 125481 123404 109026 115406 98870 103739 119049 94323 101382 91976 101476 117467 115228 114306 103535 98056 107851 92692 124719 92577 97704 92145 106254 115260 111688 115901 111707 116195 118788 110932 97519 
111652 127141 108201 114320 82887 98641 103608 116723 127147 118397 120458 106634 111867 125161 111895 113216 120200 135287 98631 127947 131044 107933 117214 105201 118244 122539 109307 118965 98913 103269 122443 117693 133774 110975 103491 106526 95742 123028 94752 107321 94002 115459 128027 119795 114623 119463 116697 128123 138926 120183 
110091 126349 112194 107336 107932 103169 100149 121428 123266 112568 120285 103626 113782 123635 116303 115875 127458 136549 102809 123358 131432 103727 123550 109940 121369 117436 117250 115962 99910 105514 135071 121132 128838 116137 110052 104154 107582 129039 96198 101104 105249 113266 121312 112691 125836 127060 121477 137067 132033 123641 
138413 157958 126076 147837 130564 131154 116682 149815 147906 150083 141259 131147 136722 143822 134667 114780 133432 167460 132252 141685 158015 137763 141424 124543 131611 153205 129505 137812 129856 127925 138911 155545 151770 129723 125066 133262 125333 151222 119919 130857 120014 136249 126665 143527 143933 141466 153147 155825 157751 146996 
125503 127911 110061 131598 96884 113313 115051 134858 129069 124076 130909 117171 125812 124569 117530 111487 123532 143343 98979 139974 138199 125009 130953 111490 121556 134092 123194 121298 101974 111614 124691 123648 146260 120516 108184 110932 108632 120861 111456 115357 105691 127703 124335 124039 132919 128145 125293 137845 151705 134672 
120918 134916 109953 120347 114425 113922 97624 129262 118888 123005 123760 113127 125277 117438 117261 105891 120402 131830 109613 126069 138819 107345 127628 109809 124709 129912 118112 115233 108438 113341 125784 132746 126064 114295 114816 113857 105158 121385 108107 112184 109431 123331 110921 121010 138906 132445 125950 139855 134221 121968 
121149 133169 110266 123502 112126 116061 116323 120760 124042 126650 127296 125176 130539 133247 127027 113055 129682 138658 105102 140665 135265 117952 127231 122926 122656 131178 115998 124154 102899 117644 136466 128657 140994 103119 109439 105323 108761 136692 111953 111666 108626 124147 129490 137188 131089 110905 124550 144178 142413 122902 
127475 129754 117151 118720 104887 110976 103147 145759 142180 129875 127925 103961 111322 136353 126157 111438 139548 140860 100828 143653 124476 119948 113425 115971 123071 116043 117320 113368 102274 125624 129382 109843 137992 112991 115280 116768 106521 125135 114600 116842 97746 129416 129288 118659 135800 123911 118748 134196 141863 122750 
124976 134343 104250 131941 104366 103794 120083 127281 131178 120622 132512 117539 129051 126528 120525 119580 129908 144867 109241 130083 141916 123197 127829 118874 124753 134657 113622 131382 106889 114665 127458 125076 141982 118650 106738 111263 114470 142506 101884 109546 99321 120280 134831 120622 130330 128015 127862 140759 128245 134592 
135007 138169 109909 130285 108218 117920 110323 145394 144193 132040 132198 128664 136520 148644 127938 126591 120795 145923 107522 142174 148715 129553 132481 118231 111065 139261 130482 126288 109767 128188 138096 133958 146323 111803 112260 108296 110845 130383 114659 124769 109798 118711 132918 136643 129983 126354 136409 149925 143783 135894 
119308 116501 93444 104013 102989 110333 103548 116159 117227 123460 104087 108947 115540 122811 127142 105910 121324 122401 106242 129876 129015 104584 115290 103999 110281 114748 108161 110295 99663 104134 126532 114318 117472 94056 112841 106779 97506 127046 97213 102536 107466 107071 116173 116785 120433 117374 120224 132510 122866 117057 
97241 119219 98227 108327 91396 98798 86553 105211 105061 112333 104593 91597 101766 106364 115040 94984 104909 113197 92475 112351 112557 103842 101026 108037 103801 113788 107539 98219 92104 93435 104985 116204 108012 100537 93867 104762 97498 108572 89141 104538 83180 109033 104225 102857 119566 119095 103300 121156 113408 102190 
135850 142395 111131 138169 114661 114292 126443 139003 128231 136972 144600 133088 143971 123030 122677 122336 124289 146799 120246 142374 147129 124569 146336 122129 141915 150565 121584 131357 113068 115557 128736 137840 145255 131769 122857 122873 111299 133700 112963 130717 116346 128377 126533 141829 133301 134572 147362 155382 155643 138156 
154081 151784 135095 147646 117225 123695 132429 159192 150432 154380 155289 131605 138037 151293 152950 134680 154692 157298 123291 170866 152033 129391 149507 136105 142543 154484 139257 139273 124115 134991 159372 148313 155974 129046 135113 131253 124631 143032 131440 135499 128300 142684 149434 135166 149383 145485 151205 154298 167640 152345 
108701 129446 107513 125823 96056 109222 101142 124205 125472 121503 120114 101957 124101 127526 115940 105943 116215 138105 109604 125620 134664 115842 124014 111190 106857 126062 119590 121276 104640 118387 131240 127904 119759 125468 105792 109195 106499 131511 99970 124057 93630 122056 121439 116905 133809 133656 127796 133827 125689 127720 
132444 132710 123026 124236 97840 124881 105442 127544 133832 124249 124455 108932 118634 137007 131497 115129 128682 140241 103629 128164 144292 129302 124148 113875 122332 131388 110623 123345 106817 119638 135162 130707 124545 123961 124242 127941 104589 131698 102676 119425 103867 124157 125425 130023 134324 129390 124199 142184 137623 125896 
93873 98869 87648 96927 72933 83913 91200 97140 109333 100918 102552 90654 90032 98453 91014 90394 102212 105323 84167 115655 113747 99736 97117 91373 97496 107248 87136 89768 77465 90989 100183 103256 108076 88509 86623 94234 70871 98933 85604 87106 77587 95114 102474 100598 97013 94546 90508 101448 105525 96145 
111908 125805 108295 104060 97949 106993 99083 127844 115487 115282 113570 96844 110111 124074 112915 110630 116470 124389 90947 114280 130219 113921 124420 110508 113688 116329 112637 107098 93649 111143 118666 109963 118812 103481 114714 113384 110375 122530 105336 106300 104105 119646 103829 114274 127329 120129 117632 133592 120673 109436 
135294 146808 122477 139889 111015 123884 126164 143215 140865 145514 139868 129190 135296 140910 132779 127834 144624 146233 117392 149397 167513 136083 142791 118565 135298 142820 130253 127618 111174 126365 144849 140078 148161 125429 128957 126148 115798 142978 117645 127249 120664 140602 133778 144954 141348 131935 136003 160953 137188 137650 
130507 128705 117203 128518 96710 111679 104120 137057 132140 128089 121320 118059 111689 127339 122044 112970 132733 137057 100974 127730 136636 122440 122412 112144 118521 120884 119122 114747 118490 108511 137841 124304 138149 127940 112565 119741 102053 131037 106818 120545 106478 125643 135852 120392 129452 128715 136880 132993 132410 130758 
130950 133546 112013 141269 108972 114359 118173 141134 141567 139952 135757 126113 130260 128394 131943 114712 143696 145456 113845 137623 148897 125670 128808 123391 129766 135966 120475 118738 105587 124375 141019 131299 142027 129183 119722 122009 117144 139153 109897 118525 107429 133438 137500 130993 139618 144257 121016 151241 141873 139104 
101187 117273 98266 101162 97352 90678 89625 119078 106489 112537 104822 97953 98904 107718 101214 93119 110133 114938 93046 113768 119393 102530 105563 102112 97339 104567 103437 99492 95330 94673 105774 109332 105656 97124 102569 114401 91266 115368 97178 107409 90061 102243 103642 108450 107944 107221 109162 113517 119262 107044 
126732 136360 115646 134954 104495 106440 111993 128415 124224 129592 126797 123018 117686 129727 122739 113064 116546 128059 102695 134441 137785 116992 132738 116828 120222 138541 114810 120346 111123 111655 121865 127679 125522 115081 113082 104997 104463 124869 103431 117641 97227 131685 121045 127271 129322 121147 120170 143272 130466 130307 
126485 131056 105502 113128 100944 118269 112733 129192 121390 132722 115912 111982 124067 133573 124992 114671 115382 132009 103658 140855 135091 116666 127161 102050 96617 132687 111923 114987 93186 105322 124840 121693 134792 101391 115762 117458 100737 122653 95021 108077 106690 118866 114752 120339 122543 116585 117673 142338 128356 116267 
116986 132991 97225 115427 99805 99867 104481 126078 119529 129890 120457 104121 115590 120805 110723 106683 115842 130197 113798 132495 128040 116165 120424 109143 113390 126502 112048 119872 98522 106017 117557 126443 128249 110566 104293 109705 106851 124365 104024 113538 96494 109916 121784 108783 123131 121764 126621 137528 119685 119736 
123719 151735 119769 123586 102811 114044 105646 142676 137615 132142 130917 110602 121271 139850 122705 116479 123883 151049 108070 132547 140150 123180 127731 122904 121240 133365 131229 124003 115216 126107 133530 134482 144159 114085 122235 119039 107109 131165 111006 126342 104801 124019 129606 125077 138147 126847 136071 149187 139174 127933 
119886 128790 108783 126111 86868 106691 104448 115716 120877 124327 124036 112911 125511 126881 116674 113040 126905 135562 95098 124545 134010 123166 111466 119371 117553 124850 111348 120355 106100 106707 114514 116797 133687 102184 101790 113844 110746 126275 106946 107889 109023 117492 125508 118198 129663 113517 116871 131395 125920 128468 
80036 96705 82631 93630 77113 80622 75185 99201 98798 95357 87284 82647 91163 95295 90270 88175 83114 99741 90673 100896 98222 82013 95501 87347 82617 97100 92525 77496 88529 84089 92830 99699 98110 91122 82178 73931 76046 90082 80426 89363 76324 81173 87852 96260 92712 101545 98864 103583 99318 93776 
137175 152961 129158 133474 124387 136243 121410 148656 150879 145493 145354 130836 142172 149275 143409 134068 142460 160128 129122 164136 170934 138572 152775 128959 133908 145403 143539 139170 112997 130230 145542 150824 154481 136171 126009 135989 120531 147727 114766 133842 110217 132167 154505 143264 154479 152294 136486 169640 152511 142191 
131532 139064 112487 131210 104280 124934 114028 146601 137973 142496 132469 127412 139301 141559 138414 124468 137863 149167 122682 150495 149943 124105 138805 116976 124022 136335 127366 128776 114732 119848 135678 134325 149052 127174 123747 119693 109056 144622 113273 131613 109942 127297 138824 138155 138266 139166 131780 149317 149848 136794 
99378 119372 94331 112291 89252 97186 85244 121608 108413 108012 102518 81093 94710 112876 106876 95199 101843 111941 93880 109996 112632 94432 107115 93883 107567 104565 108289 100699 94002 109027 106816 106776 111912 84415 102602 92951 92768 98527 89503 102155 85571 94496 101254 105801 105352 97818 110652 116038 112265 107298 
127974 140505 116954 129159 93656 117432 114640 131362 127811 133960 131982 118589 123021 130479 117141 109720 134363 141613 107066 140886 147936 119962 129185 111353 123792 129074 118331 121549 105163 117226 139867 136296 137285 122647 119740 118272 116097 134562 109365 120289 111447 132108 136281 125365 136585 121810 128857 140950 131890 133313 
111203 129884 104109 113408 104452 105866 99679 121952 115353 118693 115906 118762 112415 123280 116333 106386 111154 135326 91545 133749 131461 124157 127060 116543 110044 133401 120901 126067 105418 98512 114077 125620 130846 111083 108451 124219 92308 119420 102542 118800 99703 125768 110212 113890 132177 121210 128167 137836 124060 125063 
139016 164573 116122 136144 129588 129710 119386 140910 142958 128393 141587 126549 147859 134432 126525 127803 135045 146785 125576 137037 153936 130136 143470 135167 141757 146865 131085 136943 120430 131354 145613 137405 146167 124909 113807 120296 127373 147508 115891 132423 106288 127499 132653 145935 141458 143786 143980 169119 149277 134835 
114071 129637 119521 128479 110144 115275 112013 128849 127235 132716 128555 111738 119264 131839 132699 110332 140103 144393 116934 142245 138851 132454 129077 131507 126187 131409 119445 109102 106666 117663 136179 132128 127551 130191 128730 126636 102818 134005 119781 117917 111814 143315 123229 133935 134734 134485 124810 139595 143925 127298 
133436 139803 104009 119261 109560 114953 118521 137138 127666 123347 112150 119631 124961 125445 120592 114163 127197 131175 113913 135714 136609 121317 131316 107368 112621 138733 112567 122481 106344 104362 123003 116041 134138 112547 112825 117261 113844 127113 103376 118474 97128 122854 111827 124378 124866 134540 134122 144370 139522 118317 
117474 125104 112928 120981 101562 103736 96469 125974 116361 121068 111699 110847 110348 116145 131996 106881 137258 131954 114386 132201 129159 105706 112994 102054 114064 123887 116145 118721 101210 99800 134112 126878 138032 116049 123508 115086 95603 122546 94337 106517 105674 107750 121116 121855 127103 126583 125531 133819 126237 122757 
123189 125198 105375 126528 99451 106175 106212 130385 121695 131288 130638 125358 117871 129099 123298 109806 130784 139748 99651 128464 138863 125621 124765 115500 122097 127089 114381 117755 106939 109883 123110 127305 133953 110573 105964 100288 105307 133174 115479 108319 109336 128914 121682 111776 136650 119420 114268 142993 121798 133731 
115706 111162 111549 121022 101711 99770 96479 123310 120629 119454 120495 108357 117230 107692 113651 105360 120045 124656 95058 118893 132141 110400 113262 98523 118505 111556 112968 115727 95501 107049 119866 119404 119936 112008 102720 106213 107160 119722 99060 102624 101234 113966 115930 105437 121715 116992 112848 121393 130873 130758 
116847 133020 99321 108938 96310 105198 108884 128566 120969 126471 122134 111481 119466 120911 111263 107197 123936 134751 99478 130568 136941 117129 120223 114271 115432 128377 116802 121727 86894 114726 119578 114744 130664 121680 115061 109573 107647 127281 102988 124550 96516 128811 118754 123114 134038 122844 117438 137782 123767 126258 
132580 143233 119427 136766 105286 116291 114011 143390 127495 133605 140599 119780 140163 140272 127164 121959 125808 150794 110073 133272 148557 125038 135962 119778 126341 134361 129749 132296 120663 122332 129628 127933 137046 117736 112528 117246 125326 142347 115199 126870 115567 133138 129610 128347 142757 129058 134750 147432 147609 139982 
130962 142236 107941 138931 106844 118636 125154 137882 141080 136333 139614 110861 127442 138318 136463 128785 137695 150011 110885 142128 142043 130002 140508 127044 121378 143898 128578 123749 106419 130865 136643 128016 145750 120866 119432 114910 114587 137636 117197 130780 104514 130372 134857 131111 140058 132673 127239 154405 144707 142043 
118349 118047 110355 113153 99649 105379 106938 133588 122706 123606 123127 114440 118179 134141 115089 108692 121030 136168 87694 133639 144187 116015 124175 109060 108199 113857 113327 115813 96245 107725 123163 117153 118794 109555 116172 107981 112668 127904 102587 97374 114076 125117 115803 107345 117387 111706 107904 130388 119358 131489 
113561 129514 103625 113224 110620 110162 100018 133583 136455 126094 124515 108999 120798 129162 117762 114025 125407 135316 101157 130759 145936 124899 130417 117056 116161 122330 125685 118775 99722 121831 124524 119591 130439 117886 106690 123452 99951 133381 114296 121719 95525 122223 128480 129540 125007 131062 117868 135167 134606 122673 
121064 141003 116869 121897 99370 121695 103993 143107 144390 131742 130349 116013 121839 138246 121917 122346 133088 151424 106521 142486 143717 124613 128590 121240 118406 128657 126690 110436 118891 114661 128848 132874 144876 121293 112960 126392 106916 135284 114156 116824 109948 128534 135099 114526 137133 138559 124883 133200 138655 127408 
142435 160184 132404 149276 115123 133620 130670 146642 152918 146904 148183 120048 135819 143595 134997 123911 156047 168228 135341 156615 162410 128152 147155 127045 142573 155366 129591 143072 123479 139295 160811 148793 142544 148446 134909 130798 130970 149758 118229 134266 122803 146816 150225 138696 153939 148253 138094 157491 157453 162473 
